#BEST_LENGTH_HISTORY
14.619
14.0721
13.5585
12.8773
12.6296
12.3774
11.8986
11.4982
11.2942
10.7132
10.4585
9.94918
9.94918
9.70445
9.17204
9.17204
8.97458
8.8006
8.4073
8.15915
8.05226
7.87118
7.2271
7.03283
6.91352
6.90215
6.67707
6.56948
6.24723
6.20307
6.20307
6.13632
6.07184
5.88002
5.70463
5.52621
5.39491
5.35046
5.35046
5.35046
5.35046
5.32719
5.25692
5.23366
5.21982
5.21982
5.21298
5.19915
5.19915
5.19915
5.19915
5.19915
5.19915
5.19529
5.17597
5.15428
5.15428
5.1054
5.1054
5.1054
5.1054
5.1054
5.1054
5.1054
5.1054
5.1054
5.1054
5.1054
5.1054
5.1054
5.1054
5.1054
5.1054
5.1054
5.10154
5.10154
5.10154
5.10154
5.10154
5.10154
5.10154
5.10154
5.10154
5.10154
5.10154
5.10154
5.10154
5.10154
5.10154
5.10154
5.10154
5.10154
5.10154
5.10154
5.10154
5.10154
5.10154
5.10154
5.10154
5.10154
5.10154
5.10154
5.10154
5.10154
5.10154
5.10154
5.10154
5.10154
5.07808
5.07808
5.07808
5.07808
5.07808
5.07808
5.07808
5.07808
5.07808
5.07808
5.07808
5.07808
5.07808
5.07808
5.07808
5.07808
5.07808
5.07808
5.07808
5.07808
5.07808
5.07808
5.07808
5.07808
5.07808
5.07808
5.07808
5.07808
5.07808
5.07808
5.07808
5.07808
5.07808
5.07808
5.07808
5.07808
5.07808
5.07808
5.07808
5.07808
5.07808
5.07808
5.07808
5.07808
5.07808
5.07808
5.07808
5.07808
5.07808
5.07808
5.07808
5.07808
5.07808
5.07808
5.07808
5.07808
5.07808
5.07808
5.07808
5.07808
5.07808
5.07808
5.07808
5.07808
5.07808
5.07808
5.07808
5.07808
5.07808
5.07808
5.07808
5.07808
5.07808
5.07808
5.07808
5.07808
5.07808
5.07808
5.07808
5.07808
5.07808
5.07808
5.07808
5.07808
5.07808
5.07808
5.07808
5.07808
5.07808
5.07808
5.07808
5.07808
