#HALF_LENGTH_HISTORY
17.835
17.0573
16.3531
15.7568
15.4108
15.0721
14.7441
14.342
14.1124
13.9219
13.3819
13.05
12.6594
12.3366
11.9141
11.6267
11.4346
11.2621
11.0373
10.7292
10.546
10.3971
9.96601
9.7201
9.49238
9.34156
9.12942
8.9407
8.86842
8.6295
8.25857
8.26101
8.0434
8.11942
8.0816
7.91813
7.75339
7.70516
7.5031
7.32524
7.34404
7.31778
7.28142
7.36013
7.22145
7.06658
7.16655
7.26056
7.1749
7.16264
7.01721
7.16296
7.20781
7.20979
7.12076
7.20844
7.13746
7.26194
7.18592
7.15912
7.09938
7.07534
6.96555
6.99046
6.98545
6.9066
6.92375
7.02272
6.88906
7.0108
6.99224
7.02672
7.10583
6.95566
6.97834
6.95901
7.16689
7.3157
7.417
7.3922
7.49975
7.30712
7.29163
7.24107
7.35687
7.27295
7.19655
7.30051
7.21697
7.21489
6.96914
7.00873
6.97759
7.01192
7.04764
6.89618
7.01268
6.96631
6.88232
6.94312
7.0496
6.96136
6.97098
7.08672
6.92578
6.81064
6.8944
6.92146
6.93607
6.95584
7.01016
6.92378
6.9953
7.19402
7.21342
7.34696
7.39478
7.43423
7.38719
7.41576
7.28976
7.26903
7.02478
7.03993
7.01428
7.06905
7.05278
6.89301
6.96321
6.79869
6.93927
6.9769
6.93655
7.0356
6.98187
7.04912
7.11118
7.01487
6.91306
6.95903
6.91918
6.90605
6.87079
6.83758
6.91235
6.89884
6.88545
6.8258
6.93484
6.9068
7.00325
7.02904
7.01054
6.95521
6.95386
6.85956
6.84942
6.92817
7.01189
7.15242
7.04398
6.97907
7.18517
7.10336
6.98101
7.08001
6.96173
6.90952
6.9959
6.84761
6.89724
7.09472
7.02776
6.9916
6.99327
6.96057
6.92017
6.94003
6.96763
6.86145
6.94063
6.93994
7.00693
7.05444
7.10057
7.08087
6.92423
7.28877
7.18222
6.96045
6.96753
7.0127
6.93959
6.8571
7.02033
6.96653
6.87586
6.88706
6.85874
6.71795
