#BEST_LENGTH_HISTORY
433.713
417.286
404.762
387.984
362.347
358.482
346.197
324.886
317.88
311.387
303.721
292.39
292.39
281.939
271.947
267.064
264.909
261.507
250.208
246.338
237.98
237.778
237.587
234.505
231.813
230.332
228.503
224.296
221.654
217.681
215.443
214.652
213.206
209.093
207.19
205.156
205.156
203.085
202.662
201.174
200.117
199.198
199.198
192.856
190.65
189.96
189.345
187.928
186.315
185.3
183.157
183.157
180.545
180.545
180.545
178.474
178.369
177.889
176.169
172.536
171.604
171.604
169.503
169.503
167.649
166.649
164.021
164.021
161.23
161.23
159.122
159.122
158.987
157.429
157.429
156.388
156.003
154.31
154.31
153.404
153.404
152.421
151.635
151.107
150.085
148.871
147.643
144.056
144.056
144.056
141.965
141.24
141.24
139.938
139.159
139.159
138.09
138.09
137.112
136.837
136.837
133.692
133.362
132.981
132.585
129.517
129.517
129.517
128.883
128.883
128.505
127.362
126.185
126.185
126.185
123.816
123.816
123.619
123.246
123.246
122.135
122.135
121.938
120.986
120.986
120.03
120.03
119.521
119.521
118.658
118.658
118.518
117.214
116.952
116.794
115.472
115.472
115.472
115.472
115.472
115.259
113.83
113.83
113.614
113.234
113.056
112.193
111.713
111.206
111.206
110.457
109.963
109.963
109.142
109.142
109.142
108.984
107.851
107.404
107.235
105.496
104.788
104.788
104.277
104.277
103.944
103.944
103.299
101.864
101.864
101.864
101.864
101.29
101.29
101.29
100.312
100.312
99.8623
99.7107
99.7107
99.7107
99.7107
99.1766
99.0952
99.0952
98.7356
98.7356
98.7356
98.7356
98.7356
98.7356
98.1353
97.9354
97.9354
97.8379
97.8379
97.8379
97.8379
97.1872
97.1872
97.1872
96.7798
96.7798
96.7798
96.7798
96.7798
96.7458
96.435
92.5621
92.5621
92.5621
92.5621
92.5621
92.4951
92.4951
91.5869
91.5869
91.5869
91.3368
91.3368
91.3368
90.9763
90.8609
90.8609
90.8609
90.8609
90.7361
90.3015
90.3015
89.7808
89.7808
89.7808
89.656
88.1228
88.1228
88.1228
88.1228
87.8935
87.8935
87.8935
87.8864
87.8864
87.3839
87.3839
87.3839
87.3768
87.3768
87.3768
87.3768
87.3768
87.3768
86.74
86.74
86.6939
86.6939
86.6939
86.6939
86.6939
86.6939
86.1434
86.0748
86.0748
85.7017
85.5756
85.5756
85.5325
85.5325
85.5325
84.831
84.831
84.8195
84.1181
84.1181
84.1181
84.1181
84.1181
83.9121
83.9121
83.9121
83.9121
83.9121
83.9121
83.9121
83.6833
83.6833
83.6833
83.6833
83.6709
83.6709
83.6709
83.2192
83.2192
83.2192
83.2068
83
83
82.9876
82.9876
82.9876
82.9876
82.9876
82.9876
82.9599
82.9599
82.9599
82.9599
82.9599
82.9599
82.9599
82.9599
82.9599
82.9599
82.7513
82.7513
82.7513
82.7513
82.7513
82.7513
82.7513
82.7513
82.7513
82.7513
82.7513
82.6281
82.6281
82.184
82.184
82.184
82.184
82.184
81.5381
81.5381
81.5381
81.5381
81.5381
81.0763
81.0763
81.0763
81.0763
81.0763
81.0763
81.0763
81.0763
80.7956
80.7956
80.7956
80.5908
80.3101
80.3101
80.3101
80.3101
80.2532
80.1249
80.1249
80.1249
80.1249
80.1249
80.1249
80.1249
79.7186
79.7186
79.6166
79.6166
79.2102
79.2102
79.1479
79.1479
79.11
79.0477
79.0477
78.9309
78.9309
78.9309
78.9309
78.8177
78.8177
78.5142
78.5142
78.3573
78.3573
78.3218
78.3218
77.7005
77.7005
77.7005
77.5299
77.5299
77.5299
77.5299
77.5299
77.5299
77.4226
77.3644
77.3644
77.2571
77.2571
77.2571
77.2571
77.2571
77.1757
77.1757
77.1757
77.1757
77.1757
77.0386
77.0386
77.0386
77.0386
77.0386
76.8089
76.8089
76.8012
76.8012
76.8012
76.8012
76.3298
76.3298
76.3298
76.3298
76.3298
76.3298
76.3298
76.3298
76.3298
76.3298
76.3298
76.3298
76.3298
76.3298
76.3298
76.3298
76.3298
76.3298
76.3298
76.3298
76.3298
76.3298
76.3298
76.2352
76.2352
76.2352
76.2352
76.2352
76.2352
76.2156
76.2156
76.2156
76.2156
76.2156
76.2156
76.2156
76.2156
76.2156
76.2156
76.2156
76.2156
76.2156
76.2156
76.2156
76.2156
76.2156
76.2156
76.2156
76.2156
76.2156
76.2156
76.2156
76.2156
76.2156
76.2156
76.2156
76.2156
76.2156
76.2156
76.2156
75.9658
75.9658
75.7881
75.7881
75.7881
75.7881
75.7881
75.7881
75.7881
75.7881
75.7881
75.7881
75.7881
75.7881
75.7881
75.7881
75.5383
75.5383
75.5383
75.5383
75.5383
75.5383
75.2523
74.9042
74.9042
74.9042
74.9042
74.9042
74.9042
74.6537
74.6537
74.4704
74.4704
74.4704
74.4704
74.4704
74.4704
74.4704
74.4704
74.4704
74.4704
74.4704
74.4704
74.4704
74.4704
74.4704
74.4704
74.4704
74.4704
74.4704
74.4704
74.4704
74.4704
74.4704
74.4704
74.4704
74.4704
74.4704
74.4704
74.4704
74.4704
74.3214
74.3214
74.3214
74.3214
74.3214
74.3214
74.3214
74.3214
74.3214
74.3214
74.3214
74.3214
74.3214
74.3214
74.3214
74.3214
74.3214
74.3214
74.3214
74.3214
74.3214
74.3214
74.3214
74.3214
74.3214
74.3214
74.3214
74.3214
74.1249
74.1249
74.1249
74.1249
74.1249
74.1249
74.1249
74.1249
74.1249
74.1249
74.1249
74.1249
74.1249
74.1249
74.1249
74.1249
74.1249
74.1249
74.1249
74.1249
74.1249
74.1249
74.1249
74.1249
74.1249
74.1249
74.1249
74.1249
74.1249
74.1249
74.1249
74.1249
74.1141
74.1141
74.1141
74.1141
74.1141
74.1141
74.1141
74.1141
74.1141
74.1141
74.1141
74.1141
74.1141
74.1141
74.1141
74.1141
74.1141
74.1141
74.1141
74.1141
74.1141
74.1141
74.1141
74.1141
74.1141
74.1141
74.1141
74.1141
74.1141
74.1141
73.9853
73.9853
73.9853
73.7294
73.6005
73.6005
73.6005
73.6005
73.6005
73.2112
73.2112
73.2112
73.2112
73.2112
73.2112
73.2112
73.2112
73.2112
73.2112
73.2112
73.2112
73.2112
73.2112
73.0671
73.0671
72.9183
72.9183
72.9183
72.9183
72.9183
72.9183
72.9183
72.9183
72.9183
72.9183
72.9183
72.9183
72.9183
72.9183
72.9183
72.9183
72.9183
72.9183
72.9183
72.2838
72.2838
72.2838
72.2838
72.2838
72.2838
72.2838
72.2838
72.2838
72.2838
72.2838
72.2838
72.2838
72.2838
72.2838
72.2838
72.2755
72.2755
72.2755
72.2755
72.2755
72.2755
72.2755
72.2755
72.2755
72.2755
72.2755
72.2755
72.2755
72.2755
72.2755
72.2755
72.2755
72.2755
72.2755
72.2755
72.2755
72.2755
72.2755
72.2755
72.06
72.06
72.06
72.06
72.06
72.06
72.06
72.06
72.06
72.06
72.06
72.06
72.06
72.06
72.06
72.06
72.06
72.06
72.06
72.06
72.06
72.06
72.06
72.06
72.06
72.06
72.06
72.06
72.06
72.06
72.06
72.06
72.06
72.06
72.06
72.06
72.06
72.06
72.06
72.06
72.06
72.06
72.06
72.06
72.06
72.06
72.06
72.06
72.06
72.0369
72.0369
72.0369
72.0369
72.0369
72.0369
72.0369
72.0369
71.6195
71.6195
71.6195
71.6195
71.6195
71.6195
71.6195
71.6195
71.6195
71.6195
71.4722
71.4722
71.4722
71.4722
71.4722
71.4722
71.4722
71.4722
70.9969
70.9969
70.9969
70.9969
70.9969
70.9969
70.9969
70.9969
70.9969
70.9969
70.9969
70.9969
70.9969
70.9969
70.8527
70.8527
70.8527
70.8527
70.8527
70.8527
70.8527
70.8527
70.8527
70.8527
70.8527
70.8527
70.8527
70.8527
70.8527
70.8527
70.8527
70.8527
70.8527
70.8527
70.8527
70.8527
70.8527
70.8527
70.8527
70.8527
70.8527
70.8527
70.8527
70.8527
70.8527
70.8527
70.8527
70.8527
70.8527
70.8527
70.8527
70.8527
70.8527
70.8527
70.8527
70.8527
70.8527
70.8527
70.8527
70.8527
70.8527
70.8527
70.8527
70.8527
70.8527
70.8527
70.8527
70.8527
70.8527
70.8527
70.8527
70.8527
70.8527
70.8527
70.8527
70.8527
70.8527
70.8527
70.8527
70.8527
70.8527
70.8527
70.8527
70.8527
70.8527
70.8527
70.8527
70.8527
70.8527
70.8527
70.8527
70.8527
70.8527
70.6867
70.6867
70.6867
70.6867
70.6867
70.6867
70.6867
70.6867
70.6867
70.6867
70.6867
70.6867
70.6867
70.6867
70.6867
70.6867
70.6867
70.6867
70.6867
70.6867
70.6867
70.6867
70.6867
70.6867
70.6867
70.6867
70.6867
70.6867
70.6867
70.6867
70.6867
70.6867
70.6867
70.6867
70.6867
70.6867
70.6867
70.6867
70.6867
70.6867
70.6867
70.6867
70.6867
70.6867
70.6867
70.6867
70.6867
70.6867
70.6867
70.6867
70.6867
70.6867
70.6867
70.6867
70.6867
70.6867
70.6867
70.6867
70.6867
70.6867
70.6867
70.6867
70.6867
70.6867
70.6867
70.6867
70.6867
70.6867
70.6867
70.6867
70.6867
70.6867
70.6867
70.6867
70.6867
70.6867
70.6867
70.6867
70.6867
70.6867
70.6867
70.6867
70.6867
70.6867
70.6867
70.6867
70.6867
70.6867
70.6867
70.6867
70.6867
70.6867
70.6867
70.6867
70.6867
70.6867
70.6867
70.6867
70.6867
70.6867
70.6867
70.6867
70.6867
70.6867
70.6867
70.6867
70.6867
70.6867
70.6867
70.6867
70.6867
70.6867
70.6867
70.6867
70.6867
70.6867
70.6867
70.6867
70.6867
70.6867
70.6867
70.6867
70.6867
70.6867
70.6867
70.6867
70.6867
70.6867
70.6867
70.6867
70.6867
70.6867
70.6867
70.6867
70.6867
70.6867
70.6867
70.6867
70.6867
70.6867
70.6867
70.6867
70.6867
70.6867
70.6867
70.6867
70.6867
70.6867
70.6867
70.6867
70.6867
70.6867
70.6867
70.6867
70.6867
70.6867
70.6867
70.6867
70.6867
70.6867
70.6867
70.6867
70.6867
70.6867
70.6867
70.6867
70.6867
70.6867
70.6867
70.6867
70.6867
70.6867
70.6867
70.6867
70.6867
70.6867
70.6867
70.6867
70.6867
70.6867
70.6867
70.6867
70.6867
70.6867
70.6867
70.6867
70.6867
70.6867
70.6867
70.6867
70.6867
70.6867
70.6867
70.6867
70.6867
70.6867
70.6867
70.6867
70.6867
70.6867
70.6867
70.6867
70.6867
70.6867
70.6867
70.6867
70.6867
70.6867
70.6867
70.6867
70.6867
70.6867
70.6867
70.6867
70.6867
70.6867
70.6867
70.6867
70.6867
70.6867
70.6867
70.6867
70.6867
70.6867
70.6867
70.6867
70.6867
70.6867
70.6867
70.6867
70.6867
70.6867
70.6867
70.6867
70.6867
70.6867
70.6867
70.6867
70.6867
70.6867
70.6867
70.6867
70.6867
70.6867
70.6867
70.6867
70.6867
70.6867
70.6867
70.6867
70.6867
70.6867
70.6867
70.6867
70.6867
70.6867
70.6867
70.6867
70.6867
70.6867
70.6867
70.6867
70.6867
70.6867
70.6867
70.6867
70.6867
70.6867
70.3125
70.3125
70.3125
70.3125
70.3125
70.3125
70.3125
70.3125
70.3125
70.3125
70.3125
70.3125
70.3125
70.3125
70.3125
70.3125
70.3125
70.3125
70.1411
70.1411
70.1411
70.1411
70.1411
70.1411
70.1411
70.1411
70.1411
70.1411
70.1411
70.1411
70.1411
70.1411
70.1411
70.1411
70.1411
70.1411
70.1411
70.1411
70.1411
70.1411
70.1411
70.1411
70.1411
70.1411
70.1411
70.1411
70.1411
70.1411
70.1411
70.1411
70.1411
70.1411
70.1411
70.1411
70.1411
70.1411
70.1411
69.9886
69.9886
69.9886
69.9886
69.9886
69.9886
69.9886
69.9886
69.9886
69.9886
69.9886
69.9886
69.9886
69.9886
69.9886
69.9886
69.9886
69.9886
69.9886
69.9886
69.9886
69.9886
69.9886
69.9886
69.9886
69.9886
69.9886
69.9886
69.9886
69.9886
69.9886
69.9886
69.9886
69.9886
69.9886
69.9886
69.9886
69.9886
69.9886
69.9886
69.9886
69.9886
69.9886
69.9886
69.9886
69.9886
69.9886
69.9886
69.9886
69.9886
69.9886
69.9886
69.9886
69.9886
69.9886
69.9886
69.9886
69.9886
69.9886
69.9886
69.9886
69.9886
69.9886
69.9886
69.9886
69.9886
69.9886
69.9886
69.9886
69.9886
69.9886
69.9886
69.9886
69.9886
69.9886
69.9886
69.9886
69.9886
69.9886
69.9886
69.9886
69.9886
69.9886
69.9886
69.9886
69.9886
69.9886
69.9886
69.9886
69.9886
69.9886
69.9886
69.9886
69.9886
69.9886
69.9886
69.9886
69.9886
69.9886
69.9886
69.9886
69.9886
69.9886
69.9886
69.9886
69.9886
69.9886
69.9886
69.9886
69.9886
69.9886
69.9886
69.9886
69.9886
69.9886
69.9886
69.9886
69.9886
69.9886
69.9886
69.9886
69.9886
69.9886
69.9886
69.9886
69.9886
69.9886
69.9886
69.9886
69.9886
69.9886
69.9886
69.9886
69.9886
69.9886
69.9886
69.9886
69.9886
69.9886
69.9886
69.9886
69.9886
69.9886
69.9886
69.9886
69.9886
69.9886
69.9886
69.9886
69.9886
69.9886
69.9886
69.9886
69.9886
69.9886
69.9886
69.9886
69.9886
69.9886
69.9886
69.9886
69.9886
69.9886
69.9886
69.9886
69.9886
69.9886
69.9886
69.9886
69.9886
69.9886
69.9886
69.9886
69.9886
69.9886
69.9886
69.9886
69.9886
69.9886
69.9886
69.9886
69.9886
69.9886
69.9886
69.9886
69.9886
69.9886
69.9886
69.9886
69.9886
69.9886
69.9886
69.9886
69.9886
69.9886
69.9886
69.9886
69.9886
69.9886
69.9886
69.9886
69.9886
69.9886
69.9886
69.9886
69.9886
69.9886
69.9886
69.9886
69.9886
69.9886
69.9886
69.9886
69.9886
69.9886
69.9886
69.9886
69.9886
69.9886
69.9886
69.9886
69.9886
69.9886
69.9886
69.9886
69.9886
69.9886
69.9886
69.9886
69.9886
69.9886
69.9886
69.9886
69.9886
69.9886
69.9886
69.9886
69.9886
69.9886
69.9886
69.9886
69.9886
69.9886
69.9886
69.9886
69.9886
69.9886
69.9886
69.9886
69.9886
69.9886
69.9886
69.9886
69.9886
69.9886
69.9886
69.9886
69.9886
69.9886
69.9886
69.9886
69.9886
69.9886
69.9886
69.9886
69.9886
69.9886
69.9886
69.9886
69.9886
69.9886
69.9886
69.9886
69.9886
69.9886
69.9886
69.9886
69.9886
69.9886
69.9886
69.9886
69.9886
69.9886
69.9886
69.9886
69.9886
69.9886
69.9886
69.9886
69.9886
69.48
69.48
69.48
69.48
69.48
69.48
69.48
69.48
69.48
69.48
69.48
69.48
69.48
69.48
69.48
69.48
69.48
69.48
69.48
69.48
69.48
69.48
69.48
69.48
69.48
69.48
69.48
69.48
69.48
69.48
69.48
69.48
69.48
69.48
69.48
69.48
69.48
69.48
69.48
69.48
69.48
69.48
69.48
69.48
69.48
69.48
69.48
69.48
69.48
69.48
69.48
69.48
69.48
69.48
69.48
69.48
69.48
69.48
69.48
69.48
69.48
69.48
69.48
69.48
69.48
69.48
69.48
69.48
69.48
69.48
69.48
69.48
69.48
69.48
69.48
69.48
69.48
69.48
69.48
69.48
69.48
69.48
69.48
69.48
69.48
69.48
69.48
69.48
69.48
69.48
69.48
69.48
69.48
69.48
69.48
69.48
69.48
69.48
69.48
69.48
69.48
69.48
69.48
69.48
69.48
69.48
69.48
69.48
69.48
69.48
69.48
69.48
69.48
69.48
69.48
69.48
69.48
69.48
69.48
69.48
69.48
69.48
69.48
69.48
69.48
69.48
69.48
69.48
69.48
69.48
69.48
69.48
69.48
69.48
69.48
69.48
69.48
69.48
69.48
69.48
69.48
69.48
69.48
69.48
69.48
69.48
69.48
69.48
69.48
69.48
69.48
69.48
69.48
69.48
69.48
69.48
69.48
69.48
69.48
69.48
69.48
69.48
69.48
69.48
69.48
69.48
69.48
69.48
69.48
69.48
69.48
69.48
69.48
69.48
69.48
69.48
69.48
69.48
69.48
69.48
69.48
69.48
69.48
69.48
69.48
69.48
69.48
69.48
69.48
69.48
69.48
69.48
69.48
69.48
69.48
69.48
69.48
69.48
69.48
69.48
69.48
69.48
69.48
69.48
69.48
69.48
69.48
69.48
69.48
69.48
69.48
69.48
69.48
69.48
69.48
69.48
69.48
69.48
69.48
69.48
69.48
69.48
69.48
69.48
69.48
69.48
69.48
69.48
69.48
69.48
69.48
69.48
69.48
69.48
69.48
69.48
69.48
69.48
69.48
69.48
69.48
69.48
69.48
69.48
69.48
69.4658
69.4658
69.4658
69.4658
69.4658
69.4658
69.4658
69.4658
69.4658
69.4658
69.4658
69.4658
69.4658
69.4658
69.4658
69.4658
69.4658
69.4658
69.4658
69.4658
69.4658
69.4658
69.4658
69.4658
69.4658
69.4658
69.4658
69.4658
69.4658
69.4658
69.4658
69.4658
69.4658
69.4658
69.4658
69.4658
69.4658
69.4658
69.4658
69.4658
69.4658
69.4658
69.4658
69.4658
69.4658
69.4658
69.4658
69.4658
69.4658
69.4658
69.4658
69.4658
69.4658
69.4658
69.4658
69.4658
69.4658
69.4658
69.4658
69.4658
69.4658
69.4658
69.4658
69.4658
69.4658
69.4658
69.4658
69.4658
69.4658
69.4658
69.4658
69.4658
69.4658
69.4658
69.4658
69.4658
69.4658
69.4658
69.4658
69.4658
69.4658
69.4658
69.4658
69.4658
69.4658
69.4658
69.4658
69.4658
69.4658
69.4658
69.4658
69.4658
69.4658
69.4658
69.4658
69.4658
69.4658
69.4658
69.4658
69.4658
69.4658
69.4658
69.4658
69.4658
69.4658
69.4658
69.4658
69.4658
69.4658
69.4658
69.4658
69.4658
69.4658
69.4658
69.4658
69.4658
69.4658
69.4658
69.4658
69.4658
69.4658
69.4658
69.4658
69.4658
69.4658
69.4658
69.4658
69.4658
69.4658
69.4658
69.4658
69.4658
69.4658
69.4658
69.4658
69.4658
69.4658
69.4658
69.4658
69.4658
69.4658
69.4658
69.4658
69.4658
69.4658
69.4658
69.4658
69.4658
69.4658
69.4658
69.4658
69.4658
69.4658
69.4658
69.4658
69.4658
69.4658
69.4658
69.4658
69.4658
69.4658
69.4658
69.4658
69.4658
69.4658
69.4658
69.4658
69.4658
69.4658
69.4658
69.4658
69.4658
69.4658
69.4658
69.4658
69.4658
69.4658
69.4658
69.4658
69.4658
69.4658
69.4658
69.4658
69.4658
69.4658
69.4658
69.4658
69.4658
69.4658
69.4658
69.4658
69.4658
69.4658
69.4658
69.4658
69.4658
69.4658
69.4658
69.4658
69.4658
69.4658
69.4658
69.4658
69.4658
69.4658
69.4658
69.4658
69.4658
69.4658
69.4658
69.4658
69.4658
69.4658
69.4658
69.4658
69.4658
69.4658
69.4658
69.4658
69.4658
69.4658
69.4658
69.4658
69.4658
69.4658
69.4658
69.4658
69.4658
69.4658
69.4658
69.4658
69.4658
69.4658
69.4658
69.4658
69.4658
69.4658
69.4658
69.4658
69.4658
69.4658
69.4658
69.4658
69.4658
69.4658
69.4658
69.4658
69.4658
69.4658
69.4658
69.4658
69.4658
69.4658
69.4658
69.4658
69.4658
69.4658
69.4658
69.4658
69.4658
69.4658
69.4658
69.4658
69.4658
69.4658
69.4658
69.4658
69.4658
69.4658
69.4658
69.4658
69.4658
69.4658
69.4658
69.4658
69.4658
69.4658
69.4658
69.4658
69.4658
69.4658
69.4658
69.4658
69.4658
69.4658
69.4658
69.4658
69.4658
69.4658
69.4658
69.4658
69.4658
69.4658
69.4658
69.4658
69.4658
69.4658
69.4658
69.4658
69.4658
69.4658
69.4658
69.4658
69.4658
69.4658
69.4658
69.4658
69.4658
69.4658
69.4658
69.4658
69.4658
69.4658
69.4658
69.4658
69.4658
69.4658
69.4658
69.4658
69.4658
69.4658
69.4658
69.4658
69.4658
69.4658
69.4658
69.4658
69.4658
69.4658
69.4658
69.4658
69.4658
69.4658
69.4658
69.4658
69.4658
69.4658
69.4658
69.4658
69.4658
69.4658
69.4658
69.4658
69.4658
69.4658
69.4658
69.4658
69.4658
69.4658
69.4658
69.4658
69.4658
69.4658
69.4658
69.4658
69.4658
69.4658
69.4658
69.4658
69.4658
69.4658
69.4658
69.4658
69.4658
69.4658
69.4658
69.4658
69.4658
69.4658
69.4658
69.4658
69.4658
69.4658
69.4658
69.4658
69.4658
69.4658
69.4658
69.4658
69.4658
69.4658
69.4658
69.4658
69.4658
69.4658
69.4658
69.4658
69.4658
69.4658
69.4658
69.4658
69.4658
69.4658
69.4658
69.4658
69.4658
69.4658
69.4658
69.4658
69.4658
69.4658
69.4658
69.4658
69.4658
69.4658
69.4658
69.4658
69.4658
69.4658
69.4658
69.4658
69.4658
69.4658
69.4658
69.4658
69.4658
69.4658
69.4658
69.4658
69.4658
69.4658
69.4658
69.4658
69.4658
69.4658
69.4658
69.4658
69.4658
69.4658
69.4658
69.4658
69.4658
69.4658
69.4658
69.4658
69.4658
69.4658
69.4658
69.4658
69.4658
69.4658
69.4658
69.4658
69.4658
69.4658
69.4658
69.4658
69.4658
69.4658
69.4658
69.4658
69.4658
69.4658
69.4658
69.4658
69.4658
69.4658
69.4658
69.4658
69.4658
69.4658
69.4658
69.4658
69.4658
69.4658
69.4658
69.4658
69.4658
69.4658
69.4658
69.4658
69.4658
69.4658
69.4658
69.4658
69.4658
69.4658
69.4658
69.4658
69.4658
69.4658
69.4658
69.4658
69.4658
69.4658
69.4658
69.4658
69.4658
69.4658
69.4658
69.4658
69.4658
69.4658
69.4658
69.4658
69.4658
69.4658
69.4658
69.4658
69.4658
69.4658
69.4658
69.4658
69.4658
69.4658
69.4658
69.4658
69.4658
69.4658
69.4658
69.4658
69.4658
69.4658
69.4658
69.4658
69.4658
69.4658
69.4658
69.4658
69.4658
69.4658
69.4658
69.4658
69.4658
69.4658
69.4658
69.4658
69.4658
69.4658
69.4658
69.4658
69.4658
69.4658
69.4658
69.4658
69.4658
69.4658
69.4658
69.4658
69.4658
69.4658
69.4658
69.4658
69.4658
69.4658
69.4658
69.4658
69.4658
69.4658
69.4658
69.4658
69.4658
69.4658
69.4658
69.4658
69.4658
69.4658
69.4658
69.4658
69.4658
69.4658
69.4658
69.4658
69.4658
69.4658
69.4658
69.4658
69.4658
69.4658
69.4658
69.4658
69.4658
69.4658
69.4658
69.4658
69.4658
69.4658
69.4658
69.4658
69.4658
69.4658
69.4658
69.4658
69.4658
69.4658
69.4658
69.4658
69.4658
69.4658
69.4658
69.4658
69.4658
69.4658
69.4658
69.4658
69.4658
69.4658
69.4658
69.4658
69.4658
69.4658
69.4658
69.4658
69.4658
69.4658
69.4658
69.4658
69.4658
69.4658
69.4658
69.4658
69.4658
69.4658
69.4658
69.4658
69.4658
69.4658
69.4658
69.4658
69.4658
69.4658
69.4658
69.4658
69.4658
69.4658
69.4658
69.4658
69.4658
69.4658
69.4658
69.4658
69.4658
69.4658
69.4658
69.4658
69.4658
69.4658
69.4658
69.4658
69.4658
69.4658
69.4658
69.4658
69.4658
69.4658
69.4658
69.4658
69.4658
69.4658
69.4658
69.4658
69.4658
69.4658
69.4658
69.4658
69.4658
69.4658
69.4658
69.4658
69.4658
69.4658
69.4658
69.4658
69.4658
69.4658
69.4658
69.4658
69.4658
69.4658
69.4658
69.4658
69.4658
69.4658
69.4658
69.4658
69.4658
69.4658
69.4658
69.4658
69.4658
69.4658
69.4658
69.4658
69.4658
69.4658
69.4658
69.4658
69.4658
69.4658
69.4658
69.4658
69.4658
69.4658
69.4658
69.4658
69.4658
69.4658
69.4658
69.4658
69.4658
69.4658
69.4658
69.4658
69.4658
69.4658
69.4658
69.4658
69.4658
69.4658
69.4658
69.4658
69.4658
69.4658
69.4658
69.4658
69.4658
69.4658
69.4658
69.4658
69.4658
69.4658
69.4658
69.4658
69.4658
69.4658
69.4658
69.4658
69.4658
69.4658
69.4658
69.4658
69.4658
69.4658
69.4658
69.4658
69.4658
69.4658
69.4658
69.4658
69.4658
69.4658
69.4658
69.4658
69.4658
69.4658
69.4658
69.4658
69.4658
69.4658
69.4658
69.4658
69.4658
69.4658
69.4658
69.4658
69.4658
69.4658
69.4658
69.4658
69.4658
69.4658
69.4658
69.4658
69.4658
69.4658
69.4658
69.4658
69.4658
69.4658
69.4658
69.4658
69.4658
69.4658
69.4658
69.4658
69.4658
69.4658
69.4658
69.4658
69.4658
69.4658
69.4658
69.4658
69.4658
69.4658
69.4658
69.4658
69.4658
69.4658
69.4658
69.4658
69.4658
69.4658
69.4658
69.4658
69.4658
69.4658
69.4658
69.4658
69.4658
69.4658
69.4658
69.4658
69.4658
69.4658
69.4658
69.4658
69.4658
69.4658
69.4658
69.4658
69.4658
69.4658
69.4658
69.4658
69.4658
69.4658
69.4658
69.4658
69.4658
69.4658
69.4658
69.4658
69.4658
69.4658
69.4658
69.4658
69.4658
69.4658
69.4658
69.4658
69.4658
69.4658
69.4658
69.4658
69.4658
69.4658
69.4658
69.4658
69.4658
69.4658
69.4658
69.4658
69.4658
69.4658
69.4658
69.4658
69.4658
69.4658
69.4658
69.4658
69.4658
69.4658
69.4658
69.4658
69.4658
69.4658
69.4658
69.4658
69.4658
69.4658
69.4658
69.4658
69.4658
69.4658
69.4658
69.4658
69.4658
69.4658
69.4658
69.4658
69.4658
69.4658
69.4658
69.4658
69.4658
69.4658
69.4658
69.4658
69.4658
69.4658
69.4658
69.4658
69.4658
69.4658
69.4658
69.4658
69.4658
69.4658
69.4658
69.4658
69.4658
69.4658
69.4658
69.4658
69.4658
69.4658
69.4658
69.4658
69.4658
69.4658
69.4658
69.4658
69.4658
69.4658
69.4658
69.4658
69.4658
69.4658
69.4658
69.4658
69.4658
69.4658
69.4658
69.4658
69.4658
69.4658
69.4658
69.4658
69.4658
69.4658
69.4658
69.4658
69.4658
69.4658
69.4658
69.4658
69.4658
69.4658
69.4658
69.4658
69.4658
69.4658
69.4658
69.4658
69.4658
69.4658
69.4658
69.4658
69.4658
69.4658
69.4658
69.4658
69.4658
69.4658
69.4658
69.4658
69.4658
69.4658
69.4658
69.4658
69.4658
69.4658
69.4658
69.4658
69.4658
69.4658
69.4658
69.4658
69.4658
69.4658
69.4658
69.4658
69.4658
69.4658
69.4658
69.4658
69.4658
69.4658
69.4658
69.4658
69.4658
69.4658
69.4658
69.4658
69.4658
69.4658
69.4658
69.4658
69.4658
69.4658
69.4658
69.4658
69.4658
69.4658
69.4658
69.4658
69.4658
69.4658
69.4658
69.4658
69.4658
69.4658
69.4658
69.4658
69.4658
69.4658
69.4658
69.4658
69.4658
69.4658
69.4658
69.4658
69.4658
69.4658
69.4658
69.4658
69.4658
69.4658
69.4658
69.4658
69.4658
69.4658
69.4658
69.4658
69.4658
69.4658
69.4658
69.4658
69.4658
69.4658
69.4658
69.4658
69.4658
69.4658
69.4658
69.4658
69.4658
69.4658
69.4658
69.4658
69.4658
69.4658
69.4658
69.4658
69.4658
69.4658
69.4658
69.4658
69.4658
69.4658
69.4658
69.4658
69.4658
69.4658
69.4658
69.4658
69.4658
69.4658
69.4658
69.4658
69.4658
69.4658
69.4658
69.4658
69.4658
69.4658
69.4658
69.4658
69.4658
69.4658
69.4658
69.4658
69.4658
69.4658
69.4658
69.4658
69.4658
69.4658
69.4658
69.4658
69.4658
69.4658
69.4658
69.4658
69.4658
69.4658
69.4658
69.4658
69.4658
69.4658
69.4658
69.4658
69.4658
69.4658
69.4658
69.4658
69.4658
69.4658
69.4658
69.4658
69.4658
69.4658
69.4658
69.4658
69.4658
69.4658
69.4658
69.4658
69.4658
69.4658
69.4658
69.4658
69.4658
69.4658
69.4658
69.4658
69.4658
69.4658
69.4658
69.4658
69.4658
69.4658
69.4658
69.4658
69.4658
69.4658
69.4658
69.4658
69.4658
69.4658
69.4658
69.4658
69.4658
69.4658
69.4658
69.4658
69.4658
69.4658
69.4658
69.4658
69.4658
69.4658
69.4658
69.4658
69.4658
69.4658
69.4658
69.4658
69.4658
69.4658
69.4658
69.4658
69.4658
69.4658
69.4658
69.4658
69.4658
69.4658
69.4658
69.4658
69.4658
69.4658
69.4658
69.4658
69.4658
69.4658
69.4658
69.4658
69.4658
69.4658
69.4658
69.4658
69.4658
69.4658
69.4658
69.4658
69.4658
69.4658
69.4658
69.4658
69.4658
69.4658
69.4658
69.4658
69.4658
69.4658
69.4658
69.4658
69.4658
69.4658
69.4658
69.4658
69.4658
69.4658
69.4658
69.4658
69.4658
69.4658
69.4658
69.4658
69.4658
69.4658
69.4658
69.4658
69.4658
69.4658
69.4658
69.4658
69.4658
69.4658
69.4658
69.4658
69.4658
69.4658
69.4658
69.4658
69.4658
69.4658
69.4658
69.4658
69.4658
69.4658
69.4658
69.4658
69.4658
69.4658
69.4658
69.4658
69.4658
69.4658
69.4658
69.4658
69.4658
69.4658
69.4658
69.4658
69.4658
69.4658
69.4658
69.4658
69.4658
69.4658
69.4658
69.4658
69.4658
69.4658
69.4658
69.4658
69.4658
69.4658
69.4658
69.4658
69.4658
69.4658
69.4658
69.4658
69.4658
69.4658
69.4658
69.4658
69.4658
69.4658
69.4658
69.4658
69.4658
69.4658
69.4658
69.4658
69.4658
69.4658
69.4658
66.9638
