#HALF_LENGTH_HISTORY
496.02
479.916
464.149
451.131
437.566
426.768
412.418
397.895
387.771
375.505
365.437
354.884
344.344
336.365
327.432
322.986
316.147
310.03
304.161
298.138
293.148
286.456
281.245
278.534
276.496
273.531
271.368
268.862
266.534
263.27
261.614
258.608
258.602
256.931
254.942
252.712
250.233
248.558
246.024
244.441
242.591
244.007
243.55
242.108
241.85
239.334
236.982
233.867
231.131
230.122
230.618
227.888
227.025
227.556
228.417
226.026
224.045
221.498
221.545
219.812
219.403
219.649
217.061
216.578
214.193
211.99
209.783
209.388
209.47
207.552
205.946
205.461
205.323
203.205
200.486
198.726
197.954
198.679
198.03
197.266
197.712
195.296
194.357
194.017
191.61
192.78
194.388
192.825
193.369
192.899
191.455
190.627
188.874
188.814
186.617
185.7
184.604
181.181
182.485
181.789
179.572
177.42
177.918
177.359
176.561
174.401
175.787
174.941
173.253
172.673
174.07
175.099
175.358
175.751
173.993
174.608
174.025
174.084
173.158
172.326
171.114
168.991
168.515
167.027
167.231
166.366
167.302
166.869
164.965
164.861
163.948
163.985
161.485
162.55
160.23
159.475
161.634
161.765
160.189
161.045
158.525
159.705
159.279
158.392
158.478
159.016
157.066
157.043
156.703
155.191
156.217
155.906
154.616
153.705
153.338
153.813
151.54
152.3
152.639
152.159
151.665
151.497
152.225
153.052
150.787
146.942
148.74
147.653
146.498
146.653
147.963
146.121
147.308
146.437
147.205
148.092
144.851
144.809
143.28
144.744
144.812
143.422
143.843
144.346
143.253
144.01
143.111
141.94
143.371
144.68
143.512
139.723
141.447
141.302
143.335
142.526
142.34
142.49
141.715
140.912
141.65
142.459
141.075
141.884
141.254
142.821
143.206
141.345
141.567
140.784
139.474
140.71
141.156
141.283
141.632
139.175
140.716
138.087
137.711
136.785
137.406
137.415
136.226
134.456
135.442
137.458
136.932
137.669
138.175
137.058
137.325
135.525
133.622
134.092
134.907
133.645
134.824
135.033
133.59
133.711
134.547
135.477
133.591
133.219
132.593
132.168
132.448
134.137
130.666
131.077
129.937
132.219
129.774
129.84
132.432
132.306
132.029
133.531
131.213
132.204
132.387
132.226
132.238
132.952
132.671
133.8
132.79
132.706
132.235
130.878
132.659
131.366
130.59
131.229
132.044
131.719
130.731
130.948
129.198
129.801
128.33
128.205
128.629
130.165
132.991
131.894
130.765
129.624
130.638
130.354
131.471
129.637
128.936
129.489
128.083
128.549
129.633
126.239
127.509
128.609
128.811
129.541
129.487
131.294
129.743
131.771
131.38
129.893
130.261
131.037
132.162
130.889
131.739
130.9
131.302
127.809
129.601
129.691
127.124
128.834
127.803
128.677
128.122
128.542
128.929
128.073
126.876
126.268
127.086
129.148
129.331
127.463
128.389
126.816
126.89
126.229
127.221
126.099
127.563
128.12
126.256
125.403
126.167
124.905
126.687
128.583
127.39
126.169
125.38
125.846
126.473
126.832
127.778
125.617
125.541
124.727
124.93
124.945
123.31
123.609
125.583
124.331
125.505
125.068
125.915
125.696
123.754
125.584
124.221
123.687
123.417
126.756
126.67
127.508
124.634
125.876
128.658
127.435
126.531
122.876
123.709
123.967
123.211
121.637
122.232
122.553
125.766
124.924
124.387
124.77
123.35
122.854
124.017
124.749
123.694
123.772
122.837
122.844
122.242
122.455
122.729
121.801
121.108
121.363
122.408
124.618
121.025
120.755
122.954
121.644
120.109
123.274
124.377
122.269
123.149
122.326
123.19
122.376
121.799
120.992
121.027
121.017
121.75
120.728
119.823
122.278
120.913
123.132
121.959
122.171
121.175
121.483
122.849
123.837
123.593
123.938
121.277
121.428
122.558
122.314
124.352
123.02
124.245
124.125
122.952
122.539
122.175
124.767
123.926
122.799
121.36
121.515
122.301
119.866
120.935
123.407
123.018
122.504
123.025
123.054
124.121
123.181
123.634
123.729
124.699
124.605
124.628
122.91
126.277
123.608
122.452
123.743
124.108
124.18
123.287
122.802
123.043
122.92
122.168
120.759
121.947
121.645
121.969
123.335
122.802
124.253
125.392
125.971
124.259
123.596
121.6
122.066
122.353
121.537
123.303
121.734
123.755
122.511
120.984
121.533
121.693
122.189
122.474
122.741
121.643
121.664
122.274
121.234
121.68
123.399
121.712
122.631
120.538
121.52
121.457
120.566
122.755
121.14
121.442
123.957
122.528
123.249
123.925
122.552
120.91
121.631
120.601
120.673
119.139
120.554
119.868
120.353
121.036
120.356
119.703
120.089
122.221
120.348
120.92
119.866
121.284
121.829
122.63
118.847
120.299
121.544
124.273
120.98
121.693
121.157
121.485
123.629
121.412
122.434
121.413
121.067
120.793
119.964
120.003
119.616
121.699
121.796
120.272
122.398
122.294
123.117
119.925
121.811
120.087
120.964
122.231
122.534
121.475
120.31
120.512
120.317
119.075
117.887
117.135
117.881
118.808
121.498
119.081
121.154
121.258
120.363
121.465
120.186
121.88
120.356
121.437
120.887
121.188
120.354
120.481
120.319
120.105
121.008
119.874
120.339
120.133
119.438
122.196
121.174
121.168
120.389
120.885
122.088
120.075
118.769
117.624
119.114
118.758
121.431
121.467
121.198
122.68
123.051
122.526
122.939
122.361
123.037
120.717
121.751
120.678
118.924
119.876
120.27
120.573
121.478
120.304
122.15
120.949
121.923
121.366
120.275
120.055
120.615
119.95
119.159
119.912
122.334
121.156
119.827
117.792
118.006
120.148
120.173
119.592
120.5
119.888
119.255
119.291
120.88
123.582
122.24
121.047
121.779
120.241
119.982
121.286
117.9
117.886
119.64
120.595
121.64
120.437
119.7
120.252
120.295
119.728
119.281
120.189
120.414
121.335
124.506
122.139
123.305
121.53
119.838
120.503
121.305
119.052
120.598
120.968
120.03
120.962
120.731
118.409
119.092
119.344
118.456
120.014
121.723
121.501
120.787
120.542
118.352
117.673
118.733
118.284
117.863
118.176
117.821
117.304
117.371
118.636
117.299
118.732
118.543
117.981
116.854
117.897
118.038
118.44
119.835
118.352
119.88
118.235
118.655
117.641
116.943
117.322
117.438
118.773
118.543
117.053
118.251
116.821
116.244
117.952
117.822
116.726
117.66
116.25
116.308
117.054
119.923
117.67
119.854
119.52
118.129
118.29
116.729
118.387
118.758
118.441
117.645
119.454
119.966
119.987
118.881
119.892
119.587
117.946
118.312
118.262
117.623
117.345
118.197
118.961
118.761
119.311
117.454
117.777
116.782
120.098
119.402
119.307
118.381
117.897
117.935
118.339
115.228
118.169
119.673
119.759
119.035
117.807
119.875
118.89
117.346
117.587
114.444
114.849
115.648
116.58
116.394
115.175
115.554
115.151
117.593
119.536
117.16
116.545
117.914
117.403
117.953
117.302
116.92
116.908
116.837
117.09
116.815
118.508
119.327
118.435
117.182
119.991
120.476
119.407
120.134
119.124
118.55
118.933
119.153
117.701
119.086
118.762
117.436
116.593
117.588
117.895
117.187
117.043
117.853
118.995
118.946
120.274
122.646
123.319
124.476
122.461
123.744
123.495
121.788
120.085
118.731
118.444
117.558
117.27
116.579
117.378
117.974
118.094
118.52
118.186
116.573
118.035
117.601
117.424
118.084
115.946
117.805
116.857
116.725
116.933
116.159
115.412
116.254
116.095
117.407
117.197
116.204
117.183
116.555
115.766
116.331
116.776
118.385
117.815
116.47
116.747
117.075
116.482
117.486
115.687
117.941
117.772
118.613
118.877
119.786
118.545
115.639
117.615
118.566
118.662
116.211
117.715
116.478
117.796
116.627
115.875
117.245
117.644
118.541
118.333
118.871
116.587
117.705
115.625
117.461
114.948
115.855
117.317
117.1
119.356
120.012
118.381
118.646
116.109
116.57
116.863
117.228
117.291
116.725
116.091
116.028
114.602
114.736
117.627
116.048
114.409
115.903
115.198
117.042
116.723
118.617
118.971
121.156
120.015
119.496
119.019
117.566
116.945
117.991
117.441
116.163
116.789
117.09
118.104
116.868
117.798
116.598
117.346
116.991
116.935
117.167
117.997
114.823
116.976
117.503
119.311
118.762
119.096
118.553
119.595
118.648
119.541
117.755
118.022
117.771
116.685
116.581
117.635
115.93
116.683
116.514
115.484
115.112
117.996
116.956
118.159
118.419
116.76
116.426
116.824
118.162
116.16
118.26
117.591
116.267
115.003
114.609
116.447
117.833
117.444
118.637
116.786
116.822
116.452
118.156
115.149
118.334
118.309
118.701
119.921
117.715
117.07
115.851
117.655
116.528
116.62
118.035
117.741
118.814
116.859
118.562
118.822
118.585
119.613
118.413
116.28
116.763
115.616
115.655
117.261
116.043
114.352
113.772
116.346
118.074
119.168
118.859
117.004
117.815
118.275
119.222
119.22
119.006
118.354
117.875
119.083
120.255
119.384
120.213
119.829
118.948
118.557
116.289
118.195
116.857
117.434
117.542
117.263
118.922
118.027
119.068
119.134
117.184
118.613
116.432
118.667
119.656
116.35
117.738
117.774
117.276
117.311
117.932
116.426
118.213
117.074
117.109
117.425
118.165
117.744
117.061
115.959
115.805
117.227
116.747
115.841
115.325
117.861
118.278
117.892
116.75
115.671
118.106
115.868
118.299
116.517
116.211
115.516
116.511
117.407
116.889
116.684
117.207
117.586
117.806
118.259
118.149
118.255
116.222
118.014
117.471
116.775
117.267
116.941
118.625
118.516
118.53
116.741
115.179
116.693
115.405
118.301
118.558
118.301
117.284
117.315
118.333
118.542
116.888
119.325
119.092
117.877
116.306
118.018
115.035
115.891
117.337
117.61
118.447
119.593
118.389
119.109
117.378
117.29
116.942
117.119
117.235
119.89
119.242
118.433
119.085
118.998
119.641
119.758
118.121
118.009
117.714
117.126
117.454
115.839
116.59
114.746
116.242
117.51
119.489
119.444
119.504
119.279
118.803
119.287
118.842
120.439
117.4
116.959
117.812
115.354
114.228
115.855
116.618
117.081
117.23
117.54
115.509
115.102
115.848
116.833
116.624
116.048
117.174
117.866
117.574
114.252
115.099
115.13
115.735
113.505
116.721
115.974
116.689
118.01
117.743
118.893
118.878
118.064
118.403
118.829
117.672
118.281
117.328
118.065
118.835
119.131
117.284
117.004
118.721
116.855
118.603
118.811
116.956
115.508
116.666
117.793
117.377
118.176
119.796
119.069
118.062
118.129
118.219
118.838
117.777
116.59
115.861
116.352
115.374
115.358
114.625
114.189
113.838
114.342
114.449
114.347
114.477
116.527
116.408
115.491
115.164
118.655
116.177
117.928
117.929
117.532
116.508
117.097
117.217
117.667
118.227
117.718
117.209
117.893
118.203
118.056
116.958
114.288
115.893
116.909
116.053
115.298
116.202
117.767
118.771
116.623
117.455
117.614
117.384
116.265
116.039
117.32
116.511
114.358
116.663
116.857
116.521
116.054
117.885
115.122
115.757
116.188
115.769
116.7
116.308
116.079
115.897
117.456
117.237
115.435
118.046
117.059
115.782
115.162
117.115
115.925
115.94
116.129
116.322
113.79
115.093
117.932
117.959
117.166
118.981
118.165
119.266
118.354
119.045
117.877
117.82
116.424
115.319
115.72
113.238
115.034
115.553
117.4
117.939
118.671
116.532
117.533
116.847
116.104
118.096
116.207
117.225
116.428
118.116
117.139
119.036
118.527
118.204
116.924
117.005
115.587
116.99
115.209
114.127
116.605
115.774
115.37
114.535
115.807
117.241
118.417
117.8
117.207
117.523
116.212
116.035
116.358
117.961
116.218
116.939
116.7
117.296
116.548
116.362
116.358
116.602
115.171
115.403
115.1
115.167
115.148
117.241
118.592
119.308
116.615
117.645
116.843
116.308
117.106
115.78
113.501
114.697
114.475
115.927
116.719
116.394
117.319
115.916
115.358
115.755
117.63
116.323
116.47
115.733
115.544
116.85
116.81
116.022
115.931
115.622
115.734
114.207
114.085
115.348
114.836
118.063
117.58
118.17
118.233
118.576
117.505
117.346
118.577
118.218
117.08
117.564
118.356
118.071
118.735
119.465
119.298
118.123
118.171
117.872
116.88
117.353
117.459
117.854
117.265
118.185
118.188
118.157
119.113
121.245
119.473
118.325
117.166
118.983
116.124
115.81
116.978
117.109
118.245
118.574
116.581
114.789
115.464
114.953
114.436
115.276
115.696
114.106
115.143
116.367
115.1
116.338
117.464
119.004
116.105
118.284
117.054
115.94
116.208
116.646
115.884
116.54
115.062
116.398
114.572
116.316
117.981
117.904
118.133
117.977
117.077
118.229
116.466
114.969
115.25
114.809
116.192
116.072
117.221
116.067
116.75
119.433
117.21
118.283
118.543
119.717
118.711
117.633
116.177
114.645
116.295
118.717
116.522
119.032
116.948
116.413
115.055
118.931
115.322
115.362
116.684
115.625
117.072
118.549
117.941
116.984
115.867
117.148
116.37
116.494
116.203
115.416
115.537
115.897
116.303
116.072
116.384
117.454
117.237
117.805
117.215
118.659
115.85
116.501
117.807
115.879
116.404
117.004
114.539
116.734
117.709
117.35
119.363
118.15
119.015
118.318
117.292
117.587
116.548
117.041
117.307
118.694
118.201
118.594
117.172
117.776
116.325
119.324
116.77
118.835
118.56
118.692
118.972
118.508
115.676
117.421
119.606
119.343
119.431
118.485
116.368
116.74
114.733
114.62
114.81
115.848
116.41
116.195
116.174
115.061
115.654
116.477
117.764
114.684
117.981
115.667
115.902
112.567
114.229
116.881
118.465
114.597
114.29
113.256
115.713
115.27
117.616
116.214
116.142
116.101
115.041
116.571
116.789
116.088
116.448
115.499
116.531
115.63
115.861
116.69
116.653
116.707
117.025
115.162
115.088
115.313
114.146
114.499
115.331
114.655
117.697
117.718
117.254
116.287
114.629
116.891
114.514
116.543
115.725
116.685
114.96
115.574
114.231
114.133
116.303
115.76
115.434
118.145
116.354
114.74
116.933
116.852
117.037
119.234
119.172
117.24
115.846
116.76
114.057
115.734
114.909
114.525
114.923
112.748
113.446
113.861
114.343
114.291
114.326
115.82
115.235
115.08
114.511
116.673
115.421
114.792
115.251
113.421
115.474
115.331
116.378
113.936
114.741
115.35
115.422
114.814
117.524
117.291
118.734
115.571
114.105
115.704
115.332
116.359
115.862
116.46
117.224
115.236
116.005
113.736
115.168
115.892
116.436
114.785
115.651
115.634
114.333
116.338
116.846
117.104
117.082
117.39
115.928
116.417
115.107
116.261
117.269
116.116
116.353
115.205
115.612
116.432
117.903
119.235
118.347
116.516
115.122
111.967
113.758
114.789
116.491
115.845
114.991
116.077
115.346
115.438
115.63
114.907
114.108
114.004
115.495
115.05
114.863
113.516
114.369
113.582
114.299
116.45
114.475
115.887
117.134
116.74
115.356
116.381
116.367
116.824
116.808
115.364
115.52
114.67
114.175
115.847
115.911
117.675
116.466
115.868
116.966
116.88
118.571
118.252
117.936
119.638
118.555
116.053
117.239
114.85
115.079
116.545
115.188
116.028
115.489
115.776
115.229
115.97
114.454
113.743
113.746
115.999
116.122
116.106
117.807
118.784
117.842
118.315
118.164
117.066
115.981
115.107
116.175
114.828
114.903
115.356
116.329
115.686
116.002
117.923
118.212
115.762
116.008
116.637
116.965
114.486
117.559
118.117
115.433
117.872
116.159
116.786
113.538
118.142
115.784
114.057
116.881
113.946
115.742
115.727
116.808
117.051
121.178
119.533
116.807
115.637
117.226
115.878
117.64
118.436
117.037
116.123
116.87
115.018
117.049
116.425
118.233
116.42
119.095
119.748
118.288
117.985
119.513
118.8
116.583
115.464
117.009
116.001
114.54
116.683
116.432
116.857
116.838
118.564
116.238
116.516
114.97
114.761
115.699
118.834
118.045
117.376
117.638
117.38
116.105
115.751
117.562
116.578
115.035
114.979
115.966
116.855
117.252
115.565
115.476
113.919
114.721
114.017
113.222
114.745
116.712
116.297
116.345
116.714
114.307
115.18
115.943
115.174
116.38
117.145
115.882
115.389
115.468
117.171
115.259
116.076
115.715
116.618
118.31
116.042
115.393
113.87
115.826
116.457
115.7
115.549
116.584
118.215
115.987
116.523
117.886
115.839
116.431
114.778
114.271
115.517
116.145
116.732
116.251
116.83
116.514
116.464
116.715
115.79
116.729
115.649
117.39
117.375
118.883
119.56
119.745
117.275
117.73
117.398
116.996
117.037
115.466
118.163
118.031
116.957
117.115
116.462
116.699
115.772
113.896
115.054
115.16
114.81
115.612
116.187
117.389
118.157
117.147
117.199
115.902
114.556
115.322
116.763
117.625
116.351
114.292
115.189
115.845
116.799
116.096
117.499
118.295
117.423
117.308
115.452
116.221
114.93
115.527
114.839
116.298
115.172
117.392
115.36
117.443
115.03
115.618
117.387
116.887
115.374
116.724
114.456
114.896
115.725
116.057
115.426
116.376
117.087
116.52
115.736
115.862
116.75
118.173
116.919
116.87
114.582
117.274
117.987
118.016
118.25
118.598
116.134
116.74
117.572
118.555
115.621
118.924
114.907
116.088
116.427
117.137
117.187
116.328
116.707
116.193
115.123
116.72
117.676
117.121
116.12
116.918
115.649
116.722
116.725
115.179
115.525
114.421
115.582
114.319
115.519
115.637
115.505
114.491
115.899
116.271
114.461
116.457
116.385
117.09
115.674
115.837
117.533
117.465
117.356
116.42
118.064
117.716
114.736
115.359
117.032
117.366
119.031
120.012
116.473
117.646
116.876
116.428
114.904
114.806
115.997
115.927
116.801
115.594
116.204
117.947
116.08
115.992
116.622
118.552
118.395
117.352
115.977
116.251
117.188
117.064
116.293
115.945
117.133
116.68
116.661
117.269
115.406
115
116.618
116.073
118.196
117.789
116.427
116.269
116.197
115.006
115.142
114.816
117.521
115.716
115.939
115.869
114.421
115.256
114.009
114.039
115.485
114.499
115.304
115.176
116.214
116.897
116.023
115.306
116.597
118.03
117.472
117.998
116.559
114.821
115.795
115.797
114.552
116.263
118.467
116.059
118.466
117.451
115.946
115.965
118.376
116.308
115.731
116.587
118.101
118.839
117.822
117.81
116.204
115.467
115.882
115.414
116.24
115.393
117.352
115.409
116.932
115.186
117.802
116.302
115.978
114.284
114.389
114.841
116.183
117.217
117.2
116.866
117.355
114.234
116.51
117.351
116.107
116.501
116.338
117.884
115.198
114.972
114.609
115.481
114.664
115.276
113.619
113.431
116.215
115.113
115.873
116.099
115.984
114.451
115.961
116.942
116.314
117.125
117.497
118.145
116.836
117.355
116.333
116.896
114.373
114.39
116.427
114.873
116.436
115.376
115.86
116.145
115.539
116.43
116.368
116.832
117.498
117.107
116.215
116.714
117.37
115.253
117.746
117.393
117.062
116.445
117.879
118.649
115.914
115.693
115.566
115.281
115.835
118.187
117.168
116.601
117.915
117.478
117.204
116.35
117.489
118.707
116.792
116.688
116.539
116.035
116.135
118.55
118.497
116.452
116.382
114.724
116.373
115.047
114.031
115.995
116.743
117.096
115.393
117.124
116.648
116.57
117.044
115.428
118.163
115.847
115.795
118.413
115.903
116.248
114.192
116.553
117.153
117.616
116.318
116.389
115.257
116.394
116.114
115.224
115.567
115.979
114.703
114.19
113.805
114.378
114.395
114.148
112.617
114.695
116.232
117.599
116.221
117.435
113.662
113.928
115.155
114.032
113.677
113.256
113.46
114.444
115.013
114.359
114.623
115.454
118.305
117.81
116.152
115.65
116.143
118.043
116.777
117.009
117.64
117.719
115.166
116.927
116.107
115.137
114.373
114.923
115.543
114.497
115.284
117.294
116.243
115.362
116.485
114.556
117.108
116.575
115.466
116.608
116.426
116.877
116.805
115.756
115.518
115.45
116.173
115.308
114.869
114.177
114.213
114.501
112.809
113.886
112.674
114.89
113.272
114.995
114.755
115.87
115.846
115.525
115.003
117.352
116.245
116.784
116.322
114.098
114.328
112.705
112.645
113.151
113.316
113.448
117.214
118.491
116.449
117.211
117.637
118.288
115.151
114.607
115.935
115.62
115.903
115.82
116.118
117.106
115.108
117.445
117.456
117.708
118.367
117.844
117.394
116.914
115.583
116.05
115.858
118.126
118.071
115.859
117.034
117.13
116.488
116.714
116.299
115.507
117.813
116.037
117.071
117.24
116.663
117.449
114.63
116.624
115.33
114.995
116.211
115.892
116.322
116.441
117.271
114.312
112.82
115.026
114.044
114.769
115.781
115.93
114.592
117.522
117
117.74
115.948
116.967
117.688
117.731
119.371
119.025
118.539
117.13
115.355
114.793
116.853
116.351
117.68
115.437
116.238
117.198
116.728
118.521
117.601
118.315
116.355
115.767
115.734
114.581
114.98
114.69
114.893
112.789
113.919
116.313
114.558
115.318
113.38
115.319
115.908
115.386
114.922
116.779
116.484
117.55
116.413
116.873
117.782
116.047
116.112
115.544
116.337
114.917
116.496
114.737
114.98
115.598
117.063
115.361
115.979
117.522
117.241
119.013
118.292
116.791
114.465
115.375
116.386
114.943
116.225
115.482
116.086
116.115
116.572
114.186
115.965
115.678
116.521
115.359
116.55
116.06
116.355
116.82
116.564
115.653
116.862
115.79
115.321
114.785
115.707
116.051
117.372
115.795
115.406
115.993
116.064
118.117
116.343
115.933
114.406
114.901
115.507
114.995
116.931
114.647
117.709
117.208
117.032
116.18
116.679
116.146
117.312
116.379
115.898
118.009
117.801
116.466
118.215
117.377
117.103
115.257
116.554
115.46
115.054
115.141
114.42
115.756
115.265
114.991
114.077
114.01
113.678
115.51
115.657
114.134
114.784
114.624
116.288
114.54
117.314
116.497
118.405
117.914
118.308
117.776
115.319
117.169
117.74
115.554
115.392
115.164
116.144
117.283
118.274
117.803
116.254
115.991
116.381
117.44
116.967
118.108
118.07
116.812
118.617
118.205
116.655
116.259
115.268
116.361
116.62
116.007
116.29
116.981
115.775
116.464
118.238
118.397
117.255
116.255
116.848
117.158
116.645
113.999
116.794
116.628
115.115
115.846
117.251
116.05
116.348
115.784
114.818
116.679
118.335
117.169
118.274
116.557
116.59
117.859
114.962
115.428
115.678
114.66
115.534
116.226
117.288
117.365
116.188
114.18
113.966
114.695
113.205
113.919
114.331
116.929
117.28
115.351
116.448
117.403
117.806
116.6
115.785
115.851
114.018
115.259
114.675
114.724
116.21
115.446
115.479
115.744
117.352
116.768
116.374
116.103
114.554
114.028
113.167
114.582
114.151
114.946
116.226
116.363
117.614
116.372
116.425
115.933
115.183
115.854
116.046
115.674
116.058
115.287
116.367
116.85
115.116
117.618
116.702
117.965
118.207
117.893
118.767
119.534
116.519
116.52
116.648
118.218
116.563
117.709
116.926
116.445
116.756
114.828
115.099
115.887
116.006
116.514
117.196
117.703
116.253
115.847
114.241
116.704
115.646
114.395
115.791
117.225
117.654
116.014
115.488
114.975
116.255
115.753
115.215
116.477
116.973
115.805
117.915
116.267
115.304
113.871
112.857
114.975
113.607
113.68
114.216
114.699
115.311
113.89
114.299
115.153
117.007
117.914
117.292
116.677
115.12
115.679
116.652
116.711
117.337
117.078
118.66
115.659
119.49
116.62
115.558
116.519
116.697
116.726
117.297
114.288
115.774
113.875
116.332
115.503
117.788
116.762
115.424
116.334
117.624
117.18
116.463
116.238
116.32
117.72
118.514
119.789
118.785
116.35
117.297
116.369
116.393
116.517
115.401
116.249
117.092
117.298
117.515
114.754
115.34
114.614
114.763
113.971
112.941
115.358
115.66
116.396
116.188
116.497
116.211
116.807
116.776
116.601
115.832
115.159
115.324
117.269
116.399
113.656
113.183
113.33
114.066
114.959
114.043
115.399
116.33
116.974
117.817
117.251
118.05
119.32
117.064
118.286
119.986
116.644
116.26
117.795
119.1
116.799
115.339
113.982
113.889
114.756
115.642
116.287
114.999
115.649
114.971
113.77
114.104
113.763
115.079
116.064
114.822
113.761
113.864
114.301
116.068
114.709
114.741
114.364
114.641
114.364
115.146
114.492
115.286
114.214
114.5
115.165
115.988
115.369
115.99
116.144
117.363
115.374
114.706
116.954
114.056
115.368
117.002
117.571
117.124
117.22
116.09
116.481
117.393
115.902
117.466
117.506
116.466
115.602
115.232
114.165
116.426
117.4
115.046
115.278
114.99
114.935
113.888
115.884
117.74
115.849
115.557
116.019
116.392
114.049
115.475
115.077
114.651
116.566
114.799
114.594
117.643
117.759
118.574
118.296
117.682
117.679
118.64
116.699
115.55
116.141
114.995
115.393
116.048
114.415
116.502
115.454
117.017
116.206
118.043
117.205
116.701
116.745
116.438
115.46
115.202
114.58
116.456
114.606
117.546
117.335
116.1
115.032
114.222
115.038
116.693
115.98
114.556
115.266
116.636
115.6
115.636
117.027
116.468
116.387
116.204
117.531
118.679
116.977
118.198
116.509
116.063
117.314
115.761
116.787
114.347
113.724
115.054
113.182
116.16
116.112
116.699
115.995
116.846
117.598
115.705
118.551
117.098
116.97
115.421
116.25
116.262
117.239
116.14
114.013
116.309
114.49
116.206
115.978
116.305
115.005
113.855
114.656
114.688
114.553
115.66
117.27
117.669
117.842
116.778
115.9
118.097
117.374
118.301
117.571
116.405
117.529
117.063
118.521
115.676
115.382
115.268
115.89
115.684
119.006
117.107
115.379
116.157
115.382
116.709
118.224
117.321
117.569
116.216
115.672
118.142
116.795
114.19
114.613
116.332
114.304
115.693
115.26
115.01
115.92
116.641
117.099
115.765
117.561
115.957
115.192
113.104
116.756
115.494
115.398
113.639
115.554
116.007
116.801
117.25
116.657
116.442
101.076
