                 0                 0                 0                 0
         0.0256496                 0                 0                 0
         0.0512993                 0                 0                 0
         0.0769489                 0                 0                 0
          0.102599                 0                 0                 0
          0.128248                 0                 0                 0
          0.153898                 0                 0                 0
          0.179547                 0                 0                 0
          0.205197                 0                 0                 0
          0.230847                 0                 0                 0
          0.256496                 0                 0                 0
          0.282146                 0                 0                 0
          0.307796                 0                 0                 0
          0.333445                 0                 0                 0
          0.359095                 0                 0                 0
          0.384745                 0                 0                 0
          0.410394                 0                 0                 0
          0.436044                 0                 0                 0
          0.461694                 0                 0                 0
          0.487343                 0                 0                 0
          0.512993                 0                 0                 0
          0.538642                 0                 0                 0
          0.564292                 0                 0                 0
          0.589942                 0                 0                 0
          0.615591                 0                 0                 0
          0.641241                 0                 0                 0
          0.666891                 0                 0                 0
           0.69254                 0                 0                 0
           0.71819                 0                 0                 0
           0.74384                 0                 0                 0
          0.769489                 0                 0                 0
          0.795139                 0                 0                 0
          0.820788                 0                 0                 0
          0.846438                 0           1.2e-05       8.86341e-06
          0.872088            0.0104          0.009892       0.000762519
          0.897737             0.442          0.323792         0.0054823
          0.923387             2.808           2.89246         0.0161426
          0.949037             11.93           12.0922         0.0303587
          0.974686           30.7312           29.7542         0.0552134
           1.00034           52.4624            51.388          0.071679
           1.02599           68.3068           70.1923         0.0969873
           1.05164           79.5972           82.2424          0.106761
           1.07728           84.4056           86.9524           0.10689
           1.10293           87.0004           86.1091          0.100075
           1.12858           82.7344           82.2003           0.10522
           1.15423            77.552           76.9007         0.0967467
           1.17988           72.0652           70.9146          0.094474
           1.20553           66.7368           65.3885          0.104163
           1.23118            62.104           60.5416          0.114268
           1.25683           56.4412           56.3007          0.089531
           1.28248           51.9556           52.5092          0.100666
           1.30813           49.7276           49.5237         0.0920105
           1.33378           48.1188           47.2726         0.0946003
           1.35943           46.2412           45.3988         0.0978728
           1.38508           45.2384           43.9149         0.0828417
           1.41073            43.942           42.9673          0.087296
           1.43638           43.3168           42.3701         0.0903352
           1.46203           42.3872           42.2421         0.0938192
           1.48768           42.1352           42.5688         0.0803538
           1.51333           42.0664           43.3286         0.0924563
           1.53898           43.2456           44.4101         0.0967836
           1.56463           44.1512           45.8384         0.0960536
           1.59028            46.118           47.6045         0.0970716
           1.61593           48.8464           49.9818         0.0951878
           1.64158           51.8412           52.7948          0.100145
           1.66723           54.5064            56.116          0.110721
           1.69288           58.4052            60.008           0.10497
           1.71853           63.8152           64.5371          0.100828
           1.74418           68.4712           69.7234          0.113319
           1.76983            74.562           75.2966          0.134892
           1.79547            80.992           81.2989          0.129771
           1.82112           87.2524           87.4898           0.12369
           1.84677            94.796           94.0877          0.127895
           1.87242           100.249           101.001          0.148704
           1.89807           110.872           107.802          0.151622
           1.92372             116.7           114.916          0.136349
           1.94937            122.33             121.9          0.135365
           1.97502           129.428           128.234          0.133988
           2.00067           135.818           134.559          0.165927
           2.02632           140.612           140.324          0.160362
           2.05197           146.006           145.446          0.143798
           2.07762           149.054           149.143           0.15955
           2.10327           151.998           152.116          0.167446
           2.12892           152.888           154.067          0.177757
           2.15457           156.528           154.951          0.176471
           2.18022           155.096           155.402          0.171994
           2.20587           158.273           155.077          0.173722
           2.23152               160           154.401          0.185551
           2.25717           157.533           153.441          0.187003
           2.28282            152.84           152.404          0.178368
           2.30847           151.591           151.608          0.164958
           2.33412           147.362           150.913          0.166454
           2.35977           146.914           150.787          0.167113
           2.38542           147.652           150.623          0.175435
           2.41107           149.318           150.633          0.179295
           2.43672           151.758           151.323          0.159688
           2.46237           154.248           152.654          0.179088
           2.48802            155.29           154.581          0.179576
           2.51366           157.079           157.098          0.168193
           2.53931           158.267           160.217          0.175744
