#HALF_LENGTH_HISTORY
493.902
477.942
463.457
450.926
432.531
419.732
403.257
395.965
385.89
378.525
371.343
363.519
359.366
354.13
349.874
344.461
337.689
331.54
325.652
319.423
315.011
308.548
306.537
302.783
299.73
296.842
293.766
289.245
287.068
284.167
281.837
280.415
276.335
273.958
271.273
270.122
269.075
266.1
263.537
259.906
258.7
257.836
252.927
250.318
247.112
246.163
243.293
239.108
235.234
231.911
228.957
227.066
226.945
225.038
224.835
224.249
223.868
223.052
220.784
219.033
217.392
214.799
216.591
215.206
213.4
213.078
211.208
211.568
209.936
209.765
206.477
206.258
204.828
202.242
199.957
196.658
196.226
195.745
194.129
191.574
191.198
191.77
189.479
189.392
188.136
187.267
187.076
186.82
187.73
188.304
187.418
186.33
186.376
184.54
182.642
183.357
183.024
183.647
181.818
181.268
178.754
178.815
177.074
176.535
176.607
175.214
173.321
172.658
172.528
173.518
172.756
173.376
175.155
173.217
171.177
170.236
169.486
169.951
169.5
169.888
166.701
166.13
165.063
163.96
164.569
164.322
163.947
161.418
161.875
158.834
158.101
157.275
158.243
158.329
156.389
157.64
158.118
159.063
158.408
158.307
157.58
156.265
157.96
155.688
156.207
155.943
156.105
156.426
156.173
158.162
156.289
156.365
154.949
153.805
154.784
153.987
154.701
152.708
152.441
152.298
155.885
154.247
154.992
155.913
157.722
157.38
155.465
156.775
154.328
153.731
155.026
152.72
152.449
151.259
150.676
149.403
151.897
152.126
150.734
149.928
149.011
149.639
150.022
146.696
148.124
149.583
147.55
146.587
147.721
145.977
146.094
143.316
144.184
144.984
142.628
142.016
141.668
139.485
140.334
141.006
139.559
138.974
141.688
140.143
140.569
138.7
138.924
139.335
139.466
139.073
140.693
137.989
138.71
140.042
140.268
139.95
138.913
137.713
139.438
139.05
141.474
140.046
139.914
139.411
137.632
135.416
135.032
135.793
134.693
136.136
135.018
137.271
134.388
135.325
134.703
134.619
132.166
134.193
132.978
131.496
129.478
132.116
131.888
131.94
131.169
129.895
130.322
131.085
132.803
132.146
131.686
129.881
130.283
132.069
131.536
131.817
131.431
130.928
129.912
130.8
130.757
130.191
130.652
128.53
127.467
127.518
127.741
128.14
128.355
128.349
127.29
129.457
129.106
129.652
129.844
130.245
133.04
131.685
132.378
132.219
130.491
131.277
129.947
128.874
127.806
128.395
128.716
128.223
126.843
126.411
125.764
126.56
127.402
125.834
125.94
125.397
126.063
127.267
125.267
127.555
126.048
125.944
125.954
124.902
124.088
124.915
125.117
124.227
124.642
124.426
125.746
127.571
127.028
128.729
127.914
126.48
126.155
124.507
126.014
126.138
125.121
127.339
124.504
124.521
123.625
122.222
121.79
122.834
123.965
123.724
124.984
122.999
122.276
122.05
123.022
121.884
122.898
121.172
122.298
120.408
120.545
119.324
121.971
122.184
124.477
124.11
124.665
123.59
125.445
124.519
127.066
125.839
121.93
123.78
122.624
123.49
122.199
120.824
121.193
122.732
121.841
122.291
120.615
120.708
122.183
121.577
121.793
120.959
121.035
124.332
125.543
123.535
122.574
122.8
122.963
124.091
123.063
120.264
119.149
120.603
120.933
120.401
121.703
122.326
121.327
122.725
122.922
122.232
121.24
121.158
120.832
121.293
121.341
119.939
121.224
119.417
120.644
120.41
122.245
122.533
121.747
121.974
122.929
120.11
121.634
121.781
122.371
121.279
121.287
120.944
120.147
120.311
120.675
121.451
121.838
122.199
120.374
120.697
121.206
121.94
122.057
121.608
120.472
121.342
121.251
121.181
120.398
120.708
120.333
120.224
119.44
119.852
121.008
120.193
119.816
121.693
123.062
120.146
120.802
119.954
119.3
118.266
118.697
119.583
117.367
118.757
118.68
119.396
119.571
119.88
121.194
121.318
121.22
121.241
120.202
120.398
120.332
123.708
121.449
120.28
120.003
122.16
122.069
121.121
119.715
118.961
120.638
118.992
118.759
117.248
117.659
117.313
120.16
118.493
120.004
118.099
118.195
119.532
119.572
118.173
117.423
119.168
119.046
119.828
120.467
119.687
119.487
119.066
118.836
119.925
121.842
120.031
121.822
120.813
121.013
121.206
121.58
120.326
118.35
118.273
119.268
120.123
120.863
118.056
119.732
120.177
118.491
121.567
120.486
120.409
122.321
119.862
122.067
121.717
120.144
119.455
119.475
119.26
119.591
117.517
119.345
119.719
119.316
120.788
120.864
121.915
121.655
120.69
119.116
120.321
119.304
119.978
119.314
119.243
118.83
119.877
118.098
118.461
119.654
118.96
118.472
119.789
117.055
118.014
117.941
116.196
116.837
116.238
118.617
117.168
117.62
117.069
118.974
117.871
118.567
118.317
116.57
118.742
119.291
119.043
117.825
119.188
117.723
117.164
117.075
119.103
117.725
119.658
118.378
117.701
119.162
117.465
119.662
119.554
119.377
118.812
116.749
117.586
118.613
117.419
120.386
117.369
117.97
117.475
116.58
118.572
121.135
121.368
123.483
124.278
125.558
122.755
125.509
124.344
122.623
122.557
122.03
121.552
121.084
121.529
122.337
120.985
120.322
119.269
121.495
120.877
117.963
118.402
119.231
117.128
119.195
118.958
119.607
119.575
117.778
116.555
115.312
116.793
117.918
117.29
118.693
117.486
118.158
117.599
119.96
116.978
117.472
118.185
118.394
118.406
118.894
120.177
121.018
119.753
119.553
117.821
118.527
120.092
118.104
115.933
116.132
118.486
119.795
118.511
117.13
119.088
117.688
117.565
117.603
117.702
117.437
118.778
117.468
119.084
120.176
119.331
119.048
119.077
119.287
119.003
119.657
118.015
119.051
120.001
118.045
118.444
117.196
116.905
117.603
116.906
118
118.019
118.519
117.996
118.392
118.53
119.796
118.803
118.96
120.371
119.752
117.696
118.083
118.215
118.597
117.799
115.422
117.683
116.75
116.249
116.761
115.798
116.903
118.055
117.035
117.811
118.733
116.838
118.783
119.67
118.078
118.201
116.277
118.23
117.458
118.262
118.769
118.993
119.046
118.724
118.339
118.077
121.149
119.699
119.474
119.742
116.54
119.809
118.382
117.703
118.052
118.021
118.129
116.438
118.702
116.885
117.716
118.232
116.353
118.132
117.604
118.058
116.652
118.399
118.096
120.92
117.899
117.675
117.702
118.086
115.923
115.739
116.009
116.702
115.678
117.287
116.834
117.792
118.408
118.8
119.421
119.887
120.536
118.327
118.086
116.716
117.766
117.009
117.003
117.078
118.217
119.019
118.175
118.459
119.215
118.464
119.657
116.93
118.956
118.522
117.109
118.555
116.973
116.833
117.708
117.588
117.349
117.045
115.614
115.997
117.451
117.584
118.285
118.923
117.7
118.187
116.973
118.392
120.851
119.749
119.931
116.985
119.806
118.601
119.04
118.814
117.503
117.509
118.724
117.552
117.111
118.337
118.24
117.387
117.234
116.453
118.739
120.522
121.833
121.111
118.192
118.348
118.411
118.766
121.22
120.357
119.655
120.005
118.705
119.064
118.656
116.64
116.305
117.863
117.978
117.669
117.657
118.852
119.973
119.565
119.452
118.077
118.245
118.323
119.126
121.081
119.799
117.062
117.912
117.148
118.92
118.08
118.218
120.184
119.068
118.949
119.525
118.496
118.746
118.016
117.33
116.368
116.816
115.835
116.306
116.65
115.118
118.553
118.918
117.735
119.603
117.657
118.408
120.228
118.356
117.076
116.529
118.33
117.43
118.206
118.79
116.32
120.452
118.585
118.42
118.838
119.623
119.907
119.557
119.57
119.062
119.059
119.28
117.975
116.879
116.129
116.801
118.992
118.235
116.874
118.103
118.085
117.463
116.015
117.73
116.689
118.249
118.61
119.242
119.705
118.924
118.451
118.374
119.505
116.251
117.553
118.121
119.58
119.996
117.301
117.668
119.971
120.383
120.322
120.585
117.548
116.593
117.905
119.623
120.452
120.287
121.175
120.601
119.611
117.441
118.939
117.836
118.393
116.915
117.421
116.606
117.839
117.942
118.216
118.447
119.504
118.037
117.781
118.577
118.787
120.272
117.906
118.082
118.068
116.751
118.234
115.24
118.304
118.292
118.699
118.146
118.253
121.579
119.652
118.661
118.1
117.881
116.687
118.073
119.333
118.713
118.841
117.477
118.283
118.256
118.218
120.975
119.457
119.651
119.322
118.284
119.38
117.239
117.63
115.425
118.023
118.33
117.179
118.796
117.868
119.406
120.913
118.669
119.956
118.339
118.575
118.032
117.914
118.013
119.188
117.71
117.743
116.386
116.613
116.439
116.087
116.378
117.776
117.192
119.046
118.135
119.937
118.029
116.636
120.117
118.657
118.55
116.928
117.302
117.683
118.997
117.853
116.904
119.051
116.833
116.088
116.256
117.028
117.703
116.67
116.445
116.285
116.455
116.748
116.281
114.369
115.435
116.01
116.205
119.051
116.429
118.037
116.649
116.025
117.171
118.491
116.732
115.186
113.753
114.127
114.83
114.076
116.933
113.74
113.667
116.14
117.516
118.923
117.243
118.12
118.215
119.532
119.455
120.318
118.137
118.819
116.256
118.163
117.399
115.071
116.094
115.448
115.74
116.913
119.158
118.921
120.953
118.913
119.259
117.432
117.355
115.467
116.684
116.571
116.356
116.499
118.226
119.418
118.709
119.136
121.131
118.868
116.953
115.298
117.009
117.453
115.965
115.616
118.406
117.188
116.768
117.841
118.505
117.59
115.767
116.195
115.838
117.834
117.522
118.549
118.145
118.273
116.825
115.658
116.365
115.36
115.384
115.536
118.284
117.589
117.195
118.452
119.609
117.979
118.345
119.508
119.421
117.948
118.966
118.062
116.514
117.983
116.741
117.194
118.592
117.864
116.614
117.021
117.526
115.899
116.62
117.619
118.182
117.067
116.845
116.658
118.898
120.217
116.272
119.538
117.62
118.058
118.631
117.635
117.594
118.375
117.765
115.874
117.033
119.168
120.853
122.027
120.918
119.987
120.049
116.99
116.731
116.423
115.76
117.236
114.299
115.62
117.467
118.597
117.342
117.009
117.266
116.286
115.713
115.183
114.414
115.312
116.52
115.43
117.914
117.382
116.948
118.814
115.471
117.405
115.565
118.233
117.873
117.082
116.65
117.943
116.244
114.35
115.769
115.262
117.016
117.957
117.699
118.052
116.878
115.81
115.608
116.75
118.515
117.628
118.247
118.76
116.946
116.681
115.504
114.714
117.763
118.021
118.722
119.867
119.141
117.678
117.936
118.03
118.756
118.154
118.373
118.443
120.145
119.358
118.307
117.816
117.029
117.233
118.259
115.792
116.236
117.933
117.813
116.596
116.673
116.708
116.486
115.372
116.623
115.926
115.16
116.921
115.688
117.133
117.762
117.41
117.299
117.224
115.27
116.102
115.891
115.8
117.571
116.122
114.407
115.362
115.946
117.289
115.438
117.377
118.979
116.322
116.882
116.496
114.804
113.682
115.169
114.441
113.999
115.806
116.304
115.468
116.171
117.102
115.955
114.796
115.857
116.371
117.231
117.173
119.055
117.379
118.709
117.164
117.956
116.942
117.327
117.707
117.484
117.463
116.992
116.571
115.177
116.16
115.031
115.369
115.391
116.558
115.529
115.102
114.293
115.347
116.798
118.093
116.935
116.799
117.353
117.629
118.352
116.738
116.367
114.08
116.09
114.769
115.491
115.892
117.086
119.354
118.431
118.475
116.418
116.598
117.655
117.815
117.368
116.864
116.73
117.07
116.625
117.685
117.443
118.322
117.319
116.077
117.393
118.858
116.42
114.63
115.469
114.909
114.629
113.353
114.574
114.871
115.903
114.154
116.821
115.187
114.51
115.577
116.148
115.755
114.908
116.128
116.175
115.773
116.172
117.491
116.513
117.343
116.288
114.849
117.395
116.316
118.033
117.924
116.744
117.788
118.32
116.966
116.682
117.471
117.043
115.202
114.535
115.034
115.498
116.739
116.799
115.015
115.682
117.818
118.563
116.384
117.434
116.54
115.913
117.714
118.492
116.312
116.9
117.023
117.859
115.609
118.113
117.63
117.473
114.974
117.973
117.029
117.501
117.426
118.655
116.597
116.261
115.036
114.812
114.682
115.63
115.199
118.016
117.863
118.46
118.105
118.72
117.188
115.47
116.542
115.417
113.829
115.872
117.22
115.545
116.293
116.246
116.032
115.724
115.511
117.783
116.263
115.169
115.886
117.012
118.94
118.272
118.084
119.701
116.533
118.069
118.275
119.888
118.489
118.048
118.293
117.891
118.548
117.092
116.221
117.177
117.952
116.633
116.504
115.69
118.367
116.098
118.014
118.868
118.883
117.969
116.926
116.415
116.207
114.823
115.345
115.426
115.37
116.318
116.967
116.567
117.538
116.447
114.381
114.991
116.231
115.201
117.546
116.846
115.385
114.711
117.662
115.456
116.56
116.309
116.396
115.406
115.976
114.849
116.019
115.923
117.261
117.273
117.915
116.617
116.952
115.693
117.105
116.149
115.736
116.73
117.431
117.72
116.593
116.664
118.251
117.717
116.017
118.227
117.384
117.515
116.043
116.354
116.27
117.89
118.813
118.752
116.522
117.37
118.506
117.922
118.331
119.191
116.968
117.477
116.202
118.403
118.9
117.801
118.523
118.247
117.622
115.965
117.942
117.092
118.829
119.531
119.232
119.863
119.146
118.228
119.122
117.364
118.201
118.369
119.602
117.342
116.861
116.705
116.268
116.092
115.787
116.809
115.29
115.461
115.913
116.145
115.848
116.2
118.078
118.082
117.265
117.753
117.198
117.303
117.416
116.838
116.709
119.359
117.283
117.674
113.985
115.763
117.827
118.961
115.987
116.442
114.918
116.412
115.878
118.559
116.925
116.431
117.669
117.476
118.206
117.203
117.152
117.78
116.472
118.281
118.554
117.301
119.622
120.514
119.59
119.207
117.543
117.987
117.912
116.782
116.27
116.609
115.803
118.023
117.394
116.593
117.039
116.046
115.803
115.789
116.32
118.977
118.543
117.622
116.843
116.079
117.013
118.557
117.254
118.453
118.439
118.009
120.287
118.675
117.332
118.825
117.439
115.374
116.606
115.672
116.216
119.423
118.189
116.315
115.951
118.594
119.35
117.956
118.081
116.151
116.653
116.127
114.622
115.069
118.546
116.896
117.854
117.187
117.067
116.635
116.043
118.243
115.823
118.139
116.341
116.412
114.781
117.28
115.698
116.942
118.466
115.254
117.625
117.512
117.995
115.954
117.899
118.293
118.589
116.594
115.953
116.637
116.621
116.891
116.833
115.297
116.6
116.315
115.804
115.828
116.56
117.152
118.166
117.122
117.577
117.898
119.5
116.706
118.142
116.783
118.767
119.232
117.154
117.895
116.742
115.701
116.907
116.664
119.638
118.638
119.377
117.038
116.678
117.27
118.095
117.169
118.321
118.162
119.247
117.526
115.947
117.359
117.269
117.505
115.886
116.994
117.349
117.179
117.007
116.185
116.245
115.703
115.474
115.244
115.62
116.287
117.109
117.863
116.107
116.564
117.908
115.838
116.355
115.603
115.951
117.516
116.342
116.624
116.282
116.583
117.692
120.204
118.349
119.909
118.585
115.782
116.509
117.542
119.16
117.724
117.019
118.178
116.29
116.805
117.417
119.161
119.7
118.677
117.181
116.471
117.056
119.638
116.915
117.504
117.083
115.167
116.91
116.521
118.032
116.768
116.89
118.413
117.581
118.07
115.781
117.708
119.559
118.09
118.097
115.707
117.172
117.581
116.875
117.955
116.127
117.248
117.261
116.706
117.2
118.347
116.316
116.654
114.81
116.231
117.848
116.757
117.256
114.792
117.239
116.191
117.487
117.301
115.424
117.679
118.369
118.06
118.362
116.456
118.386
118.391
117.914
117.526
116.298
116.541
117.663
115.592
115.474
117.621
117.396
117.555
117.728
117.687
117.106
116.505
116.675
117.669
117.024
117.638
117.201
118.614
116.663
116.126
116.803
116.577
116.304
117.684
117.281
116.625
115.981
115.728
117.462
117.228
118.2
119.285
118.793
116.32
116.651
116.916
116.998
116.109
117.959
116.31
116.269
115.337
115.996
115.792
115.049
115.54
114.547
115.148
115.085
116.522
117.015
114.047
115.158
116.608
116.313
116.912
115.06
117.324
116.788
116.091
113.831
115.036
115.371
116.564
116.583
116.76
116.247
116.918
118.826
117.913
118.067
117.92
118.54
118.36
118.023
117.782
118.196
116.811
115.964
115.598
116.175
114.964
118.107
117.499
116.78
118.274
116.55
118.751
119.111
118.856
117.925
118.11
116.775
116.476
116.262
117.545
117.848
119.194
119.941
118.355
117.315
117.219
115.388
116.366
118.859
117.734
118.488
118.839
119.077
118.243
118.479
119.585
118.66
118.605
116.215
117.939
119.079
118.704
120.199
119.184
118.626
119.312
118.885
117.916
119.267
119.159
117.561
118.575
117.26
119.383
119.772
120.069
118.051
118.565
120.606
118.387
117.682
116.447
118.024
116.657
117.983
118.714
118.859
117.158
118.984
116.611
118.76
117.761
117.88
115.601
116.582
114.491
116.638
116.756
115.563
116.879
115.912
116.549
116.335
116.952
116.987
117.891
119.397
118.078
118.217
117.493
119.156
118.741
118.837
119.939
119.557
117.5
118.044
117.431
117.837
117.117
118.84
115.905
117.865
118.277
117.5
117.176
117.238
116.766
116.902
117.187
117.563
118.947
117.589
116.304
118.705
118.466
118.5
119.062
116.912
117.43
117.69
117.886
117.763
116.756
116.816
118.249
115.667
116.214
115.511
115.624
117.371
115.359
116.705
117.999
119.087
120.226
118.352
119.698
119.012
116.367
116.562
115.17
115.28
116.521
116.909
114.861
115.995
118.483
115.724
115.705
116.868
117.424
117.012
118.928
118.861
117.174
117.004
116.126
116.385
114.843
114.527
116.333
115.67
117.174
116.538
116.22
116.942
115.553
117.707
114.884
115.824
115.627
115.311
117.384
115.765
113.53
114.738
115.255
116.47
114.617
116.27
114.949
113.833
114.3
113.447
116.494
116.333
117.383
117.354
117.052
116.829
117.152
115.775
117.265
116.152
116.92
117.15
116.227
114.992
116.361
115.732
115.622
117.009
117.302
117.987
115.788
115.756
115.234
114.802
117.287
115.073
115.809
115.582
115.239
115.788
116.732
116.685
116.013
119.199
118.923
118.694
117.667
115.891
117.243
117.883
116.887
117.042
118.872
117.251
115.234
117.609
116.046
117.795
115.91
116.062
117.204
119.281
117.083
115.054
115.273
115.151
115.474
117.214
117.577
117.469
117.229
116.253
116.719
116.736
117.544
116.983
117.701
114.395
117.438
117.154
117.969
118.832
119.359
119.211
117.809
118.411
119.145
117.617
118.849
117.107
118.319
116.844
117.947
116.567
114.895
116.563
116.02
117.829
117.574
117.969
116.308
118.296
117.767
118.505
114.78
117.773
116.887
117.179
117.505
118.299
117.738
116.596
116.317
116.374
117.388
116.874
117.503
114.741
116.576
117.576
115.168
115.514
115.588
116.792
116.425
117.178
117.153
116.724
115.962
115.517
115.38
115.046
113.669
115.48
114.584
116.691
114.321
117.03
117.455
116.282
116.465
117.641
114.838
115.758
114.715
115.258
114.489
115.188
116.077
117.011
118.568
116.659
117.32
115.568
117.588
116.721
116.097
117.348
115.134
113.954
115.138
115.504
116.586
115.756
118.178
117.681
119.137
116.725
118.094
117.33
116.409
117.544
117.536
117.528
118.179
117.999
116.727
115.82
116.006
116.619
115.764
115.911
116.529
115.249
114.007
113.784
114.584
115.055
114.96
115.848
117.19
115.283
115.828
116.481
114.564
115.243
116.703
114.332
116.547
115.639
116.134
116.758
115.369
115.482
115.782
116.983
115.547
114.061
114.089
114.882
113.636
114.854
113.486
116.474
115.532
117.911
117.511
117.535
116.809
119.44
117.871
117.942
117.436
116.658
118.858
116.041
116.335
115.663
115.602
115.361
117.109
115.517
114.308
116.313
115.622
116.793
116.083
117.355
115.061
116.323
115.752
114.836
114.416
114.095
112.637
113.517
115.424
116.211
116.215
116.167
112.959
115.264
116.853
116.573
116.311
117.086
116.425
117.968
116.411
117.142
116.363
113.41
114.437
114.422
114.253
115.833
116.728
117.075
117.837
116.766
116.955
117.777
117.716
118.27
119.206
115.178
118.195
116.604
114.503
116.488
116.613
115.115
116.257
116.16
116.279
116.874
119.001
118.05
115.56
117.8
116.397
115.86
116.43
116.374
114.677
114.651
116.125
116.235
114.938
117.993
118.193
117.533
117.305
116.221
116.335
115.932
114.049
115.751
113.662
112.563
114.741
113.425
114.24
113.632
115.488
116.528
115.987
115.991
116.984
114.652
114.139
115.453
115.771
117.774
114.709
116.564
115.556
117.458
114.904
116.029
115.791
118.028
116.147
114.835
115.179
114.65
114.841
114.709
116.466
116.75
115.73
116.18
116.151
116.261
119.523
119.205
119.38
118.589
119.173
117.135
117.931
116.912
115.687
116.326
115.347
116.518
116.941
117.358
116.167
117.385
116.492
116.79
115.136
115.969
113.776
116.641
116.015
117.42
116.214
116.653
117.316
115.595
116.407
114.28
114.686
113.89
113.794
112.344
114.319
114.277
114.996
115.594
114.393
115.08
116.793
116.194
116.349
115.831
116.852
117.512
117.458
116.598
117.791
116
115.653
116.902
118.759
118.092
117.891
115.437
117.214
115.511
114.526
115.639
117.201
117.512
117.222
115.36
115.362
115.717
115.01
115.863
113.921
114.855
117.072
116.046
115.839
116.827
118.454
116.241
115.284
115.959
113.461
114.787
114.611
113.849
114.532
115.168
114.202
115.946
114.076
116.073
115.261
116.853
114.43
112.531
114.467
115.5
114.248
117.377
117.687
117.449
116.421
115.2
115.579
114.022
115.176
115.11
115.221
115.169
116.282
113.959
115.716
113.32
115.741
112.543
113.556
115.735
115.193
116.181
116.554
113.867
112.581
113.747
115.05
114.953
115.592
116.118
115
118.585
115.523
116.632
115.997
115.438
113.767
116.608
117.614
114.757
115.111
118.226
115.818
114.126
115.394
115.795
115.933
116.802
116.963
116.293
114.238
115.357
116.094
117.868
116.812
113.238
114.449
116.782
115.409
113.69
114.02
113.854
114.88
114.712
114.594
117.405
118.325
116.238
114.453
115.447
115.332
114.511
114.968
115.381
115.764
115.094
113.868
112.996
114.001
115.338
113.985
115.899
117.014
117.577
116.036
116.391
116.237
114.046
114.026
115.364
117.422
115.272
114.888
115.535
115.91
114.029
112.852
113.327
116.082
117.402
116.479
117.339
116.632
116.799
118.441
115.466
116.055
115.258
114.83
115.251
116.428
117.15
115.677
112.323
110.871
113.106
112.857
114.966
116.768
116.361
115.05
114.411
116.499
112.784
112.42
112.282
113.653
114.061
115.138
116.669
116.304
115.817
116.459
115.994
115.583
113.226
114.925
114.084
115.848
116.15
118.255
115.147
114.072
113.062
113.261
113.954
112.572
114.078
115.04
115.358
115.278
116.271
116.683
116.155
115.488
115.185
115.9
115.261
115.503
114.817
114.765
114.491
113.791
114.149
113.996
115.359
113.577
117.716
114.127
114.956
113.515
114.043
115.483
115.278
116.345
116.938
117.275
116.591
117.454
118.411
118.066
117.58
117.233
117.502
116.88
117.327
116.884
114.648
115.08
113.971
115.468
115.636
116.767
114.69
115.929
114.141
114.709
113.827
115.046
115.746
117.279
117.586
114.464
117.152
115.859
116.023
116.749
116.512
115.77
115.493
116.553
115.559
116.062
115.529
114.877
113.781
117.215
116.37
116.31
114.59
113.787
114.744
114.907
115.512
114.507
114.209
116.759
119.03
118.37
119.288
117.757
116.175
117.423
115.493
117.062
116.784
115.411
116.502
115.417
117.731
116.104
116.158
115.417
115.395
114.489
115.034
116.173
114.657
116.383
115.498
116.018
116.389
115.012
115.069
114.143
116.435
116.05
113.714
113.259
113.854
115.139
115.604
116.783
116.034
115.214
114.541
114.734
116.462
117.119
117.512
116.473
115.565
114.43
115.307
113.963
113.362
115.491
114.224
115.439
115.21
114.184
113.532
114.816
114.633
115.827
115.369
114.398
116.221
115.339
117.801
117.463
118.916
117.752
117.633
118.666
117.884
117.381
117.738
115.432
114.669
113.425
114.61
116.51
115.65
113.869
115.486
112.967
112.527
113.137
112.643
114.453
114.946
115.646
117.683
116.166
116.475
116.284
117.693
118.895
116.214
116.968
117.313
116.758
114.636
114.392
116.398
115.314
115.42
114.834
113.312
115.251
114.079
114.816
116.025
115.776
115.189
115.313
114.688
114.306
115.243
116.449
114.717
117.259
117.223
116.195
115.77
115.765
115.594
115.839
117.214
116.851
116.235
115.852
114.841
116.702
115.743
116.085
115.781
114.705
115.95
116.615
116.801
117.548
116.223
116.31
117.37
118.816
116.313
116.786
116.909
116.271
115.69
114.575
116.655
116.119
115.548
114.921
116.413
114.158
116.218
116.883
116.003
117.115
116.101
117.061
118.441
117.827
118.133
118.395
118.624
118.062
117.364
115.441
116.983
118.247
117.207
115.944
115.425
116.281
117.953
118.074
116.764
116.208
115.998
116.281
118.347
116.808
115.353
116.776
115.561
116.183
114.652
114.849
114.446
113.331
114.367
115.725
116.203
115.895
116.311
117.444
117.521
117.354
116.088
116.723
117.799
116.714
118.06
116.635
117.486
118.414
117.797
116.172
116.726
117.703
117.451
117.598
115.564
117.001
116.646
115.004
115.436
116.067
115.38
117.065
115.993
114.993
114.106
116.054
116.557
115.655
115.558
114.35
114.688
113.966
116.75
115.237
116.897
117.472
115.425
114.284
114.916
115.685
116.217
115.372
115.654
116.381
116.29
117.781
117.077
114.976
115.087
115.657
117.115
116.952
114.715
115
114.298
115.106
116.507
116.86
116.003
116.111
117.014
114.669
116.007
115.702
116.404
115.758
114.198
115.864
115.011
114.482
114.721
115.389
115.041
115.033
115.103
114.705
115.621
116.207
115.324
114.023
114.224
99.5306
