# VELOCITY:     SINGLE_BLOCK_AVE_POFV:       PROGRESSIVE_AVE_POFV:        ERROR:
         0.0266667             0.012             0.012                 0
              0.08             0.096             0.096                 0
          0.133333             0.276             0.276                 0
          0.186667               0.3               0.3                 0
              0.24              0.41              0.41                 0
          0.293333             0.528             0.528                 0
          0.346667             0.664             0.664                 0
               0.4              0.98              0.98                 0
          0.453333             0.978             0.978                 0
          0.506667             1.076             1.076                 0
              0.56             1.136             1.136                 0
          0.613333              1.29              1.29                 0
          0.666667             1.322             1.322                 0
              0.72             1.866             1.866                 0
          0.773333             1.864             1.864                 0
          0.826667             2.798             2.798                 0
              0.88             2.828             2.828                 0
          0.933333             2.554             2.554                 0
          0.986667             2.162             2.162                 0
              1.04             6.818             6.818                 0
           1.09333             6.694             6.694                 0
           1.14667               6.7               6.7                 0
               1.2             7.302             7.302                 0
           1.25333              5.88              5.88                 0
           1.30667             5.278             5.278                 0
              1.36             4.922             4.922                 0
           1.41333             4.292             4.292                 0
           1.46667             3.712             3.712                 0
              1.52             3.098             3.098                 0
           1.57333              2.55              2.55                 0
         0.0266667                 0             0.006        0.00424264
              0.08             0.006             0.051         0.0318198
          0.133333             0.068             0.172         0.0735391
          0.186667             0.054             0.177         0.0869741
              0.24             0.186             0.298          0.079196
          0.293333             0.408             0.468         0.0424264
          0.346667              0.45             0.557         0.0756604
               0.4             0.298             0.639          0.241123
          0.453333             0.802              0.89         0.0622254
          0.506667             0.988             1.032         0.0311127
              0.56             0.992             1.064         0.0509117
          0.613333             1.288             1.289       0.000707107
          0.666667             1.232             1.277         0.0318198
              0.72             1.706             1.786         0.0565685
          0.773333             1.506             1.685          0.126572
          0.826667             2.662              2.73         0.0480833
              0.88             2.474             2.651          0.125158
          0.933333             2.546              2.55        0.00282843
          0.986667             2.818              2.49          0.231931
              1.04             2.254             4.536           1.61362
           1.09333             2.454             4.574           1.49907
           1.14667              3.69             5.195            1.0642
               1.2             3.614             5.458            1.3039
           1.25333             3.928             4.904          0.690136
           1.30667             4.008             4.643          0.449013
              1.36              3.88             4.401          0.368403
           1.41333               3.3             3.796          0.350725
           1.46667             3.264             3.488          0.158392
              1.52             3.368             3.233         0.0954594
           1.57333              3.23              2.89          0.240416
         0.0266667                 0             0.004        0.00326599
              0.08              0.02         0.0406667         0.0228295
          0.133333             0.122          0.155333         0.0508797
          0.186667             0.082          0.145333         0.0634864
              0.24             0.086          0.227333         0.0782096
          0.293333             0.196          0.377333         0.0792483
          0.346667             0.446              0.52         0.0587953
               0.4             0.732              0.67          0.162729
          0.453333             0.772          0.850667         0.0524623
          0.506667              1.21           1.09133          0.052699
              0.56             1.104           1.07733         0.0356443
          0.613333             1.238             1.272         0.0138884
          0.666667             1.678           1.41067          0.111181
              0.72             1.568           1.71333          0.070303
          0.773333             1.556             1.642         0.0913941
          0.826667             2.282           2.58067          0.126073
              0.88             2.206           2.50267          0.147073
          0.933333             2.878           2.65933         0.0892902
          0.986667             2.776           2.58533          0.173108
              1.04             3.228               4.1           1.13312
           1.09333             3.402           4.18333           1.04905
           1.14667             3.264           4.55133          0.882918
               1.2              3.53           4.81533           1.01537
           1.25333             3.346           4.38467           0.62569
           1.30667             3.248             4.178          0.483483
              1.36             3.262           4.02133          0.395497
           1.41333              2.91           3.50067          0.335884
           1.46667              3.21           3.39533          0.129904
              1.52             3.356             3.274         0.0719073
           1.57333             3.146           2.97533          0.174767
         0.0266667             0.006            0.0045        0.00248747
              0.08              0.04            0.0405         0.0171227
          0.133333             0.054              0.13          0.044017
          0.186667             0.082            0.1295         0.0495498
              0.24             0.216            0.2245         0.0587085
          0.293333             0.394            0.3815         0.0595457
          0.346667             0.478            0.5095         0.0450243
               0.4             0.936            0.7365          0.134953
          0.453333             1.142            0.9235         0.0743417
          0.506667             1.628            1.2255           0.12273
              0.56             1.498            1.1825         0.0949194
          0.613333             1.566            1.3455         0.0644995
          0.666667              1.42             1.413         0.0834101
              0.72             1.752             1.723         0.0533877
          0.773333             2.668            1.8985          0.232471
          0.826667             2.674             2.604         0.0966902
              0.88             3.318            2.7065          0.208154
          0.933333             3.488            2.8665          0.191502
          0.986667             3.638            2.8485          0.262295
              1.04              3.81            4.0275          0.852155
           1.09333             3.466             4.004          0.801968
           1.14667             2.964            4.1545          0.746057
               1.2             3.126             4.393          0.844807
           1.25333             2.762             3.979          0.586205
           1.30667              2.99             3.881          0.444572
              1.36             3.754            3.9545          0.302217
           1.41333             3.258              3.44          0.257333
           1.46667             3.148            3.3335          0.111174
              1.52             3.274             3.274         0.0539305
           1.57333             3.316            3.0605          0.150402
         0.0266667                 0            0.0036        0.00214663
              0.08              0.03            0.0384         0.0138264
          0.133333              0.05             0.114         0.0380105
          0.186667              0.04            0.1116          0.042751
              0.24             0.094            0.1984         0.0524485
          0.293333             0.102            0.3256         0.0690586
          0.346667             0.208            0.4492         0.0648558
               0.4             0.964             0.782          0.115378
          0.453333              1.42            1.0228           0.10689
          0.506667             1.314            1.2432         0.0994523
              0.56             1.448            1.2356          0.089565
          0.613333             1.552            1.3868         0.0634592
          0.666667             1.902            1.5108          0.110021
              0.72             2.088             1.796         0.0780215
          0.773333             3.372            2.1932          0.322592
          0.826667             3.326            2.7484          0.150547
              0.88             2.766            2.7184          0.166863
          0.933333              3.07            2.9072          0.157468
          0.986667             4.306              3.14          0.334677
              1.04             3.864            3.9948          0.682351
           1.09333             3.378            3.8788          0.651274
           1.14667              3.41            4.0056          0.611524
               1.2             2.844            4.0832          0.730444
           1.25333             2.696            3.7224          0.522113
           1.30667              2.92            3.6888          0.395025
              1.36             3.516            3.8668           0.25418
           1.41333             3.444            3.4408          0.205868
           1.46667             2.862            3.2392          0.122573
              1.52             2.618            3.1428          0.125029
           1.57333             2.994            3.0472          0.120908
         0.0266667                 0             0.003        0.00187083
              0.08                 0             0.032         0.0129185
          0.133333             0.044          0.102333         0.0334179
          0.186667             0.202          0.126667         0.0381886
              0.24             0.224          0.202667         0.0438803
          0.293333              0.45          0.346333         0.0605813
          0.346667             0.374          0.436667         0.0552442
               0.4             0.648          0.759667         0.0982858
          0.453333             0.742             0.976         0.0987905
          0.506667             1.152             1.228         0.0840304
              0.56             1.188           1.22767          0.074988
          0.613333             1.986           1.48667          0.105393
          0.666667              2.11           1.61067          0.129294
              0.72             1.896           1.81267         0.0667744
          0.773333              2.25           2.20267          0.268966
          0.826667             2.076           2.63633           0.16188
              0.88              2.76           2.72533          0.139197
          0.933333             2.996             2.922          0.131917
          0.986667             2.802           3.08367          0.283599
              1.04             3.608           3.93033          0.571663
           1.09333             3.144           3.75633          0.554123
           1.14667             3.102             3.855          0.527822
               1.2             3.096           3.91867           0.62696
           1.25333             2.716           3.55467          0.461251
           1.30667             3.352           3.63267          0.333152
              1.36              3.84           3.86233          0.211856
           1.41333             4.402             3.601          0.225429
           1.46667             4.022           3.36967          0.156902
              1.52             3.574           3.21467          0.123125
           1.57333              3.76             3.166          0.148031
         0.0266667                 0        0.00257143        0.00165193
              0.08             0.028         0.0314286         0.0110857
          0.133333             0.028         0.0917143         0.0302842
          0.186667             0.034          0.113429         0.0349524
              0.24              0.15          0.195143         0.0382513
          0.293333             0.466          0.363429         0.0542853
          0.346667             0.726             0.478          0.060882
               0.4             0.836          0.770571         0.0848477
          0.453333              1.17           1.00371         0.0884796
          0.506667             1.374           1.24886         0.0745696
              0.56             1.404           1.25286         0.0683757
          0.613333             2.146           1.58086           0.12556
          0.666667             2.548           1.74457          0.166286
              0.72             2.288           1.88057         0.0850188
          0.773333             2.472           2.24114          0.233278
          0.826667             2.336           2.59343          0.144328
              0.88             2.736           2.72686           0.11932
          0.933333             3.164           2.95657          0.117514
          0.986667              2.86           3.05171          0.244878
              1.04              2.98           3.79457          0.505861
           1.09333             3.474             3.716          0.476428
           1.14667             2.678           3.68686          0.478451
               1.2              3.08           3.79886          0.548722
           1.25333             3.794           3.58886          0.396623
           1.30667             3.788           3.65486          0.286297
              1.36              3.06           3.74771          0.210324
           1.41333              4.27           3.69657          0.212521
           1.46667             4.502           3.53143          0.201285
              1.52             4.494           3.39743          0.199419
           1.57333             4.016           3.28743          0.169523
         0.0266667             0.008           0.00325        0.00157867
              0.08             0.154           0.04675         0.0173058
          0.133333             0.172           0.10175         0.0281124
          0.186667             0.344           0.14225         0.0407698
              0.24             0.336           0.21275         0.0373027
          0.293333             0.316            0.3575         0.0478223
          0.346667             0.522            0.4835         0.0535196
               0.4             0.664           0.75725         0.0752803
          0.453333             1.042            1.0085          0.077549
          0.506667              1.04           1.22275         0.0696688
              0.56             1.418            1.2735         0.0628677
          0.613333             2.172           1.65475          0.129799
          0.666667              1.44            1.7065          0.149795
              0.72             1.928            1.8865         0.0745979
          0.773333             2.246           2.24175          0.204119
          0.826667             2.684           2.60475           0.12673
              0.88             2.608             2.712          0.105326
          0.933333             2.956            2.9565          0.102825
          0.986667              3.77            3.1415          0.230141
              1.04             3.246             3.726          0.447252
           1.09333               3.2            3.6515          0.421218
           1.14667             3.748            3.6945          0.418706
               1.2             5.212            3.9755          0.507769
           1.25333              5.33            3.8065          0.402353
           1.30667             4.422           3.75075          0.266085
              1.36             4.442            3.8345          0.201143
           1.41333             4.484             3.795          0.207501
           1.46667             3.082           3.47525          0.183797
              1.52              2.99            3.3465          0.180878
           1.57333             2.878           3.23625          0.155866
         0.0266667             0.004        0.00333333        0.00140546
              0.08             0.008         0.0424444         0.0159096
          0.133333             0.026         0.0933333         0.0262185
          0.186667             0.106          0.138222         0.0364383
              0.24             0.334          0.226222         0.0355075
          0.293333             0.452             0.368         0.0436462
          0.346667             0.488             0.484         0.0475753
               0.4             0.764             0.758         0.0669195
          0.453333             0.968             1.004         0.0690629
          0.506667             1.332           1.23489         0.0629765
              0.56             2.434           1.40244          0.133799
          0.613333             2.578           1.75733          0.150552
          0.666667              2.15           1.75578          0.141024
              0.72             3.126           2.02422          0.145797
          0.773333             2.998           2.32578          0.197981
          0.826667             3.104           2.66022          0.124198
              0.88             2.656           2.70578         0.0938064
          0.933333             2.862             2.946         0.0919345
          0.986667             3.322           3.16156          0.205442
              1.04             2.948           3.63956          0.405825
           1.09333             2.878           3.56556          0.383084
           1.14667             3.152           3.63422          0.376497
               1.2             3.632           3.93733          0.452782
           1.25333             4.066           3.83533          0.358679
           1.30667             3.414           3.71333          0.239136
              1.36             3.546           3.80244           0.18133
           1.41333             2.934           3.69933          0.205317
           1.46667             2.582             3.376          0.188275
              1.52             2.162           3.21489          0.203094
           1.57333              2.53           3.15778          0.157064
         0.0266667                 0             0.003        0.00130384
              0.08                 0            0.0382          0.014874
          0.133333             0.032            0.0872         0.0243034
          0.186667             0.092            0.1336         0.0330863
              0.24             0.216            0.2252         0.0319715
          0.293333             0.178             0.349         0.0432197
          0.346667              0.22            0.4576         0.0496047
               0.4              0.37            0.7192         0.0705851
          0.453333             1.004             1.004         0.0621566
          0.506667             1.124            1.2238         0.0576468
              0.56              2.36            1.4982          0.150841
          0.613333              1.72            1.7536          0.135543
          0.666667             1.662            1.7464          0.127233
              0.72             3.134            2.1352          0.168233
          0.773333             2.512            2.3444          0.179056
          0.826667             2.658              2.66          0.111778
              0.88             2.976            2.7328         0.0882321
          0.933333             2.538            2.9052         0.0913469
          0.986667             3.266             3.172          0.185163
              1.04             2.326            3.5082          0.385916
           1.09333             3.174            3.5264          0.346771
           1.14667             2.814            3.5522          0.347667
               1.2              4.78            4.0216          0.415271
           1.25333             3.066            3.7584          0.330959
           1.30667             3.202            3.6622          0.220622
              1.36              3.75            3.7972          0.163273
           1.41333             3.128            3.6422          0.192571
           1.46667              2.68            3.3064          0.181857
              1.52             3.172            3.2106           0.18283
           1.57333             3.056            3.1476          0.141687
         0.0266667              0.02        0.00454545         0.0018911
              0.08             0.048         0.0390909         0.0135485
          0.133333             0.136         0.0916364         0.0224953
          0.186667              0.22          0.141455         0.0309968
              0.24             0.304          0.232364         0.0298568
          0.293333              0.63          0.374545         0.0462277
          0.346667             0.742          0.483455         0.0513932
               0.4             1.088          0.752727           0.07169
          0.453333             0.976           1.00145         0.0565581
          0.506667             1.742           1.27091         0.0690212
              0.56             2.336           1.57436           0.15517
          0.613333             1.516             1.732           0.12493
          0.666667             1.542           1.72782          0.117015
              0.72              1.86           2.11018          0.154789
          0.773333             2.366           2.34636          0.162789
          0.826667              2.64           2.65818          0.101631
              0.88             2.674           2.72745         0.0803727
          0.933333             2.724           2.88873         0.0845149
          0.986667              3.65           3.21545          0.173354
              1.04             3.678           3.52364          0.351141
           1.09333             3.308           3.50655          0.315814
           1.14667             3.882           3.58218          0.317351
               1.2             3.916             4.012           0.37763
           1.25333             3.122           3.70055          0.305886
           1.30667             3.248           3.62455          0.203753
              1.36              3.63             3.782          0.149136
           1.41333             3.232           3.60491          0.178639
           1.46667              3.32           3.30764          0.165329
              1.52             3.418           3.22945          0.167178
           1.57333             3.386           3.16927          0.130454
         0.0266667                 0        0.00416667        0.00177104
              0.08                 0         0.0358333         0.0128051
          0.133333             0.124         0.0943333         0.0207817
          0.186667             0.168          0.143667         0.0284925
              0.24              0.17          0.227167         0.0278173
          0.293333             0.248             0.364         0.0435616
          0.346667              0.32          0.469833         0.0488822
               0.4             0.784          0.755333         0.0657632
          0.453333             1.528           1.04533         0.0667293
          0.506667             2.828           1.40067          0.139417
              0.56              2.78           1.67483          0.171712
          0.613333              2.52           1.79767          0.130643
          0.666667              2.05           1.75467          0.110301
              0.72              1.72           2.07767          0.145264
          0.773333             1.938           2.31233          0.152739
          0.826667             2.026            2.6055           0.10594
              0.88             2.002             2.667          0.093692
          0.933333             2.416           2.84933         0.0861653
          0.986667             3.438             3.234          0.159897
              1.04             4.176             3.578          0.326061
           1.09333              4.12           3.55767          0.293605
           1.14667             4.236           3.63667          0.295545
               1.2             5.458            4.1325          0.364881
           1.25333             4.148           3.73783          0.282659
           1.30667             3.514           3.61533          0.186982
              1.36             3.244           3.73717          0.143288
           1.41333              2.91             3.547          0.172884
           1.46667             3.376           3.31333           0.15165
              1.52              2.69            3.1845          0.159176
           1.57333             2.594           3.12133          0.128088
         0.0266667             0.006        0.00430769        0.00164041
              0.08             0.004         0.0333846         0.0120519
          0.133333             0.008         0.0876923         0.0202164
          0.186667             0.038          0.135538         0.0274357
              0.24             0.082             0.216         0.0278287
          0.293333             0.238          0.354308         0.0412749
          0.346667             0.444          0.467846         0.0451624
               0.4             0.878          0.764769         0.0613777
          0.453333             1.296           1.06462         0.0643218
          0.506667             1.992           1.44615           0.13591
              0.56             2.326           1.72492          0.165648
          0.613333             1.534           1.77738          0.122157
          0.666667             1.826           1.76015          0.101953
              0.72             2.392           2.10185          0.136088
          0.773333             2.342           2.31462          0.141007
          0.826667             2.444           2.59308         0.0985162
              0.88             2.712           2.67046         0.0865489
          0.933333             3.064           2.86585         0.0811041
          0.986667              3.83           3.27985          0.154029
              1.04             3.024           3.53538          0.303751
           1.09333             3.652           3.56492          0.271109
           1.14667             4.388           3.69446          0.278405
               1.2             4.106           4.13046          0.336818
           1.25333             4.926           3.82923          0.275297
           1.30667             3.414           3.59985          0.173239
              1.36             3.604           3.72692          0.132632
           1.41333             4.128           3.59169          0.165261
           1.46667             3.722           3.34477          0.143206
              1.52             3.738           3.22708           0.15252
           1.57333             3.028           3.11415          0.118436
         0.0266667                 0             0.004        0.00155183
              0.08              0.02         0.0324286         0.0112289
          0.133333             0.038         0.0841429         0.0190814
          0.186667             0.252          0.143857         0.0267074
              0.24              0.43          0.231286         0.0297442
          0.293333               0.7             0.379          0.045112
          0.346667             0.956          0.502714         0.0537365
               0.4             1.508          0.817857         0.0765851
          0.453333             1.682           1.10871         0.0733019
          0.506667             2.082           1.49157          0.133576
              0.56             2.622             1.789          0.165746
          0.613333              3.15           1.87543          0.147624
          0.666667             2.172           1.78957         0.0988233
              0.72             2.414           2.12414          0.128181
          0.773333             2.702           2.34229          0.133622
          0.826667             3.742           2.67514          0.120922
              0.88               3.1           2.70114         0.0856325
          0.933333             3.064              2.88          0.076536
          0.986667             4.258           3.34971          0.158081
              1.04             2.822           3.48443          0.286297
           1.09333             3.064           3.52914          0.254094
           1.14667             3.434           3.67586           0.25914
               1.2             2.194           3.99214          0.339977
           1.25333             4.152           3.85229          0.256596
           1.30667             2.532           3.52357          0.176861
              1.36             2.868           3.66557          0.136613
           1.41333             2.708           3.52857          0.165071
           1.46667             2.856           3.30986          0.137166
              1.52             2.482           3.17386          0.150625
           1.57333             2.932           3.10114          0.110689
         0.0266667                 0        0.00373333         0.0014711
              0.08                 0         0.0302667         0.0106864
          0.133333              0.01            0.0792         0.0184384
          0.186667             0.012          0.135067         0.0263338
              0.24             0.086            0.2216         0.0292959
          0.293333             0.114          0.361333         0.0454323
          0.346667             0.272          0.487333         0.0523091
               0.4             0.388            0.7892         0.0766537
          0.453333             1.026            1.1032         0.0686222
          0.506667             1.028           1.46067          0.128196
              0.56             1.054              1.74          0.161778
          0.613333             1.226           1.83213          0.143991
          0.666667             2.086           1.80933         0.0941903
              0.72             2.554            2.1528          0.122797
          0.773333             2.868           2.37733          0.129229
          0.826667               2.9           2.69013          0.113786
              0.88             2.974           2.71933         0.0818329
          0.933333             3.168            2.8992         0.0738026
          0.986667             4.418           3.42093          0.162797
              1.04             2.804           3.43907           0.27078
           1.09333               3.3           3.51387          0.237614
           1.14667             4.818             3.752          0.252803
               1.2             3.562           3.96347          0.318519
           1.25333             4.962           3.92627          0.249927
           1.30667             4.394            3.5816           0.17433
              1.36              3.99            3.6872          0.129206
           1.41333             3.324           3.51493          0.154629
           1.46667             3.244           3.30547          0.128092
              1.52             2.842           3.15173          0.142199
           1.57333             2.728           3.07627          0.106068
         0.0266667                 0            0.0035        0.00139754
              0.08                 0          0.028375         0.0101846
          0.133333             0.034          0.076375         0.0175011
          0.186667              0.04          0.129125         0.0253494
              0.24             0.104           0.21425         0.0283719
          0.293333              0.16           0.34875         0.0443011
          0.346667             0.548          0.491125          0.049177
               0.4               0.5          0.771125         0.0739632
          0.453333             0.426           1.06087         0.0762772
          0.506667             0.536           1.40288          0.132572
              0.56             0.714           1.67587          0.163883
          0.613333             1.032           1.78212          0.143413
          0.666667             2.034           1.82337         0.0893439
              0.72             1.768           2.12875          0.117454
          0.773333             1.874           2.34588          0.124922
          0.826667             2.348           2.66875          0.108665
              0.88             2.734           2.72025         0.0767235
          0.933333             2.428           2.86975         0.0748354
          0.986667             3.762           3.44225          0.154011
              1.04             2.602           3.38675          0.258861
           1.09333              3.29           3.49987          0.223174
           1.14667              4.79           3.81687          0.245185
               1.2             3.792           3.95275          0.298792
           1.25333              4.28           3.94838          0.235283
           1.30667              3.46             3.574            0.1636
              1.36              3.13           3.65238          0.125736
           1.41333              3.56           3.51775           0.14499
           1.46667             3.746             3.333           0.12301
              1.52              3.36           3.16475          0.133906
           1.57333              3.07           3.07587         0.0994398
         0.0266667                 0        0.00329412        0.00133041
              0.08              0.01         0.0272941        0.00964267
          0.133333              0.06         0.0754118         0.0164981
          0.186667             0.084          0.126471         0.0239968
              0.24              0.08          0.206353         0.0277803
          0.293333             0.112          0.334824         0.0438295
          0.346667             0.322          0.481176         0.0472798
               0.4             0.482          0.754118         0.0715411
          0.453333             0.466           1.02588         0.0794123
          0.506667             0.854           1.37059          0.128645
              0.56              1.16           1.64553          0.157027
          0.613333             1.582           1.77035          0.135459
          0.666667             2.428           1.85894         0.0908923
              0.72             2.186           2.13212          0.110593
          0.773333              1.82           2.31494          0.121343
          0.826667              1.93           2.62529          0.110622
              0.88             1.922           2.67329         0.0853785
          0.933333             1.892           2.81224         0.0898566
          0.986667              1.98           3.35624          0.167255
              1.04             2.992           3.36353          0.244673
           1.09333             3.106           3.47671          0.211246
           1.14667             4.186           3.83859          0.231722
               1.2              3.22           3.90965          0.284308
           1.25333              4.01             3.952           0.22147
           1.30667             5.556           3.69059          0.191055
              1.36             4.062           3.67647          0.120627
           1.41333             3.602           3.52271          0.136546
           1.46667              3.47           3.34106          0.116038
              1.52             3.524           3.18588          0.127686
           1.57333             3.128           3.07894         0.0936376
         0.0266667                 0        0.00311111        0.00126903
              0.08                 0         0.0257778        0.00922542
          0.133333             0.152         0.0796667         0.0161209
          0.186667             0.188          0.129889         0.0229059
              0.24             0.164             0.204         0.0263364
          0.293333             0.334          0.334778         0.0413946
          0.346667             0.394          0.476333         0.0449005
               0.4              0.64          0.747778         0.0678469
          0.453333             1.064             1.028         0.0750287
          0.506667             1.788           1.39378           0.12357
              0.56             1.584           1.64211          0.148341
          0.613333             2.342           1.80211          0.131604
          0.666667             2.668           1.90389         0.0963173
              0.72             2.662           2.16156          0.108296
          0.773333             2.182           2.30756          0.114827
          0.826667             2.012           2.59122          0.109598
              0.88             2.472           2.66211         0.0813644
          0.933333             2.424           2.79067         0.0874149
          0.986667             2.684           3.31889          0.162079
              1.04             4.066           3.40256          0.234172
           1.09333             4.386           3.52722          0.205461
           1.14667             3.144               3.8          0.222039
               1.2             3.494           3.88656          0.269449
           1.25333             3.972           3.95311          0.209169
           1.30667             2.948           3.64933          0.184841
              1.36             2.898           3.63322          0.121431
           1.41333             2.834           3.48444          0.134214
           1.46667             2.666           3.30356          0.115493
              1.52             3.172           3.18511          0.120594
           1.57333             3.118           3.08111         0.0884607
         0.0266667                 0        0.00294737        0.00121275
              0.08             0.022         0.0255789        0.00874201
          0.133333             0.068         0.0790526         0.0152841
          0.186667               0.1          0.128316         0.0217542
              0.24             0.404          0.214526          0.026972
          0.293333             0.588          0.348105         0.0413057
          0.346667             0.752          0.490842         0.0448202
               0.4             1.154          0.769158         0.0675608
          0.453333             1.478           1.05168         0.0747246
          0.506667              2.31             1.442          0.126125
              0.56              2.44           1.68411          0.146357
          0.613333               1.7           1.79674          0.124787
          0.666667             2.086           1.91347         0.0917236
              0.72              2.21           2.16411          0.102626
          0.773333             2.696             2.328          0.110588
          0.826667             2.742           2.59916          0.104116
              0.88              3.36           2.69884         0.0849694
          0.933333             3.442           2.82495         0.0892832
          0.986667             2.526           3.27716           0.15883
              1.04              2.32           3.34558          0.228674
           1.09333              2.21           3.45789          0.206012
           1.14667             2.538           3.73358          0.220063
               1.2             2.724           3.82537          0.262123
           1.25333              3.78             3.944          0.198359
           1.30667             3.022           3.61632          0.178037
              1.36             3.246           3.61284          0.116738
           1.41333             3.088           3.46358          0.128762
           1.46667             3.208           3.29853          0.109524
              1.52             3.946           3.22516          0.120714
           1.57333              3.18           3.08632         0.0839578
         0.0266667                 0            0.0028        0.00116103
              0.08             0.072            0.0279        0.00860753
          0.133333              0.21            0.0856         0.0158604
          0.186667             0.256            0.1347          0.021583
              0.24             0.366            0.2221         0.0266655
          0.293333             0.444            0.3529         0.0395177
          0.346667             0.512            0.4919         0.0425917
               0.4              0.72            0.7667         0.0642275
          0.453333              0.72            1.0351         0.0728054
          0.506667             1.106            1.4252          0.120933
              0.56             1.092            1.6545          0.142002
          0.613333             1.158            1.7648          0.122566
          0.666667             1.376            1.8866         0.0909891
              0.72             1.398            2.1258          0.104399
          0.773333             1.902            2.3067           0.10709
          0.826667             1.804            2.5594          0.106231
              0.88             2.248            2.6763         0.0836577
          0.933333             4.128            2.8901          0.105957
          0.986667             4.158            3.3212          0.156876
              1.04             2.896            3.3231          0.218342
           1.09333             2.494            3.4097           0.20127
           1.14667             2.464            3.6701          0.218023
               1.2             2.884            3.7783          0.253207
           1.25333              5.28            4.0108          0.199372
           1.30667             4.002            3.6356          0.170177
              1.36             3.592            3.6118          0.110905
           1.41333              3.36            3.4584          0.122428
           1.46667             3.374            3.3023          0.104112
              1.52             4.858            3.3068          0.139582
           1.57333             3.048            3.0844         0.0797818
         0.0266667                 0        0.00266667        0.00111338
              0.08             0.014         0.0272381        0.00822305
          0.133333              0.02         0.0824762         0.0154097
          0.186667             0.102          0.133143         0.0206113
              0.24             0.188          0.220476         0.0254451
          0.293333             0.294          0.350095         0.0377353
          0.346667             0.394          0.487238         0.0408178
               0.4             0.644          0.760857         0.0614342
          0.453333             0.904           1.02886         0.0696056
          0.506667             0.904           1.40038          0.117693
              0.56             1.284           1.63686          0.136331
          0.613333             1.424           1.74857          0.117799
          0.666667              1.53           1.86962         0.0882266
              0.72             1.582            2.0999          0.102589
          0.773333             1.734           2.27943          0.105406
          0.826667             2.376           2.55067           0.10153
              0.88              4.35             2.756          0.111344
          0.933333             3.166           2.90324          0.101723
          0.986667             3.076           3.30952           0.14984
              1.04             3.244           3.31933          0.207977
           1.09333             3.812           3.42886          0.192595
           1.14667             4.034           3.68743          0.208329
               1.2              2.97           3.73981          0.244058
           1.25333             4.428           4.03067          0.190865
           1.30667             4.466           3.67514          0.166604
              1.36             4.156           3.63771           0.10861
           1.41333             4.692           3.51714          0.129929
           1.46667              3.46           3.30981         0.0994252
              1.52             4.462           3.36181          0.143366
           1.57333             3.422           3.10048         0.0775854
         0.0266667                 0        0.00254545        0.00106935
              0.08                 0             0.026        0.00794194
          0.133333                 0         0.0787273         0.0151584
          0.186667             0.202          0.136273         0.0199107
              0.24             0.176          0.218455         0.0243687
          0.293333             0.354          0.350273         0.0360205
          0.346667             0.542          0.489727         0.0390383
               0.4             0.672          0.756818         0.0587743
          0.453333              1.25           1.03891         0.0671636
          0.506667             1.714           1.41464          0.113204
              0.56             1.516           1.63136          0.130245
          0.613333             1.222           1.72464          0.114851
          0.666667             1.456           1.85082         0.0861963
              0.72             2.204           2.10464         0.0980349
          0.773333             2.336             2.282          0.100646
          0.826667             4.232           2.62709          0.122343
              0.88              4.42           2.83164          0.129449
          0.933333             2.536           2.88655         0.0984591
          0.986667             2.794           3.28609           0.14485
              1.04             3.282           3.31764          0.198531
           1.09333              3.59           3.43618           0.18398
           1.14667             2.866           3.65009          0.202177
               1.2             2.676           3.69145          0.237706
           1.25333             3.388           4.00145          0.184411
           1.30667             2.492           3.62136          0.167486
              1.36             3.262           3.62064          0.105007
           1.41333             3.508           3.51673          0.124023
           1.46667             3.302           3.30945         0.0949065
              1.52             3.742           3.37909          0.137887
           1.57333              1.97           3.04909         0.0894714
         0.0266667             0.008        0.00278261        0.00104882
              0.08              0.05         0.0270435        0.00766488
          0.133333             0.076         0.0786087         0.0144998
          0.186667             0.202           0.13913          0.019249
              0.24              0.22          0.218522         0.0233093
          0.293333             0.296          0.347913         0.0345316
          0.346667             0.548          0.492261         0.0374231
               0.4             0.604          0.750174         0.0565933
          0.453333             0.726            1.0253         0.0656069
          0.506667             2.066           1.44296          0.111768
              0.56             1.232             1.614          0.125734
          0.613333              1.67           1.72226          0.109882
          0.666667             1.118           1.81896         0.0881408
              0.72               1.6            2.0827         0.0961964
          0.773333             3.052           2.31548          0.101686
          0.826667             3.368            2.6593           0.12119
              0.88             3.678           2.86843          0.128945
          0.933333             3.232           2.90157          0.095317
          0.986667             3.092           3.27765          0.138797
              1.04             3.922           3.34391           0.19163
           1.09333             2.666            3.4027          0.179002
           1.14667             2.762           3.61148           0.19704
               1.2             3.318           3.67522          0.227925
           1.25333             3.856           3.99513          0.176502
           1.30667             4.464             3.658          0.164162
              1.36             3.964           3.63557          0.101497
           1.41333             3.436           3.51322          0.118681
           1.46667             2.764           3.28574         0.0936963
              1.52             3.918           3.40252          0.133868
           1.57333             2.824            3.0393         0.0861149
         0.0266667             0.072        0.00566667        0.00299691
              0.08             0.194             0.034         0.0100167
          0.133333             0.246         0.0855833         0.0154825
          0.186667             0.394           0.14975         0.0211746
              0.24             0.416           0.22675          0.023746
          0.293333             0.302             0.346         0.0331457
          0.346667             0.852           0.50725         0.0387495
               0.4             1.018          0.761333         0.0553245
          0.453333             1.512           1.04558         0.0659329
          0.506667             1.412           1.44167          0.107118
              0.56             1.526           1.61033          0.120549
          0.613333             1.284             1.704           0.10681
          0.666667             2.054           1.82875         0.0850106
              0.72             2.362           2.09433         0.0928895
          0.773333             3.784           2.37667          0.114387
          0.826667             3.272           2.68483          0.118799
              0.88              3.42           2.89142          0.125603
          0.933333              2.29           2.87608         0.0946903
          0.986667             2.416           3.24175          0.137579
              1.04              4.28           3.38292          0.187573
           1.09333             3.052           3.38808          0.172139
           1.14667             3.284           3.59783          0.189302
               1.2             3.224           3.65642          0.219202
           1.25333             3.808           3.98733           0.16932
           1.30667              4.31           3.68517          0.159554
              1.36             4.584           3.67508          0.104679
           1.41333             2.526           3.47208          0.120654
           1.46667             2.346           3.24658         0.0976317
              1.52             3.378            3.4015          0.128294
           1.57333             2.618           3.02175          0.084297
         0.0266667                 0           0.00544        0.00288559
              0.08             0.002           0.03272        0.00969743
          0.133333             0.038           0.08368         0.0149797
          0.186667             0.038           0.14528         0.0207941
              0.24             0.364           0.23224         0.0234222
          0.293333             0.286            0.3436         0.0319067
          0.346667              1.01           0.52736         0.0420956
               0.4             0.948            0.7688          0.053613
          0.453333             1.006             1.044         0.0633146
          0.506667              1.04            1.4256          0.104032
              0.56             0.706           1.57416          0.121033
          0.613333              1.16           1.68224          0.104731
          0.666667             1.676           1.82264         0.0818295
              0.72             3.204           2.13872         0.0992137
          0.773333             3.532           2.42288           0.11878
          0.826667             2.414             2.674           0.11454
              0.88             2.742           2.88544          0.120721
          0.933333              1.93           2.83824          0.098174
          0.986667             2.202           3.20016          0.138219
              1.04              4.38            3.4228          0.184261
           1.09333             2.946            3.3704           0.16616
           1.14667             2.364           3.54848          0.188053
               1.2             2.964           3.62872          0.212177
           1.25333              5.79           4.05944          0.177237
           1.30667              4.01           3.69816            0.1537
              1.36             4.152           3.69416          0.102215
           1.41333             2.792           3.44488          0.118855
           1.46667              2.54           3.21832         0.0977318
              1.52             4.102           3.42952          0.126185
           1.57333             2.876           3.01592         0.0811265
         0.0266667                 0        0.00523077        0.00278219
              0.08             0.004         0.0316154        0.00938715
          0.133333             0.108         0.0846154         0.0144328
          0.186667             0.218          0.148077         0.0201816
              0.24             0.422          0.239538         0.0236311
          0.293333             0.386          0.345231         0.0307211
          0.346667             0.576          0.529231         0.0405181
               0.4             0.654          0.764385         0.0517325
          0.453333             0.638           1.02838         0.0627755
          0.506667             0.846           1.40331          0.102391
              0.56               0.9           1.54823          0.119123
          0.613333             1.396           1.67123           0.10128
          0.666667             1.646           1.81585         0.0789637
              0.72              3.62           2.19569          0.110552
          0.773333             2.452             2.424          0.114217
          0.826667             4.034           2.72631          0.121493
              0.88             3.072           2.89262          0.116291
          0.933333             2.652           2.83108          0.094659
          0.986667             3.226           3.20115          0.132907
              1.04             4.254           3.45477          0.179926
           1.09333             3.138           3.36146          0.160009
           1.14667             2.498           3.50808           0.18511
               1.2             3.382           3.61923          0.204228
           1.25333             4.442           4.07415           0.17103
           1.30667             2.496           3.65192          0.154587
              1.36             3.634           3.69185           0.09831
           1.41333             3.296           3.43915          0.114421
           1.46667             2.806           3.20246         0.0952509
              1.52             3.482           3.43154          0.121348
           1.57333             2.094           2.98046         0.0854045
         0.0266667                 0        0.00503704        0.00268588
              0.08             0.062         0.0327407        0.00910668
          0.133333             0.162         0.0874815         0.0141799
          0.186667             0.156           0.14837         0.0194362
              0.24               0.6          0.252889         0.0262576
          0.293333             0.766          0.360815         0.0333023
          0.346667              0.65          0.533704         0.0392636
               0.4             0.644          0.759926         0.0500082
          0.453333             0.734           1.01748         0.0613901
          0.506667              0.94           1.38615          0.100026
              0.56              0.98           1.52719          0.116555
          0.613333             1.094           1.64985         0.0997594
          0.666667             2.548           1.84296         0.0805607
              0.72             3.298           2.23652          0.113746
          0.773333             2.718           2.43489          0.110505
          0.826667             3.892           2.76948          0.124428
              0.88             3.282           2.90704          0.112875
          0.933333             2.944           2.83526         0.0912455
          0.986667             3.568           3.21474          0.128677
              1.04             3.314           3.44956          0.173338
           1.09333             3.242           3.35704          0.154144
           1.14667             3.254           3.49867          0.178493
               1.2              4.56           3.65407          0.199614
           1.25333             4.842           4.10259          0.167043
           1.30667             3.412           3.64304          0.149116
              1.36             3.818           3.69652         0.0947799
           1.41333             2.658           3.41022          0.113782
           1.46667             2.814           3.18807         0.0928033
              1.52             3.386           3.42985          0.116865
           1.57333             4.288           3.02889         0.0949841
         0.0266667             0.034        0.00607143        0.00278202
              0.08              0.09         0.0347857        0.00900813
          0.133333              0.24         0.0929286         0.0146825
          0.186667             0.384          0.156786          0.020483
              0.24             0.564             0.264         0.0275707
          0.293333             0.588          0.368929         0.0330865
          0.346667             0.452          0.530786         0.0379696
               0.4             0.648          0.755929         0.0483817
          0.453333             0.746           1.00779         0.0599583
          0.506667             1.038           1.37371         0.0972237
              0.56             1.184           1.51493          0.113035
          0.613333             1.248            1.6355         0.0972234
          0.666667             2.518           1.86707         0.0812108
              0.72             1.904           2.22464          0.110302
          0.773333             3.048           2.45679          0.108706
          0.826667              2.26           2.75129          0.121307
              0.88             2.764           2.90193          0.108959
          0.933333             2.424           2.82057          0.089161
          0.986667             2.488           3.18879          0.126672
              1.04             4.032           3.47036          0.168391
           1.09333             3.412             3.359          0.148651
           1.14667              4.21           3.52407          0.173916
               1.2             4.254            3.6755          0.193632
           1.25333             5.614           4.15657          0.169574
           1.30667              4.22           3.66364          0.145208
              1.36             5.346           3.75543          0.108164
           1.41333             3.456           3.41186           0.10973
           1.46667             2.916           3.17836         0.0899961
              1.52             3.256           3.42364          0.112856
           1.57333             3.748           3.05457         0.0950005
         0.0266667                 0        0.00586207        0.00269395
              0.08             0.004         0.0337241        0.00875983
          0.133333             0.028         0.0906897         0.0143459
          0.186667             0.094          0.154621         0.0198908
              0.24             0.282          0.264621          0.026627
          0.293333             0.332          0.367655         0.0319701
          0.346667             0.372           0.52531         0.0370529
               0.4             0.608          0.750828         0.0469815
          0.453333             0.654          0.995586         0.0591189
          0.506667             0.988           1.36041         0.0947766
              0.56             1.286           1.50703          0.109412
          0.613333             1.634           1.63545         0.0938709
          0.666667             3.348           1.91814         0.0930917
              0.72             2.222           2.22455          0.106499
          0.773333             2.488           2.45786          0.104963
          0.826667               3.5            2.7771           0.11984
              0.88             2.932           2.90297          0.105207
          0.933333              2.36           2.80469         0.0874896
          0.986667              2.12           3.15193          0.127553
              1.04             3.922           3.48593          0.163303
           1.09333             3.952           3.37945          0.144925
           1.14667             4.196           3.54724          0.169456
               1.2             4.256           3.69552          0.187986
           1.25333              4.84           4.18014          0.165357
           1.30667              3.69           3.66455          0.140203
              1.36              4.42           3.77834          0.106834
           1.41333             3.688           3.42138          0.106359
           1.46667             4.064            3.2089         0.0919286
              1.52             4.054           3.44538          0.111038
           1.57333             4.034           3.08834         0.0975434
         0.0266667                 0        0.00566667        0.00261123
              0.08             0.028         0.0335333        0.00846991
          0.133333             0.016            0.0882         0.0140821
          0.186667              0.05          0.151133         0.0195311
              0.24             0.316          0.266333         0.0257944
          0.293333             0.344          0.366867         0.0309142
          0.346667              0.57            0.5268         0.0358478
               0.4              0.59          0.745467         0.0457203
          0.453333             0.844          0.990533         0.0573638
          0.506667             1.046           1.34993          0.092195
              0.56             1.188            1.4964          0.106281
          0.613333               2.5           1.66427         0.0950626
          0.666667             2.688            1.9438         0.0934588
              0.72             2.082            2.2198          0.103055
          0.773333             2.052           2.44433          0.102332
          0.826667              2.17           2.75687          0.117542
              0.88             2.504           2.88967          0.102537
          0.933333             2.892            2.8076         0.0846216
          0.986667             3.684           3.16967          0.124528
              1.04             6.044            3.5712           0.17874
           1.09333             3.068           3.36907          0.140465
           1.14667             4.156           3.56753          0.165018
               1.2             4.826            3.7332          0.185459
           1.25333              3.53           4.15847          0.161258
           1.30667              3.13           3.64673          0.136657
              1.36             4.208           3.79267          0.104229
           1.41333             3.018           3.40793           0.10366
           1.46667             3.496           3.21847          0.089361
              1.52             3.776            3.4564          0.107882
           1.57333              3.49           3.10173         0.0952064
         0.0266667                 0        0.00548387        0.00253339
              0.08                 0         0.0324516        0.00826548
          0.133333                 0         0.0853548         0.0139123
          0.186667             0.096          0.149355         0.0189819
              0.24             0.408          0.270903         0.0253639
          0.293333             0.478          0.370452         0.0301241
          0.346667             0.642          0.530516         0.0348835
               0.4             0.646          0.742258         0.0443579
          0.453333              0.78          0.983742         0.0559139
          0.506667             1.214           1.34555         0.0893252
              0.56             1.772           1.50529          0.103224
          0.613333              2.56           1.69316         0.0962873
          0.666667             2.928           1.97555         0.0956847
              0.72              2.01           2.21303         0.0999524
          0.773333              2.28           2.43903         0.0991684
          0.826667             2.566           2.75071          0.113911
              0.88               2.5            2.8771         0.0999969
          0.933333               2.6            2.8009         0.0821565
          0.986667              2.43           3.14581          0.122775
              1.04             4.144           3.58968          0.173927
           1.09333             3.986           3.38897          0.137337
           1.14667             4.302           3.59123          0.161386
               1.2             4.258           3.75013          0.180247
           1.25333             5.438           4.19974          0.161252
           1.30667              3.19             3.632          0.133041
              1.36              5.19           3.83774          0.110183
           1.41333              3.63            3.4151          0.100563
           1.46667             3.324           3.22187         0.0865432
              1.52             3.082           3.44432          0.105076
           1.57333             2.984           3.09794         0.0922109
         0.0266667                 0         0.0053125        0.00246001
              0.08             0.044         0.0328125        0.00801505
          0.133333             0.142          0.087125         0.0135897
          0.186667             0.158          0.149625         0.0183906
              0.24             0.278          0.271125         0.0245723
          0.293333             0.446          0.372812         0.0292751
          0.346667             0.566          0.531625          0.033811
               0.4             0.712          0.741313         0.0429818
          0.453333              1.17          0.989563         0.0544687
          0.506667             1.064           1.33675          0.086966
              0.56             1.066           1.49156          0.100907
          0.613333             1.454           1.68569          0.093568
          0.666667             3.066           2.00963         0.0985759
              0.72             3.046           2.23906          0.100161
          0.773333             3.384           2.46856           0.10037
          0.826667             3.804           2.78363          0.115009
              0.88             3.824           2.90669          0.101155
          0.933333             3.234           2.81444         0.0806962
          0.986667             3.688           3.16275          0.120102
              1.04             3.442           3.58506          0.168553
           1.09333             3.622           3.39625          0.133238
           1.14667             5.182           3.64094          0.163821
               1.2             4.342           3.76863          0.175561
           1.25333             5.032           4.22575          0.158297
           1.30667             5.312            3.6845          0.138856
              1.36              5.34           3.88469          0.116312
           1.41333             3.862           3.42906         0.0983858
           1.46667              2.96           3.21369         0.0842248
              1.52             2.506             3.415          0.105805
           1.57333             2.782           3.08806         0.0898563
         0.0266667             0.016        0.00563636        0.00240669
              0.08             0.112         0.0352121        0.00812345
          0.133333             0.144         0.0888485         0.0132867
          0.186667             0.384          0.156727         0.0191557
              0.24             0.752          0.285697         0.0278148
          0.293333             0.582          0.379152         0.0290662
          0.346667             0.922          0.543455         0.0347943
               0.4             1.016          0.749636         0.0424777
          0.453333             1.488           1.00467         0.0548724
          0.506667             1.532           1.34267         0.0845317
              0.56             2.086           1.50958         0.0994437
          0.613333               1.9           1.69218         0.0909577
          0.666667             3.378           2.05109          0.103945
              0.72             2.258           2.23964         0.0971275
          0.773333             3.678           2.50521          0.103804
          0.826667             3.102           2.79327          0.111928
              0.88              3.12           2.91315         0.0982965
          0.933333              4.76           2.87339         0.0974358
          0.986667             4.038           3.18927          0.119355
              1.04              3.67           3.58764          0.163465
           1.09333             3.428           3.39721          0.129204
           1.14667              3.55           3.63818           0.15888
               1.2             5.178           3.81133          0.175359
           1.25333             5.364           4.26024          0.157213
           1.30667             3.852           3.68958          0.134741
              1.36             5.454           3.93224          0.122122
           1.41333              5.06           3.47848          0.107101
           1.46667              4.11           3.24085         0.0859405
              1.52             3.636            3.4217           0.10281
           1.57333             3.312           3.09485         0.0873893
         0.0266667                 0        0.00547059         0.0023416
              0.08                 0         0.0341765        0.00795026
          0.133333             0.064         0.0881176          0.012916
          0.186667             0.164          0.156941         0.0185935
              0.24             0.154          0.281824         0.0272651
          0.293333              0.39          0.379471          0.028213
          0.346667             0.868             0.553         0.0350559
               0.4             1.324          0.766529         0.0444607
          0.453333             1.756           1.02676         0.0575363
          0.506667             1.388             1.344          0.082056
              0.56             1.674           1.51441         0.0966364
          0.613333             1.922           1.69894         0.0885332
          0.666667             3.398           2.09071          0.108173
              0.72             2.268           2.24047         0.0942744
          0.773333             2.554           2.50665          0.100761
          0.826667             3.808           2.82312          0.112544
              0.88             2.512           2.90135         0.0961109
          0.933333             3.818           2.90118         0.0984513
          0.986667             3.818           3.20776          0.117269
              1.04             4.372           3.61071          0.160276
           1.09333              4.18           3.42024          0.127439
           1.14667               4.1           3.65176          0.154786
               1.2              4.24           3.82394          0.170654
           1.25333             5.576           4.29894           0.15728
           1.30667             4.168           3.70365          0.131511
              1.36             4.416           3.94647          0.119356
           1.41333             5.394           3.53482          0.117841
           1.46667             3.788           3.25694         0.0849061
              1.52             2.766           3.40241          0.101579
           1.57333             3.426           3.10459           0.08536
         0.0266667                 0        0.00531429        0.00227991
              0.08             0.048         0.0345714        0.00773292
          0.133333             0.182            0.0908         0.0128225
          0.186667             0.426          0.164629          0.019587
              0.24             0.722            0.2944         0.0292432
          0.293333             0.652          0.387257         0.0284612
          0.346667             1.056          0.567371         0.0368827
               0.4             0.922          0.770971         0.0434118
          0.453333             1.168            1.0308         0.0560338
          0.506667             1.268           1.34183         0.0797402
              0.56              1.94           1.52657         0.0946373
          0.613333             1.832           1.70274         0.0860853
          0.666667             2.494           2.10223          0.105695
              0.72             2.676           2.25291         0.0923984
          0.773333             2.428            2.5044         0.0979071
          0.826667             2.998           2.82811           0.10944
              0.88             2.714             2.896         0.0935138
          0.933333             4.366           2.94303          0.104155
          0.986667             3.048            3.2032          0.114007
              1.04             3.434           3.60566          0.155777
           1.09333             4.044           3.43806          0.125037
           1.14667             4.358           3.67194          0.151673
               1.2              5.43           3.86983          0.171837
           1.25333             4.742            4.3116          0.153295
           1.30667             4.062           3.71389          0.128151
              1.36             5.978           4.00451          0.129292
           1.41333             5.302           3.58531          0.124823
           1.46667             3.608           3.26697         0.0830706
              1.52             3.602           3.40811         0.0988368
           1.57333             3.558           3.11754         0.0838984
         0.0266667                 0        0.00516667        0.00222135
              0.08              0.01         0.0338889        0.00754818
          0.133333             0.122         0.0916667         0.0124956
          0.186667               0.2          0.165611         0.0190676
              0.24             0.422          0.297944         0.0286449
          0.293333               0.9            0.4015         0.0310304
          0.346667             0.896            0.5765         0.0369706
               0.4              1.16          0.781778         0.0435301
          0.453333             1.492           1.04361         0.0559226
          0.506667             1.506           1.34639         0.0776555
              0.56             1.584           1.52817         0.0920219
          0.613333             1.626           1.70061         0.0837204
          0.666667             3.496           2.14094           0.10962
              0.72             2.002           2.24594         0.0900943
          0.773333             2.722           2.51044         0.0953739
          0.826667             3.152           2.83711          0.106769
              0.88              3.49            2.9125         0.0923604
          0.933333             3.616           2.96172          0.102926
          0.986667             3.736             3.218          0.111797
              1.04             3.688           3.60794          0.151466
           1.09333             3.382            3.4365          0.121574
           1.14667             3.504           3.66728          0.147532
               1.2             3.768             3.867          0.167087
           1.25333             4.584           4.31917          0.149223
           1.30667              3.97             3.721          0.124789
              1.36             3.818           3.99933          0.125804
           1.41333             4.388           3.60761          0.123331
           1.46667              3.87           3.28372         0.0824346
              1.52             3.346           3.40639         0.0961064
           1.57333              2.76           3.10761         0.0821537
         0.0266667                 0        0.00502703         0.0021657
              0.08             0.008         0.0331892        0.00737653
          0.133333              0.11         0.0921622         0.0121677
          0.186667             0.428          0.172703         0.0198272
              0.24              0.75          0.310162         0.0303647
          0.293333             1.006          0.417838         0.0342235
          0.346667             0.924          0.585892         0.0371452
               0.4             0.784          0.781838         0.0423536
          0.453333             0.834           1.03795         0.0546974
          0.506667             1.216           1.34286         0.0756367
              0.56             1.764           1.53454         0.0897553
          0.613333             1.714           1.70097         0.0814585
          0.666667             2.824           2.15941          0.108201
              0.72              2.47             2.252         0.0878626
          0.773333             2.174           2.50135         0.0932287
          0.826667             3.456           2.85384          0.105185
              0.88              4.23           2.94811         0.0964844
          0.933333             2.418           2.94703          0.101187
          0.986667             2.966           3.21119          0.108982
              1.04             3.154           3.59568          0.147869
           1.09333              4.14           3.45551          0.119766
           1.14667              3.51           3.66303          0.143606
               1.2             3.468           3.85622          0.162918
           1.25333             2.896            4.2807          0.150066
           1.30667             3.892           3.72562          0.121502
              1.36             3.392           3.98292           0.12347
           1.41333             4.628           3.63519          0.123042
           1.46667             4.584           3.31886          0.087377
              1.52             3.926           3.42043         0.0945294
           1.57333             2.836           3.10027         0.0802606
         0.0266667             0.004             0.005        0.00210888
              0.08             0.012         0.0326316        0.00720346
          0.133333              0.06         0.0913158         0.0118769
          0.186667             0.128          0.171526         0.0193403
              0.24              0.19             0.307         0.0297298
          0.293333             0.602          0.422684         0.0336643
          0.346667             0.618          0.586737         0.0361773
               0.4             0.556          0.775895          0.041654
          0.453333              0.98           1.03642         0.0532792
          0.506667             1.288           1.34142           0.07366
              0.56              1.73           1.53968         0.0875406
          0.613333             2.588           1.72432         0.0825917
          0.666667             4.876           2.23089           0.12679
              0.72             3.084           2.27389         0.0882362
          0.773333             2.818           2.50968         0.0911469
          0.826667             2.582           2.84668           0.10266
              0.88             4.504           2.98905          0.102265
          0.933333             3.606           2.96437         0.0999996
          0.986667             3.062           3.20726          0.106185
              1.04              2.55           3.56816          0.146515
           1.09333             3.042           3.44463          0.117107
           1.14667             2.346           3.62837          0.143948
               1.2             2.746             3.827          0.161229
           1.25333             4.094           4.27579          0.146197
           1.30667             3.604           3.72242          0.118347
              1.36             4.138             3.987          0.120288
           1.41333             2.744           3.61174          0.122019
           1.46667             4.386           3.34695         0.0894766
              1.52              3.49           3.42226         0.0920595
           1.57333             3.238           3.10389         0.0782303
         0.0266667                 0        0.00487179         0.0020587
              0.08             0.046         0.0329744         0.0070269
          0.133333             0.176         0.0934872         0.0117691
          0.186667             0.266          0.173949         0.0189955
              0.24             0.322          0.307385           0.02897
          0.293333             0.736          0.430718         0.0337461
          0.346667             0.678          0.589077         0.0353252
               0.4             0.838          0.777487         0.0406163
          0.453333              0.88           1.03241         0.0520638
          0.506667              1.39           1.34267         0.0717818
              0.56             2.184           1.55621         0.0868409
          0.613333             2.076           1.73333         0.0809648
          0.666667             3.506           2.26359          0.127685
              0.72              2.58           2.28174         0.0863222
          0.773333              3.15            2.5261         0.0902765
          0.826667              4.24           2.88241          0.106062
              0.88             4.498           3.02774          0.106711
          0.933333               3.9           2.98836          0.100272
          0.986667             3.396            3.2121          0.103573
              1.04             3.522           3.56697          0.142763
           1.09333             2.998           3.43318          0.114663
           1.14667              3.59           3.62738          0.140261
               1.2             3.262           3.81251          0.157745
           1.25333             3.906           4.26631          0.142755
           1.30667             3.942           3.72805          0.115446
              1.36             3.674           3.97897          0.117471
           1.41333             2.736           3.58928          0.120939
           1.46667             2.828           3.33364         0.0881662
              1.52             2.924           3.40949         0.0905812
           1.57333             2.952               3.1         0.0763213
         0.0266667             0.006            0.0049        0.00200742
              0.08              0.15            0.0359        0.00743537
          0.133333             0.462            0.1027         0.0146434
          0.186667             0.542           0.18315         0.0206291
              0.24              0.35           0.30845         0.0282653
          0.293333             0.452           0.43125         0.0329067
          0.346667              0.52           0.58735         0.0344843
               0.4             1.428           0.79375         0.0427329
          0.453333             1.182           1.03615         0.0508964
          0.506667             1.668            1.3508         0.0704465
              0.56             1.726           1.56045         0.0847735
          0.613333             2.428            1.7507         0.0807817
          0.666667              3.59           2.29675          0.128726
              0.72             3.696            2.3171         0.0911176
          0.773333             3.756           2.55685         0.0931086
          0.826667             3.414            2.8957           0.10424
              0.88             2.948           3.02575          0.104062
          0.933333             3.748           3.00735         0.0995473
          0.986667              3.01           3.20705          0.101106
              1.04              3.54            3.5663          0.139196
           1.09333              4.23            3.4531          0.113514
           1.14667             5.426           3.67235          0.143781
               1.2             4.024            3.8178           0.15389
           1.25333             3.812           4.25495          0.139638
           1.30667              2.83            3.7056          0.114722
              1.36             4.218           3.98495          0.114687
           1.41333             3.566            3.5887          0.117917
           1.46667             2.842           3.32135         0.0868146
              1.52             2.392           3.38405         0.0918189
           1.57333             2.542           3.08605         0.0756774
