86.234
98.873
118.172
88.586
127.667
119.591
91.391
95.371
86.42
118.747
79.751
86.794
97.792
102.246
90.081
94.387
96.678
84.365
119.849
68.036
103.623
92.711
121.403
79.77
79.927
113.637
99.843
90.032
95.636
77.891
100.671
95.967
91.379
106.13
130.447
117.172
119.166
77.873
77.267
74.416
92.299
96.455
141.587
79.331
127.833
95.979
93.306
73.607
97.042
94.242
97.086
98.804
101.542
77.413
87.543
103.243
103.255
124.644
98.829
97.663
91.507
82.789
121.536
110.595
94.198
95.155
93.438
133.77
111.507
96.738
109.426
102.67
86.633
103.428
88.209
82.342
79.732
93.509
71.367
65.475
109.143
91.483
113.81
98.295
89.446
97.922
104.968
76.273
103.563
100.096
86.018
77.727
100.915
97.157
86.33
101.248
98.604
127.51
106.049
86.574
