                 0                 0                 0                 0
         0.0256496                 0                 0                 0
         0.0512993                 0                 0                 0
         0.0769489                 0                 0                 0
          0.102599                 0                 0                 0
          0.128248                 0                 0                 0
          0.153898                 0                 0                 0
          0.179547                 0                 0                 0
          0.205197                 0                 0                 0
          0.230847                 0                 0                 0
          0.256496                 0                 0                 0
          0.282146                 0                 0                 0
          0.307796                 0                 0                 0
          0.333445                 0                 0                 0
          0.359095                 0                 0                 0
          0.384745                 0                 0                 0
          0.410394                 0                 0                 0
          0.436044                 0                 0                 0
          0.461694                 0                 0                 0
          0.487343                 0                 0                 0
          0.512993                 0                 0                 0
          0.538642                 0                 0                 0
          0.564292                 0                 0                 0
          0.589942                 0                 0                 0
          0.615591                 0                 0                 0
          0.641241                 0                 0                 0
          0.666891                 0                 0                 0
           0.69254                 0                 0                 0
           0.71819                 0                 0                 0
           0.74384                 0                 0                 0
          0.769489                 0                 0                 0
          0.795139                 0                 0                 0
          0.820788            0.0048          0.000444       6.83274e-05
          0.846438            0.0336          0.033868       0.000567635
          0.872088            0.5844          0.574552        0.00241633
          0.897737            3.7488           3.72476        0.00671558
          0.923387            12.572           12.6116         0.0162532
          0.949037           27.4976           27.4085         0.0234897
          0.974686           43.9052           44.2967         0.0286332
           1.00034           58.5188           58.8065         0.0333583
           1.02599            68.522           68.4025         0.0279528
           1.05164           73.4644           73.1258         0.0252605
           1.07728           74.4676           73.9743         0.0281699
           1.10293           72.5668           72.4289         0.0257485
           1.12858            69.622           69.4544         0.0291616
           1.15423           66.3164           65.9622         0.0316054
           1.17988           62.4756           62.3474         0.0294604
           1.20553           59.2328           58.9466         0.0267244
           1.23118           55.8876           55.8679         0.0297139
           1.25683           53.1532           53.2125         0.0286231
           1.28248           50.7168           50.9598         0.0282132
           1.30813           49.1456           49.1473         0.0270453
           1.33378           47.6612           47.6923         0.0300806
           1.35943           46.2908           46.6652         0.0261239
           1.38508             45.56           45.9139         0.0291196
           1.41073            45.284           45.5549         0.0281182
           1.43638           45.2484           45.5104         0.0291503
           1.46203           45.4008           45.7576         0.0290379
           1.48768            46.064           46.3781         0.0315122
           1.51333           47.1376           47.3162         0.0304571
           1.53898             48.68            48.577         0.0302546
           1.56463           50.2564           50.2224         0.0293019
           1.59028           51.9216           52.2501         0.0313098
           1.61593           54.8296           54.7192         0.0294535
           1.64158           57.4716           57.5396         0.0362161
           1.66723            60.928           60.8986         0.0366671
           1.69288            64.456           64.6634         0.0335943
           1.71853           68.4936            68.863         0.0367909
           1.74418           73.6116            73.484         0.0394961
           1.76983           78.7584           78.5238         0.0444535
           1.79547           83.9756            83.909         0.0407414
           1.82112           89.5996           89.6863          0.044277
           1.84677           95.3092           95.6836         0.0423127
           1.87242            101.81            101.81          0.048252
           1.89807           108.897           108.096         0.0456774
           1.92372           114.511           114.257         0.0437969
           1.94937             120.7           120.255         0.0432075
           1.97502           125.603           125.813         0.0463432
           2.00067           131.225           130.901         0.0475128
           2.02632           135.458           135.203         0.0427745
           2.05197           138.868           138.821         0.0488533
           2.07762           142.119           141.708         0.0479616
           2.10327           144.272           143.969         0.0511077
           2.12892           145.736           145.566         0.0532787
           2.15457           146.638           146.769         0.0487704
           2.18022            148.08           147.629         0.0544576
           2.20587           148.692           148.165         0.0549505
           2.23152           149.374           148.654         0.0588334
           2.25717           148.829           149.136         0.0520336
           2.28282           149.492           149.575          0.058935
           2.30847           150.412           150.106         0.0530687
           2.33412           150.247           150.854         0.0585367
           2.35977            150.78           151.814         0.0615522
           2.38542           152.389           153.075          0.064634
           2.41107           154.696           154.669         0.0551522
           2.43672           156.103           156.553          0.055703
           2.46237           158.299           158.838         0.0630136
           2.48802           160.336           160.831         0.0625714
           2.51366           162.418           163.157         0.0584997
           2.53931           166.148           166.593         0.0675761
