#BEST_LENGTH_HISTORY
32.7869
30.1424
28.8711
27.5726
27.4945
26.6555
24.1817
23.5996
23.2128
22.1274
21.3743
21.2901
20.2756
19.7262
19.7167
19.4798
18.3822
18.3822
18.324
18.1487
18.0928
17.8507
17.1123
17.1123
16.3686
16.3686
15.2402
14.9135
13.9941
13.9941
12.5144
12.5144
11.4773
11.4773
11.4773
11.4773
11.2054
11.1194
11.1194
11.1194
10.7685
10.7685
10.7685
10.0409
10.0409
10.0409
10.0409
10.0409
10.0357
10.0357
10.0357
10.0357
9.71559
9.71559
9.6269
9.6269
9.55444
9.55444
9.55444
9.55444
9.43407
9.43407
9.43407
9.43407
9.43407
9.43407
9.43407
9.43407
9.43407
9.37073
9.37073
9.37073
8.84867
8.84867
8.84867
8.83857
8.83857
8.83857
8.83857
8.83857
8.83857
8.83857
8.82137
8.82137
8.82137
8.82137
8.82137
8.82137
8.82137
8.82137
8.82137
8.82137
8.82137
8.82137
8.82137
8.82137
8.82137
8.82137
8.82137
8.82137
8.82137
8.82136
8.82136
8.82136
8.82136
8.82136
8.82136
8.82136
8.82136
8.82136
8.82136
8.82136
8.82136
8.82136
8.82136
8.82136
8.82136
8.82136
8.82136
8.82136
8.82136
8.82136
8.82136
8.82136
8.81974
8.81974
8.81974
8.81974
8.81974
8.81974
8.81974
8.81974
8.81974
8.81974
8.81974
8.81974
8.81974
8.81974
8.81974
8.81974
8.81974
8.81974
8.81974
8.81974
8.81974
8.80225
8.80225
8.80225
8.80225
8.80225
8.80225
8.80225
8.78332
8.78332
8.78332
8.78332
8.47551
8.47551
8.47551
7.99259
7.99259
7.99259
7.99259
7.99259
7.99259
7.99259
7.99259
7.99259
7.99259
7.99259
7.99259
7.99259
7.99259
7.99259
7.99259
7.74445
7.74445
7.74445
7.74445
7.74445
7.74445
7.74445
7.74445
7.74445
7.74445
7.74445
7.74445
7.74445
7.74445
7.74445
7.74445
7.71911
7.71911
7.71911
7.71911
7.71911
7.71911
7.71911
7.71911
7.71911
