# VELOCITY:     SINGLE_BLOCK_AVE_POFV:       PROGRESSIVE_AVE_POFV:        ERROR:
          0.133333             0.028             0.028                 0
               0.4             0.456             0.456                 0
          0.666667             0.592             0.592                 0
          0.933333             1.436             1.436                 0
               1.2             2.492             2.492                 0
           1.46667              4.38              4.38                 0
           1.73333             8.506             8.506                 0
                 2            11.734            11.734                 0
           2.26667            19.618            19.618                 0
           2.53333            24.666            24.666                 0
               2.8             15.46             15.46                 0
           3.06667              9.58              9.58                 0
           3.33333             5.742             5.742                 0
               3.6              1.11              1.11                 0
           3.86667             1.112             1.112                 0
           4.13333             0.722             0.722                 0
               4.4             0.216             0.216                 0
           4.66667             0.108             0.108                 0
           4.93333             0.042             0.042                 0
               5.2                 0                 0                 0
           5.46667                 0                 0                 0
           5.73333                 0                 0                 0
                 6                 0                 0                 0
           6.26667                 0                 0                 0
           6.53333                 0                 0                 0
               6.8                 0                 0                 0
           7.06667                 0                 0                 0
           7.33333                 0                 0                 0
               7.6                 0                 0                 0
           7.86667                 0                 0                 0
          0.133333              0.74             0.384           0.25173
               0.4              2.36             1.408          0.673166
          0.666667             2.302             1.447          0.604576
          0.933333             4.366             2.901           1.03591
               1.2             6.868              4.68           1.54715
           1.46667            11.188             7.784           2.40699
           1.73333            12.612            10.559           1.45169
                 2            12.436            12.085          0.248194
           2.26667             11.86            15.739           2.74287
           2.53333              9.54            17.103           5.34785
               2.8             9.032            12.246           2.27264
           3.06667             7.376             8.478          0.779232
           3.33333             7.152             6.447           0.49851
               3.6             4.708             2.909           1.27209
           3.86667              2.31             1.711          0.423557
           4.13333             1.318              1.02          0.210718
               4.4              0.91             0.563          0.245366
           4.66667              0.44             0.274           0.11738
           4.93333             0.322             0.182         0.0989949
               5.2             0.114             0.057         0.0403051
           5.46667             0.046             0.023         0.0162635
           5.73333                 0                 0                 0
                 6                 0                 0                 0
           6.26667                 0                 0                 0
           6.53333                 0                 0                 0
               6.8                 0                 0                 0
           7.06667                 0                 0                 0
           7.33333                 0                 0                 0
               7.6                 0                 0                 0
           7.86667                 0                 0                 0
          0.133333               0.4          0.389333          0.167876
               0.4             2.326             1.714          0.513639
          0.666667             2.636           1.84333          0.516885
          0.933333             7.262           4.35467           1.37321
               1.2             8.788           6.04933           1.52115
           1.46667            11.668           9.07867           1.92156
           1.73333            11.346           10.8213          0.991213
                 2            10.414            11.528          0.483953
           2.26667            12.494           14.6573           2.03069
           2.53333            12.494           15.5667           3.77947
               2.8            12.188           12.2267           1.51518
           3.06667              5.41           7.45533          0.983412
           3.33333             4.556           5.81667          0.612642
               3.6             3.444           3.08733          0.860466
           3.86667             1.388           1.60333          0.295739
           4.13333             0.186             0.742           0.26694
               4.4             0.982          0.702667          0.199404
           4.66667             0.018          0.188667          0.104776
           4.93333                 0          0.121333         0.0825178
               5.2                 0             0.038         0.0310269
           5.46667                 0         0.0153333         0.0125196
           5.73333                 0                 0                 0
                 6                 0                 0                 0
           6.26667                 0                 0                 0
           6.53333                 0                 0                 0
               6.8                 0                 0                 0
           7.06667                 0                 0                 0
           7.33333                 0                 0                 0
               7.6                 0                 0                 0
           7.86667                 0                 0                 0
          0.133333             0.072              0.31          0.143433
               0.4              2.08            1.8055          0.393295
          0.666667              3.57             2.275          0.538549
          0.933333             7.018            5.0205           1.18034
               1.2              9.53            6.9195           1.36728
           1.46667            12.178            9.8535           1.58973
           1.73333            12.252            11.179          0.805358
                 2            15.376             12.49           0.90875
           2.26667            13.542           14.3785           1.54204
           2.53333            11.454           14.5385           2.97117
               2.8             9.554           11.5585           1.27523
           3.06667             4.844            6.8025          0.929321
           3.33333             2.862             5.078           0.78762
               3.6             2.194             2.864           0.67371
           3.86667             0.474             1.321          0.330123
           4.13333             0.388            0.6535          0.214374
               4.4             0.612              0.68          0.150836
           4.66667                 0            0.1415         0.0885646
           4.93333                 0             0.091         0.0672328
               5.2                 0            0.0285         0.0246817
           5.46667                 0            0.0115        0.00995929
           5.73333                 0                 0                 0
                 6                 0                 0                 0
           6.26667                 0                 0                 0
           6.53333                 0                 0                 0
               6.8                 0                 0                 0
           7.06667                 0                 0                 0
           7.33333                 0                 0                 0
               7.6                 0                 0                 0
           7.86667                 0                 0                 0
          0.133333             0.326            0.3132          0.114782
               0.4             1.508             1.746          0.319105
          0.666667             2.688            2.3576          0.437128
          0.933333             7.066            5.4296           1.01269
               1.2             10.41            7.6176            1.2595
           1.46667             13.08           10.4988           1.39663
           1.73333            17.026           12.3484           1.22846
                 2            15.124           13.0168          0.866339
           2.26667            13.622           14.2272           1.24103
           2.53333              8.89           13.4088           2.58279
               2.8              6.79           10.6048           1.32981
           3.06667             3.826            6.2072          0.914458
           3.33333             4.866            5.0356          0.631236
               3.6             1.392            2.5696          0.599853
           3.86667             0.386             1.134          0.312607
           4.13333              0.27            0.5768          0.184711
               4.4              0.73              0.69             0.121
           4.66667                 0            0.1132         0.0752374
           4.93333                 0            0.0728         0.0561957
               5.2                 0            0.0228         0.0203929
           5.46667                 0            0.0092        0.00822873
           5.73333                 0                 0                 0
                 6                 0                 0                 0
           6.26667                 0                 0                 0
           6.53333                 0                 0                 0
               6.8                 0                 0                 0
           7.06667                 0                 0                 0
           7.33333                 0                 0                 0
               7.6                 0                 0                 0
           7.86667                 0                 0                 0
          0.133333              0.14          0.284333         0.0992152
               0.4               1.2             1.655          0.278594
          0.666667             1.714           2.25033          0.377205
          0.933333             5.356           5.41733          0.843984
               1.2            12.812           8.48333           1.31385
           1.46667            13.392            10.981           1.24432
           1.73333             16.76           13.0837           1.22413
                 2            12.666           12.9583          0.723919
           2.26667            14.462           14.2663           1.03481
           2.53333             8.746           12.6317           2.26622
               2.8             9.438           10.4103           1.12231
           3.06667             5.908           6.15733          0.763407
           3.33333             3.366           4.75733          0.584153
               3.6              0.62           2.24467          0.581259
           3.86667             0.148          0.969667          0.300612
           4.13333              1.11          0.665667          0.173995
               4.4             0.162             0.602          0.128921
           4.66667                 0         0.0943333         0.0650204
           4.93333                 0         0.0606667         0.0481218
               5.2                 0             0.019         0.0173445
           5.46667                 0        0.00766667        0.00699868
           5.73333                 0                 0                 0
                 6                 0                 0                 0
           6.26667                 0                 0                 0
           6.53333                 0                 0                 0
               6.8                 0                 0                 0
           7.06667                 0                 0                 0
           7.33333                 0                 0                 0
               7.6                 0                 0                 0
           7.86667                 0                 0                 0
          0.133333             0.114              0.26          0.087975
               0.4             0.926           1.55086          0.257525
          0.666667              3.08           2.36886          0.341432
          0.933333             5.536           5.43429          0.723585
               1.2            13.712           9.23029           1.32154
           1.46667             14.21           11.4423           1.14888
           1.73333            14.352           13.2649           1.06258
                 2            14.616           13.1951          0.658096
           2.26667              9.47           13.5811           1.09048
           2.53333            10.342           12.3046           1.96594
               2.8            11.342           10.5434          0.969837
           3.06667             3.122           5.72371          0.767683
           3.33333             4.728           4.75314          0.500717
               3.6             1.118           2.08371          0.520029
           3.86667             1.136          0.993429          0.258605
           4.13333             0.164             0.594          0.163232
               4.4             0.032          0.520571           0.13377
           4.66667                 0         0.0808571         0.0571112
           4.93333                 0             0.052         0.0420204
               5.2                 0         0.0162857         0.0150776
           5.46667                 0        0.00657143        0.00608396
           5.73333                 0                 0                 0
                 6                 0                 0                 0
           6.26667                 0                 0                 0
           6.53333                 0                 0                 0
               6.8                 0                 0                 0
           7.06667                 0                 0                 0
           7.33333                 0                 0                 0
               7.6                 0                 0                 0
           7.86667                 0                 0                 0
          0.133333              0.04            0.2325         0.0811625
               0.4             2.722           1.69725          0.263681
          0.666667             2.674             2.407          0.300876
          0.933333             6.374           5.55175            0.6426
               1.2            13.606           9.77725           1.26448
           1.46667            15.588           11.9605           1.11604
           1.73333            16.096           13.6188          0.986933
                 2            12.338            13.088          0.584491
           2.26667             8.154           12.9027           1.14592
           2.53333              9.26            11.924           1.75665
               2.8             9.212            10.377          0.862769
           3.06667             5.138            5.6505          0.675205
           3.33333             3.498           4.59625          0.462054
               3.6             2.286             2.109           0.45564
           3.86667              0.13            0.8855           0.24778
           4.13333             0.884           0.63025          0.146798
               4.4                 0            0.4555           0.13193
           4.66667                 0           0.07075         0.0508588
           4.93333                 0            0.0455         0.0372672
               5.2                 0           0.01425         0.0133297
           5.46667                 0           0.00575        0.00537863
           5.73333                 0                 0                 0
                 6                 0                 0                 0
           6.26667                 0                 0                 0
           6.53333                 0                 0                 0
               6.8                 0                 0                 0
           7.06667                 0                 0                 0
           7.33333                 0                 0                 0
               7.6                 0                 0                 0
           7.86667                 0                 0                 0
          0.133333                 0          0.206667         0.0761448
               0.4             1.262           1.64889          0.238777
          0.666667             3.856             2.568          0.307519
          0.933333             3.864           5.36422          0.597937
               1.2            13.902           10.2356           1.20418
           1.46667             15.32           12.3338           1.05261
           1.73333             18.53           14.1644           1.01701
                 2            13.514           13.1353          0.521461
           2.26667              8.65           12.4302           1.11176
           2.53333              11.2           11.8436           1.56331
               2.8             8.234           10.1389          0.799088
           3.06667             4.988           5.57689          0.604181
           3.33333             2.434             4.356          0.469035
               3.6             0.722           1.95489          0.430287
           3.86667             0.662          0.860667           0.22149
           4.13333             0.862             0.656          0.132726
               4.4                 0          0.404889          0.126607
           4.66667                 0         0.0628889         0.0458113
           4.93333                 0         0.0404444         0.0334675
               5.2                 0         0.0126667         0.0119422
           5.46667                 0        0.00511111         0.0048188
           5.73333                 0                 0                 0
                 6                 0                 0                 0
           6.26667                 0                 0                 0
           6.53333                 0                 0                 0
               6.8                 0                 0                 0
           7.06667                 0                 0                 0
           7.33333                 0                 0                 0
               7.6                 0                 0                 0
           7.86667                 0                 0                 0
          0.133333             0.046            0.1906         0.0702049
               0.4             1.928            1.6768          0.216524
          0.666667             4.298             2.741           0.32177
          0.933333             6.354            5.4632          0.546274
               1.2             15.59            10.771            1.1969
           1.46667             10.54           12.1544          0.962513
           1.73333            18.364           14.5844          0.998255
                 2            17.332            13.555          0.615438
           2.26667             7.078            11.895           1.12205
           2.53333               8.5           11.5092           1.44229
               2.8             7.118            9.8368          0.774177
           3.06667             5.696            5.5888           0.54388
           3.33333             2.828            4.2032          0.446327
               3.6             1.422            1.9016          0.390544
           3.86667             0.778            0.8524          0.199495
           4.13333             0.128            0.6032          0.129531
               4.4                 0            0.3644          0.120246
           4.66667                 0            0.0566         0.0416596
           4.93333                 0            0.0364         0.0303642
               5.2                 0            0.0114          0.010815
           5.46667                 0            0.0046        0.00436394
           5.73333                 0                 0                 0
                 6                 0                 0                 0
           6.26667                 0                 0                 0
           6.53333                 0                 0                 0
               6.8                 0                 0                 0
           7.06667                 0                 0                 0
           7.33333                 0                 0                 0
               7.6                 0                 0                 0
           7.86667                 0                 0                 0
          0.133333              0.33          0.203273         0.0649563
               0.4             2.488           1.75055          0.209022
          0.666667             3.836           2.84055          0.307531
          0.933333              7.94           5.68836          0.541031
               1.2             10.44           10.7409           1.08847
           1.46667             13.61           12.2867          0.884061
           1.73333            15.828           14.6975          0.913884
                 2            15.666           13.7469           0.58865
           2.26667             9.534           11.6804           1.04037
           2.53333             8.306            11.218           1.34025
               2.8            11.334           9.97291          0.715662
           3.06667             4.664           5.50473          0.500893
           3.33333              3.55           4.14382          0.409683
               3.6             0.474           1.77182          0.375986
           3.86667                 0          0.774909          0.195832
           4.13333                 0          0.548364          0.128841
               4.4                 0          0.331273          0.113787
           4.66667                 0         0.0514545         0.0381888
           4.93333                 0         0.0330909         0.0277835
               5.2                 0         0.0103636        0.00988134
           5.46667                 0        0.00418182        0.00398721
           5.73333                 0                 0                 0
                 6                 0                 0                 0
           6.26667                 0                 0                 0
           6.53333                 0                 0                 0
               6.8                 0                 0                 0
           7.06667                 0                 0                 0
           7.33333                 0                 0                 0
               7.6                 0                 0                 0
           7.86667                 0                 0                 0
          0.133333             0.498          0.227833         0.0640184
               0.4             2.372           1.80233          0.197915
          0.666667             5.102             3.029          0.334702
          0.933333             9.476             6.004          0.580763
               1.2             8.114            10.522           1.01954
           1.46667            14.054            12.434          0.822565
           1.73333             16.72            14.866          0.853128
                 2            12.418           13.6362          0.549915
           2.26667            11.368           11.6543          0.953996
           2.53333             8.548           10.9955           1.24689
               2.8             8.884           9.88217          0.661752
           3.06667             6.086           5.55317          0.461488
           3.33333             3.208           4.06583          0.382893
               3.6             0.766             1.688          0.353873
           3.86667             0.146            0.7225          0.186394
           4.13333             0.164          0.516333          0.122021
               4.4             0.076              0.31          0.106274
           4.66667                 0         0.0471667         0.0352463
           4.93333                 0         0.0303333         0.0256047
               5.2                 0            0.0095        0.00909556
           5.46667                 0        0.00383333        0.00367014
           5.73333                 0                 0                 0
                 6                 0                 0                 0
           6.26667                 0                 0                 0
           6.53333                 0                 0                 0
               6.8                 0                 0                 0
           7.06667                 0                 0                 0
           7.33333                 0                 0                 0
               7.6                 0                 0                 0
           7.86667                 0                 0                 0
          0.133333             0.236          0.228462          0.059097
               0.4             1.748           1.79815          0.182735
          0.666667             6.628           3.30585          0.407678
          0.933333            10.736             6.368          0.640074
               1.2            11.358           10.5863          0.943136
           1.46667            12.574           12.4448          0.759361
           1.73333            14.498           14.8377          0.787972
                 2            13.854           13.6529          0.507869
           2.26667              7.72           11.3517          0.927374
           2.53333             8.628           10.8134            1.1642
               2.8             8.566           9.78092          0.618544
           3.06667             6.344             5.614          0.429979
           3.33333             2.042           3.91015          0.383786
               3.6              0.94           1.63046          0.331297
           3.86667              1.95          0.816923          0.194507
           4.13333             0.178          0.490308          0.115377
               4.4                 0          0.286154          0.100739
           4.66667                 0         0.0435385         0.0327213
           4.93333                 0             0.028         0.0237412
               5.2                 0        0.00876923         0.0084252
           5.46667                 0        0.00353846        0.00339964
           5.73333                 0                 0                 0
                 6                 0                 0                 0
           6.26667                 0                 0                 0
           6.53333                 0                 0                 0
               6.8                 0                 0                 0
           7.06667                 0                 0                 0
           7.33333                 0                 0                 0
               7.6                 0                 0                 0
           7.86667                 0                 0                 0
          0.133333              0.17          0.224286         0.0550231
               0.4             1.952           1.80914          0.170012
          0.666667             4.922           3.42129          0.394564
          0.933333             9.568           6.59657          0.633854
               1.2            13.186            10.772          0.893863
           1.46667            10.066           12.2749          0.723881
           1.73333             16.01           14.9214          0.736124
                 2             13.89           13.6699          0.471875
           2.26667            10.178           11.2679          0.864914
           2.53333             9.546           10.7229           1.08456
               2.8             9.794           9.78186          0.574363
           3.06667             4.466             5.532          0.407011
           3.33333             1.382           3.72957          0.396588
               3.6              2.49           1.69186           0.31327
           3.86667              0.38          0.785714            0.1831
           4.13333                 0          0.455286          0.112325
               4.4                 0          0.265714         0.0955946
           4.66667                 0         0.0404286         0.0305315
           4.93333                 0             0.026         0.0221295
               5.2                 0        0.00814286        0.00784665
           5.46667                 0        0.00328571        0.00316619
           5.73333                 0                 0                 0
                 6                 0                 0                 0
           6.26667                 0                 0                 0
           6.53333                 0                 0                 0
               6.8                 0                 0                 0
           7.06667                 0                 0                 0
           7.33333                 0                 0                 0
               7.6                 0                 0                 0
           7.86667                 0                 0                 0
          0.133333             0.404          0.236267         0.0526432
               0.4              1.79           1.80787          0.158683
          0.666667             6.218           3.60773          0.409952
          0.933333             9.192            6.7696           0.61476
               1.2            13.458           10.9511          0.852019
           1.46667            12.346           12.2796          0.675638
           1.73333            14.284           14.8789          0.688275
                 2            12.204           13.5721          0.450422
           2.26667              9.71            11.164          0.813465
           2.53333            11.852           10.7981           1.01486
               2.8              7.02           9.59773          0.564814
           3.06667              3.34           5.38587          0.405262
           3.33333             2.756           3.66467          0.375422
               3.6             3.286           1.79813          0.309889
           3.86667              0.14          0.742667          0.175881
           4.13333                 0          0.424933           0.10886
               4.4                 0             0.248         0.0908481
           4.66667                 0         0.0377333         0.0286148
           4.93333                 0         0.0242667          0.020722
               5.2                 0            0.0076         0.0073423
           5.46667                 0        0.00306667        0.00296268
           5.73333                 0                 0                 0
                 6                 0                 0                 0
           6.26667                 0                 0                 0
           6.53333                 0                 0                 0
               6.8                 0                 0                 0
           7.06667                 0                 0                 0
           7.33333                 0                 0                 0
               7.6                 0                 0                 0
           7.86667                 0                 0                 0
          0.133333             0.014          0.222375          0.051153
               0.4             2.072           1.82438          0.149622
          0.666667             8.458           3.91087          0.483592
          0.933333             9.954           6.96863          0.607701
               1.2            11.938           11.0127          0.800998
           1.46667             9.798           12.1245           0.65097
           1.73333            13.688           14.8045           0.64927
                 2            14.506           13.6305          0.426035
           2.26667             12.06             11.22          0.764549
           2.53333             5.818           10.4869          0.998024
               2.8             9.102           9.56675          0.530362
           3.06667             4.858           5.35288          0.381274
           3.33333             1.244           3.51337          0.381226
               3.6             3.152           1.88275          0.301852
           3.86667             1.338          0.779875          0.168779
           4.13333                 0          0.398375          0.105246
               4.4                 0            0.2325         0.0864822
           4.66667                 0          0.035375         0.0269233
           4.93333                 0           0.02275         0.0194823
               5.2                 0          0.007125        0.00689875
           5.46667                 0          0.002875        0.00278371
           5.73333                 0                 0                 0
                 6                 0                 0                 0
           6.26667                 0                 0                 0
           6.53333                 0                 0                 0
               6.8                 0                 0                 0
           7.06667                 0                 0                 0
           7.33333                 0                 0                 0
               7.6                 0                 0                 0
           7.86667                 0                 0                 0
          0.133333                 0          0.209294         0.0497885
               0.4             4.088           1.95753          0.191096
          0.666667             7.282           4.10918          0.494133
          0.933333            12.886           7.31671          0.664202
               1.2             8.446           10.8618          0.767979
           1.46667            10.388           12.0224           0.62064
           1.73333             14.25           14.7719          0.611896
                 2             8.896            13.352          0.483508
           2.26667            10.546           11.1804          0.720602
           2.53333            11.344           10.5373          0.940589
               2.8             7.142           9.42412          0.517989
           3.06667               7.7           5.49094          0.383029
           3.33333             1.032           3.36741          0.385733
               3.6              2.43           1.91494          0.285807
           3.86667              1.57          0.826353          0.165126
           4.13333                 0          0.374941          0.101631
               4.4                 0          0.218824         0.0824693
           4.66667                 0         0.0332941         0.0254199
           4.93333                 0         0.0214118         0.0183822
               5.2                 0        0.00670588        0.00650566
           5.46667                 0        0.00270588        0.00262509
           5.73333                 0                 0                 0
                 6                 0                 0                 0
           6.26667                 0                 0                 0
           6.53333                 0                 0                 0
               6.8                 0                 0                 0
           7.06667                 0                 0                 0
           7.33333                 0                 0                 0
               7.6                 0                 0                 0
           7.86667                 0                 0                 0
          0.133333              0.44          0.222111         0.0486442
               0.4              2.83             2.006          0.186525
          0.666667              7.42           4.29311          0.499744
          0.933333             9.886           7.45944          0.642456
               1.2            10.024           10.8152          0.726722
           1.46667            13.018           12.0777          0.588619
           1.73333             13.93           14.7251          0.579687
                 2             8.604           13.0882          0.523679
           2.26667            12.162           11.2349          0.682629
           2.53333            12.108           10.6246          0.892373
               2.8             6.592           9.26678          0.512551
           3.06667             6.416           5.54233          0.365181
           3.33333              1.92             3.287          0.372591
               3.6              2.15             1.928          0.270227
           3.86667               0.5          0.808222          0.156945
           4.13333                 0          0.354111         0.0980961
               4.4                 0          0.206667         0.0787786
           4.66667                 0         0.0314444         0.0240749
           4.93333                 0         0.0202222         0.0173994
               5.2                 0        0.00633333        0.00615489
           5.46667                 0        0.00255556        0.00248355
           5.73333                 0                 0                 0
                 6                 0                 0                 0
           6.26667                 0                 0                 0
           6.53333                 0                 0                 0
               6.8                 0                 0                 0
           7.06667                 0                 0                 0
           7.33333                 0                 0                 0
               7.6                 0                 0                 0
           7.86667                 0                 0                 0
          0.133333                 1          0.263053         0.0609239
               0.4             1.258           1.96663          0.180815
          0.666667              7.67           4.47084          0.504056
          0.933333            10.596           7.62453          0.629495
               1.2            10.732           10.8108          0.688487
           1.46667             12.93           12.1225          0.559346
           1.73333            13.544           14.6629            0.5525
                 2            11.336            12.996          0.504172
           2.26667            13.304           11.3438           0.65533
           2.53333             9.784           10.5803          0.846502
               2.8             6.148           9.10263          0.511184
           3.06667             3.934           5.45768          0.355637
           3.33333             4.144           3.33211          0.355701
               3.6             0.714           1.86411          0.263451
           3.86667             0.906          0.813368          0.148769
           4.13333                 0          0.335474         0.0946871
               4.4                 0          0.195789         0.0753796
           4.66667                 0         0.0297895         0.0228646
           4.93333                 0         0.0191579         0.0165161
               5.2                 0             0.006        0.00583997
           5.46667                 0        0.00242105        0.00235648
           5.73333                 0                 0                 0
                 6                 0                 0                 0
           6.26667                 0                 0                 0
           6.53333                 0                 0                 0
               6.8                 0                 0                 0
           7.06667                 0                 0                 0
           7.33333                 0                 0                 0
               7.6                 0                 0                 0
           7.86667                 0                 0                 0
          0.133333             1.324            0.3161          0.077609
               0.4             1.016            1.9191          0.177912
          0.666667             4.714             4.483             0.479
          0.933333            10.372            7.7619          0.612826
               1.2            12.864           10.9135          0.661672
           1.46667             12.76           12.1544          0.532286
           1.73333            13.106           14.5851          0.530331
                 2            13.622           13.0273          0.479934
           2.26667            15.586           11.5559          0.655993
           2.53333             8.678           10.4852          0.809503
               2.8             5.356            8.9153          0.518816
           3.06667             3.768            5.3732          0.347745
           3.33333             1.728            3.2519           0.34684
               3.6             2.338            1.8878          0.251341
           3.86667             0.768            0.8111          0.141347
           4.13333                 0            0.3187         0.0914264
               4.4                 0             0.186         0.0722435
           4.66667                 0            0.0283         0.0217698
           4.93333                 0            0.0182         0.0157181
               5.2                 0            0.0057        0.00555567
           5.46667                 0            0.0023        0.00224176
           5.73333                 0                 0                 0
                 6                 0                 0                 0
           6.26667                 0                 0                 0
           6.53333                 0                 0                 0
               6.8                 0                 0                 0
           7.06667                 0                 0                 0
           7.33333                 0                 0                 0
               7.6                 0                 0                 0
           7.86667                 0                 0                 0
          0.133333             0.048          0.303333          0.074956
               0.4             1.916           1.91895           0.16944
          0.666667             4.514           4.48448          0.456193
          0.933333             7.266           7.73829          0.584099
               1.2            15.454           11.1297          0.664551
           1.46667            13.002           12.1948          0.508467
           1.73333            15.228           14.6157           0.50596
                 2            16.236           13.1801          0.480787
           2.26667            13.478           11.6474          0.631109
           2.53333             4.704           10.2099          0.816425
               2.8             7.704           8.85762          0.497306
           3.06667             2.792           5.25029          0.352239
           3.33333             2.286            3.2059           0.33336
               3.6             2.372           1.91086          0.240428
           3.86667              0.94          0.817238           0.13475
           4.13333              0.06          0.306381         0.0878988
               4.4                 0          0.177143         0.0693441
           4.66667                 0         0.0269524         0.0207748
           4.93333                 0         0.0173333         0.0149935
               5.2                 0        0.00542857        0.00529774
           5.46667                 0        0.00219048        0.00213769
           5.73333                 0                 0                 0
                 6                 0                 0                 0
           6.26667                 0                 0                 0
           6.53333                 0                 0                 0
               6.8                 0                 0                 0
           7.06667                 0                 0                 0
           7.33333                 0                 0                 0
               7.6                 0                 0                 0
           7.86667                 0                 0                 0
          0.133333             0.184          0.297909         0.0717449
               0.4             2.234           1.93327          0.162342
          0.666667             3.006           4.41727          0.440379
          0.933333             7.716           7.73727           0.55755
               1.2            15.724           11.3385          0.666349
           1.46667            15.864           12.3615          0.511979
           1.73333            13.248           14.5535          0.486766
                 2            13.832           13.2097          0.459846
           2.26667            13.022           11.7099          0.605507
           2.53333             6.652           10.0482          0.795171
               2.8             8.602             8.846          0.474837
           3.06667              1.68             5.088          0.371738
           3.33333             2.454           3.17173          0.319954
               3.6               2.8           1.95127          0.232872
           3.86667             0.502          0.802909          0.129384
           4.13333              0.48          0.314273         0.0842569
               4.4                 0          0.169091          0.066658
           4.66667                 0         0.0257273         0.0198666
           4.93333                 0         0.0165455         0.0143326
               5.2                 0        0.00518182        0.00506268
           5.46667                 0        0.00209091        0.00204284
           5.73333                 0                 0                 0
                 6                 0                 0                 0
           6.26667                 0                 0                 0
           6.53333                 0                 0                 0
               6.8                 0                 0                 0
           7.06667                 0                 0                 0
           7.33333                 0                 0                 0
               7.6                 0                 0                 0
           7.86667                 0                 0                 0
          0.133333             0.884          0.323391         0.0730108
               0.4              1.37           1.90878           0.15712
          0.666667             2.814           4.34757          0.426713
          0.933333            10.314            7.8493          0.544448
               1.2            15.366           11.5137          0.659984
           1.46667            13.346           12.4043          0.491505
           1.73333            11.952           14.4404          0.478564
                 2            20.012           13.5055          0.526437
           2.26667             9.514           11.6144          0.586659
           2.53333             7.092           9.91965          0.770916
               2.8              7.14           8.77183          0.459949
           3.06667             2.732           4.98557          0.369419
           3.33333             2.308           3.13417          0.308239
               3.6             1.288           1.92243          0.224525
           3.86667             0.954          0.809478          0.123926
           4.13333             0.914          0.340348         0.0845321
               4.4                 0          0.161739         0.0641639
           4.66667                 0         0.0246087         0.0190343
           4.93333                 0         0.0158261         0.0137275
               5.2                 0        0.00495652        0.00484757
           5.46667                 0             0.002        0.00195604
           5.73333                 0                 0                 0
                 6                 0                 0                 0
           6.26667                 0                 0                 0
           6.53333                 0                 0                 0
               6.8                 0                 0                 0
           7.06667                 0                 0                 0
           7.33333                 0                 0                 0
               7.6                 0                 0                 0
           7.86667                 0                 0                 0
          0.133333              0.31          0.322833         0.0699708
               0.4             0.728           1.85958          0.158089
          0.666667             4.802            4.3665          0.409353
          0.933333            11.472           8.00025          0.542283
               1.2            12.328           11.5476          0.633357
           1.46667            17.086           12.5994          0.508263
           1.73333            10.298           14.2678          0.488759
                 2            17.758           13.6827          0.533488
           2.26667            10.518           11.5688          0.563991
           2.53333             6.168           9.76333          0.754477
               2.8             8.338           8.75375          0.441139
           3.06667             2.594           4.88592          0.367221
           3.33333             2.062            3.0895          0.298616
               3.6             1.538           1.90642          0.215741
           3.86667              0.05          0.777833          0.122736
           4.13333             1.344          0.382167         0.0907665
               4.4             0.606           0.18025          0.064105
           4.66667                 0         0.0235833         0.0182688
           4.93333                 0         0.0151667         0.0131714
               5.2                 0           0.00475        0.00464999
           5.46667                 0        0.00191667        0.00187631
           5.73333                 0                 0                 0
                 6                 0                 0                 0
           6.26667                 0                 0                 0
           6.53333                 0                 0                 0
               6.8                 0                 0                 0
           7.06667                 0                 0                 0
           7.33333                 0                 0                 0
               7.6                 0                 0                 0
           7.86667                 0                 0                 0
          0.133333                 1           0.34992         0.0722248
               0.4             0.866           1.81984          0.156681
          0.666667             7.512           4.49232          0.411862
          0.933333            11.282           8.13152          0.536245
               1.2             13.04           11.6073          0.610829
           1.46667            10.554           12.5176          0.494474
           1.73333            10.796            14.129           0.48854
                 2            19.264           13.9059          0.556906
           2.26667            10.924            11.543          0.542021
           2.53333             6.108           9.61712          0.738329
               2.8             8.518           8.74432          0.423594
           3.06667             3.156           4.81672          0.358992
           3.33333             0.882            3.0012          0.299442
               3.6             1.058           1.87248          0.209763
           3.86667              2.39           0.84232          0.133698
           4.13333              0.65           0.39288         0.0877658
               4.4                 0           0.17304         0.0619449
           4.66667                 0           0.02264         0.0175624
           4.93333                 0           0.01456         0.0126585
               5.2                 0           0.00456        0.00446787
           5.46667                 0           0.00184        0.00180282
           5.73333                 0                 0                 0
                 6                 0                 0                 0
           6.26667                 0                 0                 0
           6.53333                 0                 0                 0
               6.8                 0                 0                 0
           7.06667                 0                 0                 0
           7.33333                 0                 0                 0
               7.6                 0                 0                 0
           7.86667                 0                 0                 0
          0.133333             0.262          0.346538          0.069526
               0.4             1.886           1.82238          0.150676
          0.666667             5.624           4.53585          0.398314
          0.933333            13.868           8.35215           0.55917
               1.2            12.478           11.6408          0.588253
           1.46667            11.758           12.4884          0.476318
           1.73333             8.538           13.9139          0.514905
                 2             15.66           13.9734          0.539558
           2.26667            12.766             11.59          0.523211
           2.53333             8.342           9.56808          0.711559
               2.8               9.2           8.76185          0.407665
           3.06667             2.872           4.74192          0.352891
           3.33333             1.844           2.95669          0.291214
               3.6             0.754           1.82946          0.206059
           3.86667             1.534          0.868923          0.131176
           4.13333             0.614          0.401385         0.0848012
               4.4                 0          0.166385         0.0599189
           4.66667                 0         0.0217692         0.0169085
           4.93333                 0             0.014          0.012184
               5.2                 0        0.00438462        0.00429947
           5.46667                 0        0.00176923        0.00173487
           5.73333                 0                 0                 0
                 6                 0                 0                 0
           6.26667                 0                 0                 0
           6.53333                 0                 0                 0
               6.8                 0                 0                 0
           7.06667                 0                 0                 0
           7.33333                 0                 0                 0
               7.6                 0                 0                 0
           7.86667                 0                 0                 0
          0.133333              0.12          0.338148         0.0674553
               0.4             2.554           1.84948          0.147512
          0.666667             6.382           4.60422          0.389386
          0.933333              8.29           8.34985          0.538465
               1.2            12.144           11.6594          0.566761
           1.46667            16.696           12.6442          0.483497
           1.73333            12.674            13.868          0.497879
                 2            12.206           13.9079           0.52353
           2.26667              11.3           11.5793          0.503943
           2.53333             8.276           9.52022          0.686812
               2.8              8.79           8.76289          0.392567
           3.06667              4.01           4.71481           0.34086
           3.33333             2.232           2.92985          0.281662
               3.6             1.048           1.80052           0.20045
           3.86667             0.994          0.873556            0.1264
           4.13333             0.284          0.397037         0.0817718
               4.4                 0          0.160222         0.0580157
           4.66667                 0          0.020963         0.0163015
           4.93333                 0         0.0134815         0.0117438
               5.2                 0        0.00422222         0.0041433
           5.46667                 0         0.0017037        0.00167186
           5.73333                 0                 0                 0
                 6                 0                 0                 0
           6.26667                 0                 0                 0
           6.53333                 0                 0                 0
               6.8                 0                 0                 0
           7.06667                 0                 0                 0
           7.33333                 0                 0                 0
               7.6                 0                 0                 0
           7.86667                 0                 0                 0
          0.133333                 0          0.326071         0.0661184
               0.4             1.448           1.83514          0.142939
          0.666667             7.496            4.7075          0.388935
          0.933333            10.662           8.43243          0.525527
               1.2            10.026           11.6011          0.549514
           1.46667             14.59           12.7137          0.471197
           1.73333            15.544           13.9279          0.483682
                 2            13.082           13.8784          0.505663
           2.26667             9.048           11.4889          0.493987
           2.53333             5.592           9.37993           0.67646
               2.8             9.092           8.77464          0.378723
           3.06667             5.356           4.73771          0.329455
           3.33333             4.468           2.98479          0.276908
               3.6             1.294           1.78243          0.194105
           3.86667             0.302          0.853143          0.123523
           4.13333                 0          0.382857         0.0800714
               4.4                 0            0.1545         0.0562252
           4.66667                 0         0.0202143         0.0157365
           4.93333                 0             0.013         0.0113342
               5.2                 0        0.00407143        0.00399806
           5.46667                 0        0.00164286        0.00161325
           5.73333                 0                 0                 0
                 6                 0                 0                 0
           6.26667                 0                 0                 0
           6.53333                 0                 0                 0
               6.8                 0                 0                 0
           7.06667                 0                 0                 0
           7.33333                 0                 0                 0
               7.6                 0                 0                 0
           7.86667                 0                 0                 0
          0.133333             0.332          0.326276         0.0638388
               0.4             5.016           1.94483          0.175107
          0.666667             5.078           4.72028          0.375733
          0.933333             9.694           8.47593          0.509203
               1.2            12.086           11.6178          0.530819
           1.46667             12.46            12.705           0.45503
           1.73333            15.252           13.9735          0.469153
                 2            13.184           13.8545          0.488793
           2.26667             8.926           11.4005          0.484794
           2.53333             7.188           9.30434          0.657343
               2.8             5.806           8.67228          0.379246
           3.06667             7.332           4.82717          0.330017
           3.33333             4.764           3.04614          0.274072
               3.6             0.532           1.73931          0.192142
           3.86667              0.35          0.835793          0.120476
           4.13333                 0          0.369655         0.0783911
               4.4                 0          0.149172         0.0545382
           4.66667                 0         0.0195172         0.0152093
           4.93333                 0         0.0125517         0.0109522
               5.2                 0        0.00393103        0.00386266
           5.46667                 0        0.00158621        0.00155862
           5.73333                 0                 0                 0
                 6                 0                 0                 0
           6.26667                 0                 0                 0
           6.53333                 0                 0                 0
               6.8                 0                 0                 0
           7.06667                 0                 0                 0
           7.33333                 0                 0                 0
               7.6                 0                 0                 0
           7.86667                 0                 0                 0
          0.133333             0.598          0.335333         0.0623501
               0.4              2.49             1.963          0.170211
          0.666667             5.664           4.75173          0.364523
          0.933333             8.542           8.47813          0.492234
               1.2            14.406           11.7107          0.521198
           1.46667             11.98           12.6808          0.440504
           1.73333            14.688           13.9973          0.454119
                 2             15.87           13.9217          0.477094
           2.26667            11.042           11.3885          0.468781
           2.53333             7.484           9.24367          0.638226
               2.8             3.052           8.48493          0.410276
           3.06667             5.732           4.85733          0.320391
           3.33333             4.272             3.087          0.267965
               3.6             1.238            1.7226          0.186462
           3.86667             0.864          0.836733          0.116463
           4.13333             0.078          0.359933         0.0763786
               4.4                 0            0.1442         0.0529465
           4.66667                 0         0.0188667         0.0147162
           4.93333                 0         0.0121333         0.0105951
               5.2                 0            0.0038        0.00373613
           5.46667                 0        0.00153333        0.00150756
           5.73333                 0                 0                 0
                 6                 0                 0                 0
           6.26667                 0                 0                 0
           6.53333                 0                 0                 0
               6.8                 0                 0                 0
           7.06667                 0                 0                 0
           7.33333                 0                 0                 0
               7.6                 0                 0                 0
           7.86667                 0                 0                 0
          0.133333             0.166          0.329871         0.0605776
               0.4              2.41           1.97742           0.16533
          0.666667              7.99           4.85619          0.367427
          0.933333             7.998           8.46265            0.4766
               1.2            10.366           11.6674          0.506187
           1.46667            14.464           12.7383          0.430033
           1.73333            17.244           14.1021          0.451385
                 2            12.688           13.8819          0.463361
           2.26667              9.77           11.3363          0.456557
           2.53333             8.392           9.21619          0.618229
               2.8             4.436           8.35432          0.417313
           3.06667             4.384           4.84206           0.31042
           3.33333             5.188           3.15477          0.267755
               3.6              1.46           1.71413          0.180639
           3.86667             0.846          0.837032          0.112707
           4.13333             0.198           0.35471         0.0740931
               4.4                 0          0.139548         0.0514424
           4.66667                 0         0.0182581          0.014254
           4.93333                 0         0.0117419         0.0102606
               5.2                 0        0.00367742        0.00361762
           5.46667                 0        0.00148387        0.00145974
           5.73333                 0                 0                 0
                 6                 0                 0                 0
           6.26667                 0                 0                 0
           6.53333                 0                 0                 0
               6.8                 0                 0                 0
           7.06667                 0                 0                 0
           7.33333                 0                 0                 0
               7.6                 0                 0                 0
           7.86667                 0                 0                 0
          0.133333                 0          0.319563         0.0595552
               0.4             0.214           1.92231          0.169098
          0.666667              8.07           4.95662          0.369416
          0.933333             8.552           8.46544          0.461714
               1.2            12.064           11.6798          0.490521
           1.46667            13.496            12.762          0.417246
           1.73333            15.794           14.1549          0.440365
                 2             12.55           13.8403          0.450746
           2.26667             14.11            11.423          0.450443
           2.53333             9.674            9.2305          0.599075
               2.8             2.186           8.16156          0.446577
           3.06667             4.452           4.82987          0.300958
           3.33333             4.498           3.19675          0.262657
               3.6             1.364           1.70319          0.175326
           3.86667             0.874          0.838188          0.109191
           4.13333             0.102          0.346813         0.0721974
               4.4                 0          0.135188         0.0500194
           4.66667                 0         0.0176875           0.01382
           4.93333                 0          0.011375        0.00994651
               5.2                 0         0.0035625        0.00350639
           5.46667                 0         0.0014375        0.00141486
           5.73333                 0                 0                 0
                 6                 0                 0                 0
           6.26667                 0                 0                 0
           6.53333                 0                 0                 0
               6.8                 0                 0                 0
           7.06667                 0                 0                 0
           7.33333                 0                 0                 0
               7.6                 0                 0                 0
           7.86667                 0                 0                 0
          0.133333             0.012          0.310242         0.0584752
               0.4             1.492           1.90927          0.164476
          0.666667             6.218           4.99485          0.360194
          0.933333             6.018           8.39127           0.45364
               1.2            15.754           11.8032          0.490948
           1.46667            11.858           12.7346          0.405501
           1.73333            16.724           14.2328          0.433848
                 2            12.956           13.8135          0.437883
           2.26667            14.748           11.5238           0.44792
           2.53333              8.97           9.22261          0.580973
               2.8             3.992           8.03521          0.450565
           3.06667             2.986             4.774           0.29698
           3.33333              4.28           3.22958          0.256741
               3.6             0.932           1.67982          0.171563
           3.86667              1.06          0.844909          0.106089
           4.13333                 0          0.336303         0.0707703
               4.4                 0          0.131091         0.0486711
           4.66667                 0         0.0171515         0.0134116
           4.93333                 0         0.0110303        0.00965107
               5.2                 0        0.00345455         0.0034018
           5.46667                 0        0.00139394        0.00137266
           5.73333                 0                 0                 0
                 6                 0                 0                 0
           6.26667                 0                 0                 0
           6.53333                 0                 0                 0
               6.8                 0                 0                 0
           7.06667                 0                 0                 0
           7.33333                 0                 0                 0
               7.6                 0                 0                 0
           7.86667                 0                 0                 0
          0.133333                 0          0.301118         0.0574629
               0.4             1.748           1.90453          0.159707
          0.666667             5.854           5.02012          0.350485
          0.933333              6.74           8.34271           0.44289
               1.2            12.696           11.8295           0.47721
           1.46667            13.146           12.7467          0.393755
           1.73333            18.428           14.3562          0.438283
                 2            14.394           13.8305          0.425337
           2.26667            12.892            11.564           0.43655
           2.53333             8.898           9.21306          0.563964
               2.8              4.95           7.94447          0.446357
           3.06667              3.23           4.72859          0.291697
           3.33333             2.756           3.21565          0.249567
               3.6             1.268           1.66771          0.166944
           3.86667              0.77          0.842706          0.102991
           4.13333              0.23          0.333176         0.0687579
               4.4                 0          0.127235         0.0473921
           4.66667                 0         0.0166471         0.0130266
           4.93333                 0         0.0107059        0.00937267
               5.2                 0        0.00335294        0.00330327
           5.46667                 0        0.00135294         0.0013329
           5.73333                 0                 0                 0
                 6                 0                 0                 0
           6.26667                 0                 0                 0
           6.53333                 0                 0                 0
               6.8                 0                 0                 0
           7.06667                 0                 0                 0
           7.33333                 0                 0                 0
               7.6                 0                 0                 0
           7.86667                 0                 0                 0
          0.133333                 0          0.292514         0.0564614
               0.4             0.346              1.86          0.161232
          0.666667             5.992           5.04789          0.341569
          0.933333              8.62           8.35063          0.430307
               1.2            12.034           11.8353          0.463611
           1.46667            17.392           12.8794          0.404254
           1.73333            13.588           14.3342          0.426309
                 2            13.978           13.8347          0.413205
           2.26667            10.776           11.5415          0.424657
           2.53333            10.812           9.25874          0.549698
               2.8             4.584           7.84846           0.44381
           3.06667             5.608           4.75371          0.284442
           3.33333             1.944           3.17931          0.245067
               3.6             1.326           1.65794          0.162459
           3.86667             0.484          0.832457          0.100557
           4.13333             0.374          0.334343         0.0668033
               4.4             0.142          0.127657         0.0460399
           4.66667                 0         0.0161714         0.0126631
           4.93333                 0            0.0104        0.00910987
               5.2                 0        0.00325714        0.00321028
           5.46667                 0        0.00131429        0.00129537
           5.73333                 0                 0                 0
                 6                 0                 0                 0
           6.26667                 0                 0                 0
           6.53333                 0                 0                 0
               6.8                 0                 0                 0
           7.06667                 0                 0                 0
           7.33333                 0                 0                 0
               7.6                 0                 0                 0
           7.86667                 0                 0                 0
          0.133333             0.022             0.285         0.0553908
               0.4              0.45           1.82083           0.16144
          0.666667             9.768             5.179          0.356358
          0.933333             11.12           8.42756          0.425174
               1.2             8.946           11.7551          0.457628
           1.46667            15.552           12.9537          0.399784
           1.73333             12.28           14.2772          0.418269
                 2             14.74           13.8599          0.402492
           2.26667             8.308           11.4517          0.422253
           2.53333            13.288           9.37067          0.545704
               2.8             3.944              7.74          0.444537
           3.06667              3.34           4.71444          0.279239
           3.33333              4.48           3.21544          0.240908
               3.6             1.152           1.64389          0.158553
           3.86667             0.038          0.810389          0.100156
           4.13333             0.056          0.326611         0.0653935
               4.4             0.272          0.131667         0.0449352
           4.66667             0.244            0.0225         0.0138025
           4.93333                 0         0.0101111         0.0088614
               5.2                 0        0.00316667        0.00312238
           5.46667                 0        0.00127778        0.00125991
           5.73333                 0                 0                 0
                 6                 0                 0                 0
           6.26667                 0                 0                 0
           6.53333                 0                 0                 0
               6.8                 0                 0                 0
           7.06667                 0                 0                 0
           7.33333                 0                 0                 0
               7.6                 0                 0                 0
           7.86667                 0                 0                 0
          0.133333             0.866          0.300703         0.0560754
               0.4             2.904           1.85011          0.159709
          0.666667             7.992           5.25503          0.354744
          0.933333             6.408           8.37297          0.417172
               1.2            12.676           11.7799          0.445936
           1.46667            16.754           13.0564          0.401956
           1.73333            12.458            14.228          0.409844
                 2            13.986           13.8633          0.391628
           2.26667             7.096           11.3339          0.426936
           2.53333             11.29           9.42254          0.533415
               2.8             5.042           7.66708          0.438462
           3.06667             3.624           4.68497          0.273243
           3.33333             3.634           3.22676          0.234663
               3.6             1.748            1.6467          0.154293
           3.86667              1.04          0.816595         0.0976414
           4.13333             0.482          0.330811         0.0637609
               4.4                 0          0.128108         0.0438615
           4.66667                 0         0.0218919         0.0134428
           4.93333                 0        0.00983784        0.00862611
               5.2                 0        0.00308108        0.00303916
           5.46667                 0        0.00124324        0.00122633
           5.73333                 0                 0                 0
                 6                 0                 0                 0
           6.26667                 0                 0                 0
           6.53333                 0                 0                 0
               6.8                 0                 0                 0
           7.06667                 0                 0                 0
           7.33333                 0                 0                 0
               7.6                 0                 0                 0
           7.86667                 0                 0                 0
          0.133333              0.09          0.295158         0.0548732
               0.4             3.516           1.89395          0.161411
          0.666667             7.492           5.31389          0.350259
          0.933333              8.17           8.36763          0.406228
               1.2              9.65           11.7239          0.437709
           1.46667            15.652           13.1247           0.39714
           1.73333             13.51           14.2091          0.399494
                 2            11.552           13.8025          0.386017
           2.26667             8.924           11.2705          0.420384
           2.53333            14.148           9.54689          0.533677
               2.8             6.114           7.62621          0.428824
           3.06667             2.604           4.63021          0.271484
           3.33333              2.28           3.20184          0.229806
               3.6             2.772           1.67632          0.153048
           3.86667             1.472          0.833842         0.0965832
           4.13333             0.054          0.323526         0.0624977
               4.4                 0          0.124737         0.0428366
           4.66667                 0         0.0213158         0.0131014
           4.93333                 0        0.00957895        0.00840299
               5.2                 0             0.003        0.00296026
           5.46667                 0        0.00121053        0.00119449
           5.73333                 0                 0                 0
                 6                 0                 0                 0
           6.26667                 0                 0                 0
           6.53333                 0                 0                 0
               6.8                 0                 0                 0
           7.06667                 0                 0                 0
           7.33333                 0                 0                 0
               7.6                 0                 0                 0
           7.86667                 0                 0                 0
          0.133333             0.006          0.287744         0.0539648
               0.4             1.734           1.88985          0.157324
          0.666667              5.57           5.32046           0.34134
          0.933333            10.478           8.42174            0.3994
               1.2            13.862           11.7787          0.429905
           1.46667            13.588           13.1366          0.387135
           1.73333            13.288           14.1855          0.389948
                 2             11.82           13.7516          0.379451
           2.26667            11.318           11.2717          0.409607
           2.53333            12.946           9.63405          0.527061
               2.8             3.686           7.52518          0.429565
           3.06667              2.39           4.57277          0.270532
           3.33333              3.81           3.21744          0.224442
               3.6             1.844           1.68062          0.149184
           3.86667             1.432          0.849179         0.0953167
           4.13333             0.228          0.321077         0.0609431
               4.4                 0          0.121538         0.0418574
           4.66667                 0         0.0207692         0.0127769
           4.93333                 0        0.00933333        0.00819112
               5.2                 0        0.00292308        0.00288536
           5.46667                 0        0.00117949        0.00116427
           5.73333                 0                 0                 0
                 6                 0                 0                 0
           6.26667                 0                 0                 0
           6.53333                 0                 0                 0
               6.8                 0                 0                 0
           7.06667                 0                 0                 0
           7.33333                 0                 0                 0
               7.6                 0                 0                 0
           7.86667                 0                 0                 0
          0.133333              0.18           0.28505         0.0526828
               0.4             2.172            1.8969          0.153549
          0.666667             6.986            5.3621          0.335336
          0.933333             9.444            8.4473          0.390231
               1.2            12.738           11.8027          0.419826
           1.46667             15.02           13.1837          0.380309
           1.73333            14.596           14.1957          0.380334
                 2             10.13           13.6611          0.380613
           2.26667             9.102           11.2175          0.402943
           2.53333             12.99           9.71795           0.52052
               2.8             4.112           7.43985          0.427217
           3.06667             3.542             4.547          0.264993
           3.33333             1.712            3.1798          0.221964
               3.6             3.402           1.72365          0.151535
           3.86667             0.712           0.84575         0.0929954
           4.13333             0.742            0.3316         0.0603212
               4.4              0.05           0.11975         0.0408492
           4.66667             0.076           0.02215         0.0125318
           4.93333             0.294           0.01645         0.0106378
               5.2                 0           0.00285        0.00281415
           5.46667                 0           0.00115        0.00113553
           5.73333                 0                 0                 0
                 6                 0                 0                 0
           6.26667                 0                 0                 0
           6.53333                 0                 0                 0
               6.8                 0                 0                 0
           7.06667                 0                 0                 0
           7.33333                 0                 0                 0
               7.6                 0                 0                 0
           7.86667                 0                 0                 0
