#BEST_LENGTH_HISTORY
32.7869
30.6282
28.1664
25.628
25.0504
24.2416
24.2154
21.8762
21.8762
21.6966
20.6372
19.7258
18.8661
18.3614
18.3044
17.024
16.9951
16.8551
16.5878
16.484
16.0253
15.4654
13.4982
13.4867
12.34
12.34
12.3085
11.5805
11.2994
11.2994
11.2918
11.0056
11.0056
10.5399
10.2796
10.2457
9.34426
8.95209
8.91813
8.77493
8.58633
8.54185
8.19058
8.02106
7.54933
7.54933
7.5491
7.52755
7.44822
7.30119
7.30119
7.20008
7.00851
7.00828
6.92918
6.92918
6.92028
6.90739
6.90739
6.90739
6.89982
6.88198
6.86096
6.86096
6.83555
6.83555
6.83555
6.82797
6.25063
6.25063
6.25063
6.24306
6.24306
6.24306
6.24306
6.24306
6.24306
6.24306
6.24306
6.24306
6.24306
6.24306
6.24306
6.24306
6.24306
6.24306
6.24306
6.24306
6.24306
6.24306
6.24306
6.24306
6.24306
6.24306
6.24306
6.24306
6.24306
6.24306
6.24306
6.24306
6.24306
6.24306
6.24306
6.24306
6.24306
6.24306
6.24306
6.24306
6.24306
6.24306
6.24306
6.24306
6.24306
6.24306
6.24306
6.24306
6.24306
6.24306
6.24306
6.24306
6.24306
6.24306
6.24306
6.24306
6.24306
6.24306
6.24306
6.24306
6.24306
6.24306
6.24306
6.24306
6.24306
6.24306
6.24306
6.24306
6.24306
6.24306
6.24306
6.24306
6.24306
6.24306
6.24306
6.24306
6.24306
6.24306
6.24306
6.24306
6.24306
6.24306
6.24306
6.24306
6.24306
6.24306
6.24306
6.24306
6.24306
6.24306
6.24306
6.24306
6.24306
6.24306
6.24306
6.24306
6.24306
6.24306
6.24306
6.24306
6.24306
6.24306
6.24306
6.24306
6.24306
6.24306
6.24306
6.24306
6.24306
6.24306
6.24306
6.24306
6.24306
6.24306
6.24306
6.24306
6.24306
6.24306
6.24306
6.24306
6.24306
6.24306
6.24306
6.24306
6.24306
6.24306
6.24306
6.24306
6.24306
6.24306
6.24306
6.24306
