#HALF_LENGTH_HISTORY
41.2642
39.0725
37.281
35.7454
33.7534
31.8226
31.2393
29.8081
28.6613
27.3951
26.1781
25.4969
24.9468
24.6259
23.7275
22.9167
22.2914
21.9239
21.2864
20.6112
19.8355
19.5203
18.9003
18.4577
17.8692
17.5592
17.0773
16.1829
16.0065
15.5061
15.4132
15.2579
15.0166
14.7997
14.5262
14.1916
13.5074
13.1787
12.7403
12.4317
11.7419
11.7149
11.7255
11.4551
11.1743
10.841
10.6974
10.6634
10.6152
10.5407
10.2113
10.142
9.86954
9.74992
9.66277
9.56736
9.40688
9.03807
9.41021
9.40727
9.12847
9.36107
9.13965
9.30986
8.94568
9.20313
8.94627
9.14194
9.22541
9.4234
9.8473
10.1066
10.2942
10.3188
10.2045
9.92235
9.70464
9.50897
9.1942
8.9663
8.88251
8.63286
8.65393
8.69423
8.67067
8.74637
8.82012
8.79044
8.89695
8.51589
8.48287
8.78877
8.79668
8.70388
8.85987
8.74976
8.68335
8.66141
8.75435
8.79933
8.7136
8.42203
8.5804
8.65521
8.49843
8.37477
8.46406
8.44499
8.58093
8.54611
8.79686
8.61934
8.62291
8.65533
8.59309
8.54083
8.83483
8.44216
8.63694
8.69341
8.95482
8.69615
8.65208
8.72044
8.58258
8.59802
8.27479
8.37381
8.21959
8.52176
8.77003
8.72614
8.74329
8.4524
8.43112
8.60124
8.38543
8.88873
8.41532
8.55274
8.5246
8.77743
8.64527
8.57383
8.57014
8.4541
8.74942
8.62054
8.64533
8.73742
8.81697
8.75671
8.73217
8.90587
8.87381
8.73964
8.64476
8.73081
8.53552
8.57716
8.61023
8.63225
8.70822
8.43641
8.6922
8.47291
8.69312
8.8793
9.02242
8.92817
8.9665
8.96299
8.63712
8.49586
8.49916
8.59341
8.51947
8.7045
8.6772
8.49344
8.81161
8.77182
8.99069
8.71582
8.60128
8.76551
8.7612
8.59962
8.44529
8.66439
8.75141
8.59416
9.00616
8.95567
8.91105
8.93274
8.96163
8.60548
8.9889
8.78613
