#     BLOCK:  ACTUAL_I:     I_AVE:      ERROR:
                 1         0.0114323         0.0114323                 0
                 2         0.0493743         0.0304033         0.0134145
                 3         0.0160143          0.025607        0.00976288
                 4        -0.0118861         0.0162337         0.0109319
                 5       -0.00462752         0.0120615        0.00950846
                 6         0.0216407          0.013658        0.00805664
                 7         0.0359323           0.01684        0.00750783
                 8       -0.00070257         0.0146472        0.00688214
                 9         0.0328061         0.0166649        0.00640639
                10         0.0425966          0.019258        0.00626865
                11        -0.0103939         0.0165624        0.00625155
                12         0.0406405         0.0185689        0.00604402
                13         0.0130856         0.0181471         0.0055938
                14          0.010049         0.0175687        0.00522406
                15         0.0410006         0.0191308        0.00510401
                16       -0.00715406          0.017488        0.00504246
                17       -0.00403776         0.0162218        0.00490225
                18       -0.00814924         0.0148678        0.00481325
                19         0.0130114         0.0147701        0.00456091
                20         0.0323482          0.015649        0.00441674
                21        0.00351655         0.0150713        0.00424403
                22        -0.0138964         0.0137546        0.00425047
                23         0.0387261         0.0148403        0.00420205
                24        -0.0227905         0.0132724        0.00430958
                25         0.0131748         0.0132685        0.00413719
                26        0.00384598         0.0129061        0.00399391
                27         0.0234774         0.0132976        0.00386513
                28        0.00958822         0.0131651        0.00372936
                29          0.012056         0.0131269        0.00360096
                30        -0.0069495         0.0124576        0.00354257
                31          0.031644         0.0130766        0.00348194
                32        0.00790497          0.012915        0.00337687
                33          0.016791         0.0130324        0.00327659
                34         0.0128671         0.0130275        0.00318022
                35         0.0395655         0.0137858        0.00317846
                36        -0.0226801         0.0127728        0.00324757
                37         0.0255887         0.0131192        0.00317821
                38         0.0143599         0.0131519        0.00309474
                39         0.0209875         0.0133528        0.00302191
                40         0.0285139         0.0137318        0.00297003
                41        -0.0296619         0.0126734        0.00308041
                42        0.00761002         0.0125529        0.00300942
                43         0.0139845         0.0125861        0.00293962
                44        0.00814944         0.0124853        0.00287454
                45         0.0551448         0.0134333        0.00296286
                46         0.0133716          0.013432        0.00289845
                47         0.0183516         0.0135366        0.00283867
                48         0.0181179         0.0136321        0.00278113
                49        0.00714509         0.0134997        0.00272752
                50          0.030468         0.0138391          0.002694
                51        -0.0310547         0.0129588        0.00278128
                52         0.0340631         0.0133646        0.00275724
                53       -0.00852369         0.0129517        0.00273598
                54        -0.0130304         0.0124705        0.00272729
                55         0.0438692         0.0130414         0.0027368
                56        -0.0131185         0.0125742         0.0027275
                57         0.0119938         0.0125641        0.00267967
                58        0.00915198         0.0125052        0.00263412
                59      -0.000790023         0.0122799        0.00259909
                60         0.0117066         0.0122703        0.00255579
                61         0.0165779          0.012341        0.00251487
                62       -0.00152935         0.0121172        0.00248424
                63        0.00578244         0.0120167        0.00244684
                64       -0.00730214         0.0117148        0.00242715
                65         0.0225463         0.0118815        0.00239553
                66         0.0126152         0.0118926        0.00235926
                67         0.0141276         0.0119259        0.00232428
                68       -0.00624727         0.0116587        0.00230541
                69        0.00114485         0.0115063        0.00227703
                70         0.0191452         0.0116154        0.00224712
                71         0.0203611         0.0117386        0.00221884
                72        0.00300678         0.0116173        0.00219133
                73        -0.0241893         0.0111268        0.00221553
                74       -0.00471582         0.0109128        0.00219591
                75         0.0448482         0.0113652        0.00221276
                76        0.00107697         0.0112299        0.00218778
                77        0.00273913         0.0111196        0.00216215
                78         0.0240467         0.0112853        0.00214077
                79        -0.0274736         0.0107947        0.00216916
                80        0.00964907         0.0107804        0.00214209
                81         0.0320803         0.0110433        0.00213173
                82            0.0301         0.0112757        0.00211836
                83        -0.0257227           0.01083        0.00213923
                84       -0.00579264         0.0106321        0.00212289
                85       -0.00320166         0.0104693        0.00210415
                86        -0.0150112          0.010173        0.00210043
                87      -0.000433949         0.0100511        0.00207983
                88         0.0399229         0.0103906        0.00208371
                89        -0.0112286         0.0101477        0.00207441
                90         0.0216193         0.0102751        0.00205527
                91         0.0144757         0.0103213         0.0020332
                92       -0.00804403         0.0101217        0.00202088
                93          0.033511         0.0103732        0.00201474
                94       -0.00570492         0.0102021        0.00200055
                95         0.0505907         0.0106273        0.00202416
                96         0.0139387         0.0106618        0.00200337
                97         -0.017522         0.0103712        0.00200368
                98        0.00274238         0.0102934        0.00198475
                99       -0.00162285          0.010173        0.00196834
               100          0.003049         0.0101018        0.00194995
               101         0.0248023         0.0102473        0.00193607
               102         0.0495375         0.0106325        0.00195503
               103         0.0118891         0.0106447        0.00193609
               104         0.0418824         0.0109451        0.00194063
               105       -0.00105482         0.0108308        0.00192551
               106          0.001692         0.0107446        0.00190927
               107         0.0381188         0.0110004        0.00190849
               108         0.0154982          0.011042        0.00189128
               109         0.0115585         0.0110468        0.00187393
               110       -0.00232274         0.0109252        0.00186083
               111         0.0371665         0.0111617        0.00185903
               112         0.0308318         0.0113373         0.0018507
               113       -0.00775087         0.0111684        0.00184202
               114         0.0358329         0.0113847        0.00183852
               115         0.0245143         0.0114989        0.00182608
               116         0.0323088         0.0116783        0.00181913
               117        -0.0183091          0.011422        0.00182154
               118       -0.00438032         0.0112881        0.00181102
               119          0.040057         0.0115298        0.00181187
               120         0.0193651         0.0115951        0.00179795
               121          0.033844          0.011779        0.00179247
               122         0.0188337         0.0118368        0.00177871
               123         0.0164381         0.0118742        0.00176464
               124          0.024264         0.0119741        0.00175323
               125         0.0272147         0.0120961        0.00174344
               126        -0.0268401          0.011787        0.00175678
               127        0.00106951         0.0117027        0.00174497
               128         0.0119478         0.0117046        0.00173134
               129         0.0238673         0.0117989        0.00172048
               130         0.0173372         0.0118415        0.00170778
               131           0.01148         0.0118387        0.00169474
               132         0.0230218         0.0119234        0.00168402
               133        0.00679732         0.0118849         0.0016718
               134         0.0336535         0.0120473         0.0016672
               135        -0.0206519         0.0118051        0.00167235
               136        -0.0293311         0.0115026        0.00168718
               137        -0.0255209         0.0112324        0.00169637
               138          0.040524         0.0114446        0.00169731
               139        0.00740514         0.0114156        0.00168535
               140       0.000940524         0.0113408        0.00167497
               141           0.02852         0.0114626        0.00166751
               142         0.0136066         0.0114777        0.00165584
               143        -0.0110754           0.01132        0.00165175
               144         0.0388985         0.0115115        0.00165135
               145       0.000551373         0.0114359        0.00164169
               146       -0.00387948          0.011331        0.00163379
               147         0.0454791         0.0115633        0.00163911
               148        0.00716832         0.0115336         0.0016283
               149        -0.0158787         0.0113496        0.00162774
               150        0.00785638         0.0113264        0.00161705
               151        -0.0161122         0.0111446        0.00161652
               152         0.0485304         0.0113906        0.00162449
               153         0.0497487         0.0116413         0.0016331
               154         0.0417293         0.0118367        0.00163414
               155         0.0088707         0.0118176        0.00162371
               156          0.012406         0.0118213        0.00161331
               157       -0.00344353         0.0117241        0.00160596
               158         -0.022133         0.0115098        0.00161003
               159        -0.0321674         0.0112351        0.00162317
               160         0.0485332         0.0114682        0.00162968
               161       -0.00641535         0.0113571        0.00162334
               162       -0.00969116         0.0112272        0.00161851
               163         0.0151505         0.0112513        0.00160876
               164       -0.00707654         0.0111395        0.00160282
               165        0.00759692         0.0111181        0.00159325
               166       -0.00218501         0.0110379        0.00158567
               167        -0.0119734         0.0109001        0.00158215
               168        -0.0038111         0.0108126        0.00157515
               169         0.0328678         0.0109431        0.00157123
               170         0.0158492         0.0109719        0.00156225
               171        -0.0163097         0.0108124        0.00156124
               172         0.0117127         0.0108176        0.00155217
               173       -0.00455508         0.0107288        0.00154574
               174         0.0103377         0.0107265        0.00153686
               175        0.00160491         0.0106744        0.00152896
               176         0.0227033         0.0107427         0.0015218
               177         0.0195387         0.0107924        0.00151402
               178       -0.00362055         0.0107115        0.00150767
               179      -0.000673656         0.0106479        0.00150059
               180         0.0102117         0.0106454        0.00149226
               181         0.0237909         0.0107181        0.00148578
               182        -0.0204493         0.0105468        0.00148745
               183         0.0321417         0.0106648          0.001484
               184        -0.0138621         0.0105315        0.00148191
               185          0.012004         0.0105395        0.00147392
               186         0.0168725         0.0105735        0.00146639
               187         0.0256749         0.0106543        0.00146077
               188        0.00440683          0.010621        0.00145337
               189        -0.0208673         0.0104544         0.0014552
               190        0.00405871         0.0104208        0.00144793
               191        0.00875938         0.0104121        0.00144038
               192         0.0150264         0.0104361        0.00143308
               193         0.0118361         0.0104434        0.00142567
               194        0.00937834         0.0104379        0.00141833
               195       -0.00262187         0.0103709        0.00141264
               196         0.0206679         0.0104234        0.00140641
               197       -0.00855918         0.0103271        0.00140257
               198         0.0349741         0.0104516        0.00140099
               199        -0.0114729         0.0103414        0.00139828
               200        -0.0078622         0.0102504        0.00139425
               201         0.0430306         0.0104135        0.00139682
               202        0.00244693          0.010374        0.00139046
               203         0.0342139         0.0104915        0.00138856
               204        0.00524763         0.0104658        0.00138199
               205         0.0162236         0.0104938        0.00137553
               206         0.0223812         0.0105515        0.00137007
               207         0.0442416         0.0107143        0.00137308
               208        0.00440865          0.010684        0.00136681
               209       -0.00497887          0.010609        0.00136233
               210        0.00234461         0.0105697        0.00135641
               211          0.010434          0.010569        0.00134998
               212        0.00103076         0.0105241        0.00134436
               213         0.0257431         0.0105955        0.00133995
               214        -0.0205865         0.0104498        0.00134159
               215        -0.0147819         0.0103324        0.00134047
               216         0.0223228         0.0103879        0.00133541
               217         0.0158142          0.010413        0.00132949
               218         0.0211227         0.0104621         0.0013243
               219       -0.00720518         0.0103814        0.00132071
               220        -0.0254937         0.0102183        0.00132473
               221         0.0159901         0.0102445          0.001319
               222        -0.0223798         0.0100975        0.00132122
               223         0.0162434         0.0101251        0.00131558
               224       -0.00143366         0.0100735        0.00131072
               225         0.0181422         0.0101093        0.00130538
               226       -0.00410521         0.0100464        0.00130112
               227         0.0023919         0.0100127        0.00129583
               228         0.0160089          0.010039        0.00129041
               229        0.00671789         0.0100245        0.00128486
               230          0.025951         0.0100937        0.00128113
               231        -0.0115519              0.01        0.00127901
               232        0.00847117        0.00999345        0.00127351
               233       0.000874322        0.00995431        0.00126865
               234         0.0476725         0.0101155        0.00127343
               235          0.049129         0.0102815        0.00127878
               236        0.00654374         0.0102657        0.00127346
               237         0.0194528         0.0103044        0.00126868
               238        -0.0114419         0.0102131        0.00126664
               239      -0.000506588         0.0101682        0.00126213
               240          0.010673         0.0101703        0.00125687
               241         0.0103236          0.010171        0.00125166
               242       -0.00436384         0.0101109        0.00124793
               243        0.00414944         0.0100864        0.00124303
               244        0.00711347         0.0100742          0.001238
               245        -0.0152396        0.00997086        0.00123725
               246        0.00358379         0.0099449        0.00123249
               247       -0.00389599        0.00988886        0.00122877
               248        -0.0060702        0.00982451         0.0012255
               249        0.00856349        0.00981945        0.00122059
               250         0.0387524        0.00993518        0.00122118
               251           0.03035         0.0100165        0.00121902
               252        0.00960744         0.0100149        0.00121419
               253         0.0236956          0.010069        0.00121059
               254        0.00633671         0.0100543        0.00120592
               255        0.00432363         0.0100318         0.0012014
               256       -0.00443381        0.00997529        0.00119803
               257         0.0182827         0.0100076        0.00119381
               258         0.0246146         0.0100642        0.00119052
               259        0.00937923         0.0100616        0.00118593
               260      -0.000115617         0.0100224        0.00118201
               261        -0.0125121         0.0099361        0.00118063
               262        -0.0084187        0.00986605         0.0011782
               263          0.023035        0.00991612        0.00117479
               264        0.00683373        0.00990444        0.00117039
               265      -0.000252608        0.00986611         0.0011666
               266       0.000904747        0.00983242         0.0011627
               267         0.0166939        0.00985812        0.00115863
               268          0.022157        0.00990401        0.00115522
               269        0.00821858        0.00989775        0.00115094
               270         0.0276778         0.0099636        0.00114856
               271         0.0438551         0.0100887        0.00115111
               272         0.0198737         0.0101246        0.00114744
               273        0.00948745         0.0101223        0.00114324
               274        -0.0298962        0.00997625        0.00114836
               275         0.0114542        0.00998162         0.0011442
               276         0.0412043         0.0100947        0.00114563
               277         0.0220972         0.0101381        0.00114231
               278        -0.0154133         0.0100462         0.0011419
               279        0.00129395         0.0100148        0.00113823
               280        0.00536724         0.0099982        0.00113429
               281        0.00582438        0.00998335        0.00113035
               282        0.00101221        0.00995153        0.00112679
               283        0.00573963        0.00993665        0.00112291
               284          0.039722         0.0100415        0.00112384
               285        -0.0186699        0.00994079         0.0011244
               286        -0.0311802        0.00979701        0.00112963
               287        0.00275114        0.00977246        0.00112596
               288         0.0314509        0.00984773        0.00112456
               289         0.0198382         0.0098823         0.0011212
               290        -0.0110133        0.00981024        0.00111965
               291         0.0231009        0.00985592        0.00111673
               292        0.00825434        0.00985043        0.00111292
               293       -0.00471263        0.00980073        0.00111023
               294         0.0118762        0.00980779        0.00110648
               295         0.0219761        0.00984904        0.00110349
               296         0.0168304        0.00987262        0.00110002
               297       -0.00267757        0.00983037        0.00109713
               298         0.0334367        0.00990958         0.0010963
               299         0.0290412        0.00997357         0.0010945
               300        0.00292759        0.00995008         0.0010911
               301         0.0183425        0.00997796        0.00108783
               302         0.0195669         0.0100097         0.0010847
               303         0.0371485         0.0100993        0.00108481
               304         0.0366161         0.0101865        0.00108474
               305         0.0289695         0.0102481        0.00108293
               306        -0.0268929         0.0101267        0.00108617
               307         0.0185201         0.0101541        0.00108298
               308        -0.0107532         0.0100862        0.00108159
               309         0.0180634          0.010112        0.00107839
               310         0.0459144         0.0102275        0.00108108
               311       -0.00423579          0.010181        0.00107861
               312          0.015131         0.0101968        0.00107527
               313         0.0017132         0.0101697        0.00107217
               314         0.0111287         0.0101728        0.00106876
               315       -0.00577505         0.0101222        0.00106657
               316         0.0131358         0.0101317        0.00106324
               317           0.00219         0.0101066        0.00106018
               318        -0.0122759         0.0100363        0.00105918
               319        0.00645757          0.010025        0.00105592
               320         0.0110621         0.0100283        0.00105262
               321       -0.00286571        0.00998812        0.00105011
               322       -0.00386366         0.0099451        0.00104773
               323         0.0376747         0.0100309        0.00104799
               324         0.0506079         0.0101562        0.00105222
               325       -0.00602978         0.0101064        0.00105016
               326        -0.0246457        0.00999978        0.00105233
               327        -0.0121439        0.00993206        0.00105129
               328        -0.0172645        0.00984915        0.00105135
               329        0.00528754        0.00983528        0.00104825
               330         0.0185088        0.00986157         0.0010454
               331         0.0220551         0.0098984        0.00104289
               332        -0.0419193        0.00974233        0.00105136
               333        -0.0105516        0.00968138        0.00104997
               334         0.0382922        0.00976704        0.00105032
               335        -0.0234208        0.00966798        0.00105184
               336       5.98119e-05        0.00963938         0.0010491
               337        -0.0160974        0.00956301        0.00104876
               338         0.0542756         0.0096953        0.00105397
               339        0.00549586        0.00968291        0.00105093
               340        0.00910694        0.00968121        0.00104784
               341         0.0249956        0.00972613        0.00104573
               342         0.0663863         0.0098918        0.00105572
               343         0.0468711        0.00999961        0.00105813
               344        0.00872182         0.0099959        0.00105506
               345        0.00618591        0.00998485        0.00105206
               346         0.0203106         0.0100147        0.00104944
               347        0.00796583         0.0100088        0.00104644
               348        -0.0609593        0.00980486        0.00106311
               349         0.0251802        0.00984891        0.00106098
               350        0.00919157        0.00984704        0.00105795
               351        -0.0049958        0.00980475        0.00105578
               352        0.00295552        0.00978529        0.00105296
               353         0.0412616        0.00987446        0.00105375
               354         0.0075099        0.00986778        0.00105079
               355         0.0128782        0.00987626        0.00104787
               356        -0.0133046        0.00981114        0.00104694
               357       0.000741062        0.00978574        0.00104432
               358          0.024471        0.00982676        0.00104221
               359        0.00415678        0.00981096        0.00103942
               360         0.0281019        0.00986177        0.00103778
               361        -0.0486331        0.00969974        0.00104748
               362        -0.0151637        0.00963105        0.00104683
               363        -0.0145528        0.00956443        0.00104607
               364        -0.0143989         0.0094986        0.00104526
               365      -0.000329802        0.00947167        0.00104274
               366          0.010961        0.00947574         0.0010399
               367         0.0147347        0.00949007        0.00103717
               368       -0.00396901         0.0094535          0.001035
               369         0.0337265        0.00951928        0.00103428
               370       -0.00726718        0.00947391        0.00103248
               371         -0.020568        0.00939293        0.00103287
               372         0.0201833        0.00942194         0.0010305
               373         0.0100239        0.00942355        0.00102773
               374       -0.00549494        0.00938366        0.00102576
               375        0.00598521         0.0093746        0.00102307
               376        -0.0179834        0.00930184        0.00102293
               377         0.0131621        0.00931208        0.00102027
               378        0.00818736         0.0093091        0.00101757
               379         0.0086047        0.00930725        0.00101489
               380         0.0439341        0.00939837         0.0010163
               381        -0.0141881        0.00933646        0.00101552
               382         0.0246206        0.00937647        0.00101365
               383         0.0321244        0.00943587        0.00101274
               384         0.0299413        0.00948927        0.00101151
               385         0.0236596        0.00952607        0.00100955
               386         0.0165337        0.00954423         0.0010071
               387       -0.00723913        0.00950086        0.00100543
               388       -0.00194739        0.00947135        0.00100327
               389        0.00695776        0.00946489        0.00100071
               390         0.0227611        0.00949898       0.000998726
               391         0.0118895         0.0095051       0.000996191
               392         0.0258935        0.00954691       0.000994526
               393         -0.006875        0.00950512       0.000992873
               394        0.00449384         0.0094924       0.000990434
               395       -0.00346259         0.0094596        0.00098847
               396        0.00775913        0.00945531       0.000985983
               397        -0.0196191        0.00938207       0.000986216
               398         0.0239531        0.00941868       0.000984417
               399         0.0193021        0.00944345       0.000982261
               400           0.02229        0.00947557       0.000980331
               401        0.00139162        0.00945541       0.000978093
               402         0.0196941        0.00948088       0.000975992
               403       -0.00103083         0.0094548       0.000973918
               404         0.0210965        0.00948361       0.000971934
               405        -0.0065683        0.00944398       0.000970342
               406         0.0039013        0.00943033       0.000968048
               407         0.0178501        0.00945101        0.00096589
               408         0.0256763        0.00949078       0.000964341
               409         0.0327267        0.00954759       0.000963655
               410       -0.00834275        0.00950396       0.000962293
               411         0.0247305        0.00954101       0.000960664
               412         0.0365195        0.00960649       0.000960561
               413         0.0111996        0.00961035       0.000958243
               414         0.0157462        0.00962517       0.000956043
               415         0.0235431         0.0096587       0.000954328
               416        0.00682396        0.00965189       0.000952058
               417         0.0198937        0.00967645       0.000950092
               418         0.0152133         0.0096897       0.000947911
               419         0.0131856        0.00969804       0.000945685
               420         0.0120671        0.00970368       0.000943451
               421         -0.019501        0.00963431       0.000943757
               422       -0.00156099        0.00960778       0.000941893
               423         0.0159846        0.00962286       0.000939787
               424          0.014319        0.00963393       0.000937636
               425         0.0278011        0.00967668       0.000936403
               426         0.0155498        0.00969047       0.000934307
               427         0.0224607        0.00972037       0.000932597
               428         0.0205642        0.00974571       0.000930762
               429        0.00184743         0.0097273       0.000928775
               430        -0.0337608        0.00962616       0.000932105
               431         0.0183714        0.00964645       0.000930163
               432         0.0161643        0.00966154       0.000928132
               433         0.0120857        0.00966714       0.000926006
               434         0.0149054        0.00967921       0.000923951
               435         0.0228056        0.00970938       0.000922319
               436        0.00617767        0.00970128       0.000920239
               437        -0.0170017        0.00964018        0.00092016
               438        0.00214423        0.00962306       0.000918218
               439         0.0321663        0.00967442       0.000917562
               440         0.0244316        0.00970796       0.000916089
               441      -0.000638183        0.00968449       0.000914312
               442          0.032634        0.00973642       0.000913717
               443       -0.00871617        0.00969476       0.000912603
               444        -0.0182362        0.00963186       0.000912713
               445       -0.00590748        0.00959694        0.00091133
               446         0.0117088        0.00960167       0.000909299
               447         0.0240821        0.00963407       0.000907841
               448         0.0261201        0.00967086        0.00090656
               449         0.0211675        0.00969647       0.000904903
               450        0.00831269        0.00969339       0.000902897
               451         0.0552717        0.00979445       0.000906533
               452         0.0204045        0.00981793       0.000904832
               453         0.0180696        0.00983614       0.000903018
               454        0.00602153        0.00982774       0.000901068
               455        -0.0113981        0.00978109       0.000900294
               456         0.0128942        0.00978792       0.000898346
               457         0.0112813        0.00979119       0.000896386
               458        0.00457905        0.00977981       0.000894501
               459          0.019313        0.00980058       0.000892793
               460         0.0200129        0.00982278       0.000891128
               461         0.0115076        0.00982643       0.000889203
               462         0.0131006        0.00983352       0.000887306
               463        0.00333367        0.00981948       0.000885501
               464         0.0376302        0.00987942       0.000885619
               465         0.0162899         0.0098932       0.000883821
               466         0.0106124        0.00989475       0.000881926
               467         0.0069346        0.00988841        0.00088006
               468         0.0200385         0.0099101       0.000878447
               469        0.00893477        0.00990802       0.000876577
               470        0.00952245         0.0099072       0.000874712
               471       -0.00397945        0.00987771       0.000873352
               472        0.00565572        0.00986877       0.000871547
               473         0.0154874        0.00988065       0.000869785
               474         0.0115937        0.00988426       0.000867958
               475         0.0126329        0.00989005        0.00086615
               476         0.0212292        0.00991387       0.000864658
               477         0.0212621        0.00993766       0.000863172
               478         0.0160045        0.00995035        0.00086146
               479        -0.0123265        0.00990384       0.000860916
               480         0.0317155        0.00994929       0.000860321
               481       -0.00751703        0.00991297       0.000859298
               482         0.0172286        0.00992815       0.000857649
               483        0.00713144        0.00992236       0.000855893
               484         0.0359336         0.0099761        0.00085581
               485        -0.0135683        0.00992756       0.000855422
               486         0.0189275        0.00994608       0.000853862
               487         0.0442959         0.0100166       0.000855017
               488       -0.00431743        0.00998724       0.000853769
               489        0.00731223        0.00998177       0.000852041
               490         0.0125325        0.00998697       0.000850318
               491          0.019098         0.0100055       0.000848788
               492        -0.0298595         0.0099245       0.000850922
               493        0.00064052        0.00990567       0.000849404
               494         0.0135237        0.00991299       0.000847716
               495         0.0198136        0.00993299        0.00084624
               496         0.0200162        0.00995332       0.000844778
               497         0.0109975        0.00995542       0.000843081
               498       -0.00195326        0.00993151       0.000841727
               499       -0.00914229        0.00989329       0.000840907
               500        0.00487722        0.00988326       0.000839285
               501         0.0169774        0.00989742        0.00083773
               502        -0.0115972         0.0098546       0.000837154
               503       -0.00139686        0.00983223       0.000835789
               504        0.00840946        0.00982941       0.000834135
               505         0.0461072        0.00990124       0.000835571
               506      -0.000329791        0.00988102       0.000834164
               507        -0.0198155        0.00982245       0.000834573
               508         0.0552979        0.00991197       0.000837717
               509         0.0137216        0.00991945       0.000836105
               510        0.00917452        0.00991799       0.000834467
               511       -0.00246848        0.00989375       0.000833186
               512         0.0115213        0.00989693       0.000831565
               513        -0.0101078        0.00985794       0.000830858
               514         0.0210856        0.00987978       0.000829528
               515         0.0238849        0.00990697       0.000828363
               516         0.0253481         0.0099369       0.000827298
               517         0.0297033        0.00997513       0.000826581
               518        0.00961525        0.00997444       0.000824985
               519         -0.042915        0.00987253       0.000829666
               520         0.0363859        0.00992352       0.000829636
               521      -0.000543519        0.00990343       0.000828287
               522        -0.0160345        0.00985374       0.000828189
               523         0.0062908        0.00984693       0.000826633
               524       -0.00694088        0.00981489       0.000825676
               525         0.0256056        0.00984497       0.000824651
               526        0.00637619        0.00983837        0.00082311
               527        -0.0125488        0.00979589       0.000822644
               528         0.0337394        0.00984124       0.000822334
               529       -0.00820759        0.00980712       0.000821487
               530          0.016903        0.00982051       0.000820047
               531          0.013015        0.00982652       0.000818524
               532        -0.0170851        0.00977594       0.000818547
               533      -0.000958427         0.0097558       0.000817259
               534         0.0226411        0.00977993       0.000816085
               535         0.0378578        0.00983241       0.000816245
               536         0.0114798        0.00983548       0.000814728
               537         0.0172193        0.00984923       0.000813327
               538        -0.0105511        0.00981132       0.000812699
               539        0.00819746        0.00980832       0.000811197
               540       -0.00943706        0.00977268       0.000810477
               541        0.00808679        0.00976956       0.000808985
               542        -0.0223437        0.00971032       0.000809659
               543         0.0255392        0.00973947       0.000808692
               544         0.0244175        0.00976645       0.000807656
               545       -0.00834742        0.00973321       0.000806858
               546         0.0237573         0.0097589       0.000805789
               547        0.00376872        0.00974795        0.00080439
               548         0.0185369        0.00976398       0.000803082
               549       -0.00142925         0.0097436       0.000801878
               550         0.0248427        0.00977105        0.00080089
               551        0.00609058        0.00976437       0.000799464
               552         0.0415114        0.00982188       0.000800082
               553         0.0436424        0.00988304       0.000800969
               554       -0.00847135        0.00984991       0.000800208
               555         0.0132477        0.00985603        0.00079879
               556         0.0403486        0.00991087       0.000799233
               557         0.0357128         0.0099572        0.00079914
               558         0.0238291        0.00998206       0.000798094
               559         0.0249159         0.0100088       0.000797114
               560        0.00495847        0.00999975       0.000795741
               561       -0.00735304        0.00996882       0.000794924
               562         0.0133137        0.00997477       0.000793532
               563      -0.000275866        0.00995657       0.000792331
               564       -0.00983726        0.00992147       0.000791703
               565       -0.00728079        0.00989102       0.000790887
               566         0.0120943        0.00989492       0.000789499
               567        0.00546339         0.0098871       0.000788145
               568       -0.00875225        0.00985429       0.000787441
               569        -0.0116164        0.00981655        0.00078696
               570         0.0403162        0.00987006       0.000787397
               571        0.00723412        0.00986544       0.000786031
               572         0.0173044        0.00987845       0.000784765
               573        -0.0380586        0.00979479       0.000787842
               574        -0.0115788        0.00975755       0.000787349
               575        -0.0143404        0.00971564       0.000787094
               576         0.0311954        0.00975293        0.00078661
               577         0.0314108        0.00979047       0.000786142
               578         0.0382193        0.00983965       0.000786319
               579         0.0279939        0.00987101       0.000785586
               580        0.00794819        0.00986769       0.000784239
               581       -0.00187678        0.00984748       0.000783149
               582        -0.0246012        0.00978829       0.000784037
               583       -0.00400309        0.00976463       0.000783049
               584        -0.0308766        0.00969504       0.000784795
               585         0.0253873        0.00972187       0.000783911
               586         0.0452211        0.00978245       0.000784911
               587        -0.0222745        0.00972783       0.000785471
               588         0.0174159        0.00974091       0.000784244
               589       -0.00733474        0.00971192       0.000783448
               590         0.0166843        0.00972374        0.00078221
               591         0.0325919        0.00976243       0.000781843
               592         0.0323779        0.00980063       0.000781455
               593       -0.00280697        0.00977937       0.000780426
               594         0.0233693        0.00980225       0.000779447
               595          0.015125         0.0098112       0.000778189
               596          0.029124         0.0098436       0.000777557
               597         0.0139564        0.00985049       0.000776286
               598         0.0312644         0.0098863       0.000775813
               599        -0.0185897        0.00983876       0.000775973
               600       -0.00848822        0.00980821        0.00077528
               601         0.0347329        0.00984969       0.000775099
               602        -0.0017062        0.00983049       0.000774049
               603         0.0266862        0.00985844        0.00077327
               604        -0.0195425        0.00980977        0.00077352
               605       -0.00256501        0.00978931       0.000772512
               606        0.00363079        0.00977915       0.000771304
               607         0.0256917        0.00980536       0.000770479
               608         0.0330679        0.00984363       0.000770161
               609        -0.0136763        0.00980501       0.000769864
               610         0.0111176        0.00980716       0.000768605
               611         0.0222562        0.00982753       0.000767617
               612      -0.000809737        0.00981015        0.00076656
               613         0.0115614        0.00981301       0.000765314
               614       -0.00120511        0.00979506       0.000764278
               615         0.0182033        0.00980873       0.000763158
               616       -0.00290851        0.00978809       0.000762198
               617       -0.00337585        0.00976675       0.000761261
               618          -0.00771        0.00973847       0.000760555
               619         0.0218028        0.00975796       0.000759576
               620          0.044871         0.0098146       0.000760459
               621       -0.00990217        0.00978285       0.000759897
               622         0.0391099           0.00983       0.000760137
               623         0.0163144        0.00984041       0.000758988
               624         0.0267314        0.00986748       0.000758254
               625         0.0181399        0.00988071       0.000757156
               626         0.0201137        0.00989706       0.000756123
               627        0.00922414        0.00989598       0.000754918
               628         0.0181165        0.00990907       0.000753829
               629       -0.00556373        0.00988448       0.000753032
               630       -0.00751453        0.00985686       0.000752343
               631       -0.00708389        0.00983001        0.00075163
               632         0.0481428        0.00989063       0.000752881
               633         0.0227252        0.00991091       0.000751965
               634         0.0030994        0.00990016       0.000750855
               635         0.0317882        0.00993463       0.000750464
               636        0.00338721        0.00992434       0.000749354
               637         0.0219297        0.00994319       0.000748415
               638         0.0154882        0.00995188       0.000747292
               639         -0.010142        0.00992043       0.000746784
               640         0.0315954         0.0099543       0.000746385
               641        -0.0209315        0.00990611       0.000746774
               642        0.00425766        0.00989732       0.000745663
               643         0.0360361        0.00993797        0.00074561
               644        -0.0189219        0.00989315       0.000745798
               645         0.0395082        0.00993907       0.000746054
               646       0.000313643        0.00992417       0.000745048
               647         0.0267858        0.00995023       0.000744352
               648         0.0345864        0.00998825       0.000744173
               649         0.0146895        0.00999549       0.000743062
               650        0.00456011        0.00998713       0.000741966
               651          0.028285         0.0100152       0.000741358
               652        0.00138347          0.010002        0.00074034
               653        0.00717011        0.00999766       0.000739218
               654        -0.0303524        0.00993597       0.000740658
               655        0.00859454        0.00993392        0.00073953
               656         0.0307467        0.00996564       0.000739083
               657        0.00821987        0.00996299       0.000737963
               658         0.0340476        0.00999959       0.000737749
               659        0.00347255        0.00998969       0.000736696
               660         0.0135237        0.00999504       0.000735599
               661         0.0161047         0.0100043       0.000734544
               662         0.0291811         0.0100333       0.000734006
               663         0.0065236          0.010028       0.000732918
               664         0.0219728         0.0100459       0.000732035
               665         0.0178706         0.0100577       0.000731028
               666        -0.0204775         0.0100119       0.000731367
               667         0.0278015         0.0100385       0.000730757
               668        -0.0339931        0.00997262        0.00073263
               669       -0.00988445        0.00994294       0.000732136
               670       -0.00653128        0.00991835       0.000731456
               671        0.00920447        0.00991729       0.000730366
               672         0.0020069        0.00990551       0.000729374
               673        0.00587304        0.00989952       0.000728315
               674       0.000594226        0.00988572       0.000727365
               675        -0.0155144        0.00984809       0.000727261
               676        0.00658334        0.00984326       0.000726201
               677         0.0276613        0.00986958       0.000725605
               678         0.0294733        0.00989849        0.00072511
               679        0.00836835        0.00989624       0.000724046
               680        -0.0251865        0.00984464       0.000724817
               681        0.00840619        0.00984253       0.000723756
               682         0.0173253         0.0098535       0.000722778
               683        -0.0170333        0.00981414       0.000722791
               684        0.00673768        0.00980964       0.000721748
               685        -0.0399805        0.00973695       0.000724345
               686          0.014429        0.00974379       0.000723322
               687         0.0183465        0.00975632       0.000722377
               688       -0.00689431        0.00973211       0.000721732
               689         0.0195309        0.00974634       0.000720825
               690         0.0237361        0.00976661       0.000720065
               691         0.0137613        0.00977239       0.000719047
               692        -0.0412304        0.00969869       0.000721775
               693         0.0138901        0.00970474       0.000720759
               694       -0.00451897        0.00968424       0.000720012
               695         0.0140855        0.00969057       0.000719003
               696          0.031691        0.00972218       0.000718665
               697         0.0102676        0.00972297       0.000717634
               698         0.0188119        0.00973599       0.000716724
               699        -0.0139547         0.0097021         0.0007165
               700         0.0239096        0.00972239       0.000715764
               701         0.0181105        0.00973436       0.000714843
               702        -0.0171375        0.00969608       0.000714848
               703        0.00538031        0.00968994       0.000713858
               704        0.00516301        0.00968351       0.000712873
               705        0.00433866        0.00967593       0.000711902
               706       0.000596178        0.00966307        0.00071101
               707         0.0145667           0.00967       0.000710038
               708       -0.00916657         0.0096434       0.000709533
               709        -0.0056325        0.00962185        0.00070886
               710       -0.00527556        0.00960087       0.000708172
               711       -0.00234514        0.00958407       0.000707375
               712         0.0491718        0.00963967       0.000708563
               713         0.0042711        0.00963214        0.00070761
               714         0.0390379        0.00967332       0.000707816
               715         0.0530089        0.00973393       0.000709416
               716         0.0199872        0.00974825        0.00070857
               717        0.00119106        0.00973632       0.000707682
               718       -0.00923433         0.0097099        0.00070719
               719         0.0116984        0.00971266       0.000706211
               720         0.0491501        0.00976744       0.000707352
               721        -0.0405615        0.00969763       0.000709806
               722       -0.00762897        0.00967364       0.000709229
               723      -0.000803727        0.00965914       0.000708396
               724       -0.00464868        0.00963938       0.000707693
               725         0.0184071        0.00965147        0.00070682
               726        -0.0217592        0.00960821        0.00070717
               727         0.0153743        0.00961614       0.000706241
               728         0.0143606        0.00962266       0.000705301
               729        0.00707822        0.00961917       0.000704343
               730        -0.0244754        0.00957246       0.000704924
               731       -0.00272908        0.00955563       0.000704161
               732         0.0397635         0.0095969       0.000704407
               733        0.00430323        0.00958968       0.000703483
               734         0.0350081        0.00962431       0.000703377
               735        0.00150709        0.00961327       0.000702506
               736           0.01029        0.00961419       0.000701553
               737        -0.0101038        0.00958743       0.000701111
               738        -0.0120913        0.00955806       0.000700776
               739         -0.015729        0.00952384       0.000700662
               740         0.0200962        0.00953813       0.000699861
               741         0.0365617        0.00957459       0.000699866
               742        0.00648349        0.00957043       0.000698935
               743         0.0150743        0.00957784       0.000698034
               744        -0.0110421        0.00955012       0.000697646
               745       0.000204683        0.00953758       0.000696822
               746       -0.00211757        0.00952195       0.000696063
               747         0.0117604        0.00952495       0.000695138
               748        0.00548878        0.00951955       0.000694229
               749        0.00318704         0.0095111       0.000693354
               750          0.039944        0.00955168       0.000693616
               751         0.0126853        0.00955585       0.000692705
               752         0.0026747         0.0095467       0.000691844
               753          0.037763        0.00958417       0.000691939
               754        -0.0129288        0.00955431       0.000691665
               755         0.0244482        0.00957404       0.000691031
               756       -0.00443535        0.00955551       0.000690365
               757        -0.0179899        0.00951912       0.000690411
               758         0.0154688        0.00952697       0.000689545
               759        0.00944938        0.00952687       0.000688637
               760         0.0228887        0.00954445       0.000687955
               761        -0.0153257        0.00951177       0.000687827
               762         0.0273886        0.00953523       0.000687324
               763        -0.0430061        0.00946637       0.000689864
               764         0.0169308        0.00947614        0.00068903
               765         0.0307558        0.00950395       0.000688691
               766        0.00557223        0.00949882       0.000687811
               767         0.0293563        0.00952471       0.000687401
               768         0.0272028        0.00954773       0.000686892
               769         0.0247859        0.00956754       0.000686284
               770         0.0305185        0.00959475       0.000685932
               771        -0.0166692        0.00956069       0.000685888
               772        0.00168784        0.00955049       0.000685075
               773        -0.0185748        0.00951411       0.000685154
               774        0.00980097        0.00951448       0.000684269
               775        -0.0008048        0.00950116       0.000683516
               776        0.00842523        0.00949978       0.000682636
               777        -0.0280127         0.0094515       0.000683463
               778        0.00910452        0.00945105       0.000682584
               779         0.0077237        0.00944883       0.000681712
               780        0.00359661        0.00944133       0.000680879
               781         0.0312484        0.00946925        0.00068058
               782       -0.00300109        0.00945331       0.000679896
               783         0.0357824        0.00948693       0.000679859
               784        0.00387805        0.00947978       0.000679029
               785        0.00639524        0.00947585       0.000678176
               786        -0.0273081        0.00942905       0.000678926
               787         0.0411087         0.0094693       0.000679255
               788          0.013306        0.00947417       0.000678411
               789        0.00292579        0.00946587       0.000677602
               790         0.0112849        0.00946817       0.000676748
               791         0.0279488        0.00949154       0.000676295
               792       -0.00770914        0.00946982        0.00067579
               793        -0.0136113        0.00944071       0.000675564
               794         0.0229621        0.00945774       0.000674928
               795         0.0112428        0.00945999       0.000674083
               796        0.00821891        0.00945843       0.000673238
               797       -0.00367041        0.00944196       0.000672595
               798         0.0228555        0.00945877       0.000671962
               799        0.00847234        0.00945753       0.000671122
               800        -0.0131241         0.0094293       0.000670876
               801        -0.0227936        0.00938908       0.000671244
               802       -0.00824571        0.00936709       0.000670767
               803         0.0109774        0.00936909       0.000669935
               804         0.0194556        0.00938164       0.000669219
               805        0.00442166        0.00937548       0.000668416
               806        -0.0141222        0.00934632       0.000668222
               807         -0.013788        0.00931766       0.000668009
               808        0.00890148        0.00931714       0.000667182
               809         0.0106433        0.00931878        0.00066636
               810         0.0104351        0.00932016       0.000665538
               811        -0.0121058        0.00929374       0.000665242
               812         0.0049544         0.0092884       0.000664444
               813        -0.0166371        0.00925651       0.000664392
               814      -0.000646202        0.00924434       0.000663687
               815         0.0184199         0.0092556       0.000662968
               816          0.018204        0.00926657       0.000662246
               817         0.0376215        0.00930127       0.000662344
               818       -0.00363881        0.00928545       0.000661723
               819         0.0364854        0.00931866       0.000661748
               820         0.0382739        0.00935398       0.000661883
               821        -0.0168757        0.00932203       0.000661847
               822         0.0137995        0.00932747       0.000661064
               823         0.0101255        0.00932844       0.000660262
               824        0.00754863        0.00932628       0.000659464
               825        0.00830792        0.00932505       0.000658666
               826         0.0309222         0.0093512       0.000658387
               827         0.0386085        0.00938657       0.000658541
               828        0.00724046        0.00938398       0.000657751
               829         0.0122426        0.00938743       0.000656966
               830        0.00196495        0.00937849       0.000656236
               831       0.000124681        0.00936735       0.000655541
               832         0.0354414        0.00939869       0.000655501
               833        -0.0250644        0.00935732       0.000656019
               834        0.00413365        0.00935105       0.000655262
               835        0.00396869        0.00934461       0.000654509
               836         0.0299749        0.00936929       0.000654191
               837         0.0063881        0.00936572       0.000653419
               838         0.0261711        0.00938578       0.000652947
               839        0.00363612        0.00937893       0.000652205
               840         0.0100847        0.00937977       0.000651429
               841         0.0152397        0.00938673       0.000650692
               842       0.000262545         0.0093759       0.000650009
               843         0.0153618          0.009383       0.000649277
               844         0.0327921        0.00941073         0.0006491
               845         0.0208169        0.00942423       0.000648472
               846         0.0469245        0.00946856       0.000649218
               847         0.0141421        0.00947408       0.000648475
               848          0.008216        0.00947259       0.000647712
               849         0.0300014        0.00949677       0.000647401
               850        0.00573822        0.00949235       0.000646654
               851         0.0214404        0.00950639       0.000646047
               852        0.00697955        0.00950343       0.000645295
               853         0.0263819        0.00952321       0.000644842
               854        -0.0016467        0.00951013        0.00064422
               855       -0.00416685        0.00949414       0.000643665
               856         0.0138173        0.00949919       0.000642933
               857        0.00247452        0.00949099       0.000642235
               858         0.0170126        0.00949976       0.000641546
               859         0.0160822        0.00950742       0.000640845
               860        0.00435532        0.00950143       0.000640128
               861         0.0100357        0.00950205       0.000639384
               862          0.019058        0.00951314       0.000638739
               863        0.00307222        0.00950567       0.000638042
               864         0.0197666        0.00951755       0.000637414
               865         0.0315286        0.00954299       0.000637185
               866        -0.0051022        0.00952608       0.000636674
               867        -0.0124226        0.00950077       0.000636443
               868        -0.0263377        0.00945948       0.000637047
               869          0.018812        0.00947024       0.000636405
               870        -0.0318343        0.00942276       0.000637442
               871       -0.00286982        0.00940865       0.000636866
               872        -0.0151945        0.00938044       0.000636761
               873         0.0309412        0.00940513        0.00063651
               874         0.0294518        0.00942807       0.000636195
               875         0.0141315        0.00943345        0.00063549
               876        -0.0110602        0.00941005       0.000635195
               877         0.0161598        0.00941775       0.000634518
               878      -0.000213416        0.00940678        0.00063389
               879        0.00361643        0.00940019       0.000633203
               880         0.0204795        0.00941278       0.000632609
               881         0.0390448        0.00944642       0.000632784
               882         0.0254627        0.00946457       0.000632327
               883        0.00827184        0.00946322       0.000631612
               884       -0.00261797        0.00944956       0.000631046
               885         0.0197197        0.00946116       0.000630439
               886        -0.0139852         0.0094347       0.000630283
               887          0.026986        0.00945449       0.000629883
               888        0.00113526        0.00944512       0.000629243
               889         0.0244212        0.00946196       0.000628761
               890         0.0397119        0.00949595       0.000628973
               891         0.0569463        0.00954921       0.000630517
               892       -0.00690166        0.00953077        0.00063008
               893        -0.0154213        0.00950282       0.000629994
               894         0.0106304        0.00950408        0.00062929
               895       -0.00183652        0.00949141       0.000628715
               896         0.0290403        0.00951323       0.000628391
               897         0.0240661        0.00952946         0.0006279
               898         0.0191074        0.00954012       0.000627292
               899       0.000225879        0.00952976       0.000626679
               900         0.0183213        0.00953953       0.000626059
               901       -0.00366955        0.00952487       0.000625536
               902        0.00223157        0.00951678       0.000624895
               903         0.0371045        0.00954733       0.000624949
               904            0.0276         0.0095673       0.000624577
               905        0.00399447        0.00956115       0.000623917
               906         0.0124485        0.00956433       0.000623236
               907      -0.000718918          0.009553       0.000622652
               908         0.0259263        0.00957103       0.000622228
               909        0.00195457        0.00956265         0.0006216
               910         0.0174311         0.0095713       0.000620977
               911          0.010129        0.00957191       0.000620295
               912         0.0136572        0.00957639       0.000619631
               913        -0.0120318        0.00955272       0.000619405
               914        0.00702766        0.00954996       0.000618733
               915         0.0333741        0.00957599       0.000618604
               916         0.0220623        0.00958963       0.000618079
               917         0.0341623        0.00961642       0.000617986
               918         0.0137645        0.00962094       0.000617329
               919         0.0352824        0.00964886       0.000617289
               920         0.0263356          0.009667       0.000616884
               921         0.0404242         0.0097004       0.000617118
               922           -0.0117        0.00967719       0.000616885
               923        0.00427628        0.00967134       0.000616244
               924        -0.0149669        0.00964467       0.000616154
               925          0.011678        0.00964687       0.000615492
               926       -0.00317455        0.00963302       0.000614983
               927        0.00829391        0.00963158       0.000614321
               928       -0.00584855         0.0096149       0.000613885
               929          0.024883        0.00963133       0.000613444
               930        -0.0064743        0.00961401       0.000613029
               931         0.0133231          0.009618       0.000612384
               932         0.0183422        0.00962736       0.000611798
               933         0.0419327        0.00966198       0.000612121
               934         0.0136897         0.0096663       0.000611481
               935       -0.00354257        0.00965217        0.00061099
               936         0.0209539        0.00966424       0.000610457
               937         0.0209231        0.00967626       0.000609924
               938        0.00478511        0.00967104       0.000609296
               939          0.053791        0.00971803       0.000610456
               940          0.022967        0.00973213       0.000609969
               941         0.0355382        0.00975955       0.000609937
               942        -0.0133791        0.00973499       0.000609784
               943        0.00909059         0.0097343       0.000609138
               944        0.00659035        0.00973097       0.000608502
               945        -0.0143143        0.00970553       0.000608389
               946       -0.00968919        0.00968503       0.000608092
               947       -0.00613197        0.00966832       0.000607679
               948         0.0578929        0.00971919       0.000609163
               949        0.00401512        0.00971318       0.000608551
               950         0.0155174        0.00971929       0.000607941
               951        0.00493049        0.00971426       0.000607323
               952       -0.00904825        0.00969455       0.000607005
               953         0.0144732        0.00969956       0.000606388
               954        0.00159871        0.00969107       0.000605812
               955        -0.0071345        0.00967345       0.000605434
               956         0.0243808        0.00968884       0.000604996
               957        -0.0337378        0.00964346       0.000606063
               958        0.00952694        0.00964334       0.000605431
               959        0.00816288        0.00964179       0.000604801
               960         0.0314082        0.00966447       0.000604596
               961       -0.00548549         0.0096487       0.000604173
               962         0.0233667        0.00966296       0.000603713
               963         0.0205278        0.00967424       0.000603191
               964         0.0121019        0.00967676       0.000602571
               965        0.00407305        0.00967096       0.000601974
               966        0.00500716        0.00966613       0.000601371
               967         0.0218359        0.00967871        0.00060088
               968       -0.00692002        0.00966157       0.000600504
               969         0.0186254        0.00967082       0.000599956
               970         0.0160897        0.00967743       0.000599374
               971      -0.000710798        0.00966674       0.000598852
               972         0.0255318        0.00968306       0.000598458
               973         0.0125963        0.00968605       0.000597851
               974         0.0282653        0.00970513       0.000597541
               975       5.44101e-05        0.00969523        0.00059701
               976        0.00288119        0.00968825       0.000596439
               977       -0.00979804         0.0096683       0.000596162
               978        -0.0199284        0.00963804        0.00059632
               979       -0.00516249        0.00962292       0.000595903
               980         0.0349823         0.0096488       0.000595856
               981        0.00230712        0.00964131       0.000595296
               982         0.0452473        0.00967757       0.000595793
               983        0.00618478        0.00967402       0.000595197
               984         0.0648449        0.00973009       0.000597227
               985         0.0137144        0.00973413       0.000596635
               986         0.0118585        0.00973629       0.000596034
               987         0.0300321        0.00975685       0.000595784
               988        -0.0186644        0.00972808       0.000595875
               989           0.02029        0.00973876       0.000595369
               990       -0.00461763        0.00972426       0.000594944
               991        0.00798336        0.00972251       0.000594346
               992        -0.0204387         0.0096921       0.000594524
               993         0.0237255        0.00970623       0.000594093
               994         0.0429569        0.00973968       0.000594437
               995         0.0101033        0.00974005       0.000593839
               996         0.0280107        0.00975839       0.000593526
               997       -0.00837668         0.0097402        0.00059321
               998         0.0127001        0.00974317       0.000592623
               999         0.0250167        0.00975846       0.000592227
              1000        0.00353582        0.00975224       0.000591667
