#     BLOCK:  ACTUAL_I:     I_AVE:      ERROR:
                 1         -0.449212         -0.449212                 0
                 2         -0.448843         -0.449028       0.000130423
                 3         -0.450822         -0.449626       0.000495951
                 4         -0.441471         -0.447587        0.00180433
                 5          -0.43526         -0.445122        0.00263553
                 6          -0.43046         -0.442678        0.00313045
                 7         -0.431833         -0.441129        0.00304253
                 8         -0.457995         -0.443237        0.00331313
                 9         -0.448455         -0.443817        0.00299531
                10         -0.450168         -0.444452        0.00276228
                11         -0.433397         -0.443447        0.00268779
                12         -0.410213         -0.440677        0.00361959
                13         -0.443384         -0.440886        0.00334714
                14         -0.444343         -0.441133        0.00311716
                15         -0.445312         -0.441411        0.00292177
                16         -0.443062         -0.441514        0.00274098
                17         -0.416966          -0.44007        0.00293557
                18         -0.444072         -0.440293        0.00278089
                19         -0.453757         -0.441001        0.00272333
                20         -0.434064         -0.440654        0.00260916
                21         -0.444632         -0.440844        0.00249178
                22         -0.446757         -0.441113        0.00239297
                23         -0.420587          -0.44022        0.00244968
                24         -0.437114         -0.440091        0.00235103
                25         -0.451065          -0.44053         0.0022976
                26           -0.4381         -0.440436        0.00221113
                27         -0.441458         -0.440474        0.00212956
                28         -0.455031         -0.440994        0.00211602
                29         -0.440689         -0.440984        0.00204308
                30         -0.438834         -0.440912        0.00197623
                31         -0.439285         -0.440859        0.00191318
                32         -0.440997         -0.440864         0.0018534
                33         -0.444021         -0.440959         0.0017997
                34         -0.447441          -0.44115        0.00175684
                35         -0.443535         -0.441218        0.00170796
                36         -0.447514         -0.441393        0.00166945
                37         -0.442337         -0.441419        0.00162452
                38         -0.436676         -0.441294        0.00158656
                39         -0.443049         -0.441339        0.00154652
                40         -0.437547         -0.441244        0.00151076
                41         -0.438677         -0.441181        0.00147521
                42         -0.434302         -0.441018        0.00144915
                43          -0.43183         -0.440804        0.00143111
                44         -0.455204         -0.441131        0.00143552
                45         -0.426994         -0.440817        0.00143758
                46         -0.434289         -0.440675        0.00141332
                47         -0.433778         -0.440528        0.00139084
                48         -0.446524         -0.440653        0.00136747
                49         -0.426576         -0.440366        0.00136941
                50         -0.460359         -0.440766        0.00139918
                51         -0.434424         -0.440642        0.00137726
                52         -0.435986         -0.440552        0.00135368
                53         -0.441765         -0.440575        0.00132833
                54         -0.440764         -0.440578        0.00130374
                55         -0.427968         -0.440349        0.00130004
                56         -0.437203         -0.440293        0.00127803
                57         -0.453529         -0.440525        0.00127653
                58         -0.442104         -0.440552        0.00125482
                59          -0.43314         -0.440427        0.00123982
                60         -0.428966         -0.440236        0.00123378
                61         -0.431411         -0.440091        0.00122201
                62         -0.449591         -0.440244        0.00121187
                63         -0.453963         -0.440462        0.00121204
                64         -0.438794         -0.440436        0.00119338
                65         -0.431781         -0.440303        0.00118242
                66         -0.444722          -0.44037         0.0011664
                67         -0.451626         -0.440538        0.00116103
                68         -0.448569         -0.440656        0.00114995
                69           -0.4554          -0.44087        0.00115296
                70         -0.432408         -0.440749        0.00114281
                71         -0.433571         -0.440648        0.00113118
                72         -0.431509         -0.440521        0.00112257
                73          -0.44384         -0.440566        0.00110811
                74         -0.439097         -0.440546        0.00109331
                75         -0.451181         -0.440688        0.00108789
                76         -0.451826         -0.440835         0.0010834
                77         -0.439918         -0.440823         0.0010694
                78         -0.432546         -0.440717        0.00106094
                79          -0.42947         -0.440574        0.00105702
                80         -0.410891         -0.440203        0.00110702
                81         -0.428674         -0.440061        0.00110246
                82          -0.44849         -0.440164         0.0010938
                83         -0.432117         -0.440067        0.00108491
                84         -0.448162         -0.440163        0.00107627
                85         -0.446085         -0.440233        0.00106586
                86         -0.444111         -0.440278        0.00105442
                87         -0.447144         -0.440357        0.00104525
                88         -0.448469         -0.440449        0.00103743
                89         -0.448499         -0.440539         0.0010297
                90         -0.432651         -0.440452        0.00102199
                91         -0.441305         -0.440461         0.0010108
                92         -0.451908         -0.440586        0.00100744
                93         -0.440151         -0.440581       0.000996619
                94         -0.432572         -0.440496       0.000989652
                95         -0.439211         -0.440482       0.000979327
                96         -0.450875          -0.44059       0.000975091
                97         -0.428497         -0.440466       0.000972976
                98          -0.44226         -0.440484        0.00096322
                99          -0.43532         -0.440432       0.000954902
               100          -0.43411         -0.440369       0.000947444
               101         -0.452446         -0.440488       0.000945579
               102         -0.430998         -0.440395       0.000940875
               103         -0.445402         -0.440444       0.000932995
               104         -0.451203         -0.440547       0.000929743
               105         -0.418357         -0.440336       0.000944602
               106         -0.437648         -0.440311       0.000936031
               107         -0.442835         -0.440334       0.000927581
               108          -0.42899         -0.440229        0.00092492
               109         -0.445043         -0.440273       0.000917488
               110         -0.448629         -0.440349       0.000912286
               111          -0.43416         -0.440293        0.00090577
               112         -0.452914         -0.440406       0.000904665
               113         -0.444709         -0.440444        0.00089746
               114         -0.432318         -0.440373       0.000892414
               115          -0.44556         -0.440418       0.000885793
               116          -0.44647          -0.44047       0.000879692
               117          -0.42188         -0.440311       0.000886407
               118         -0.439722         -0.440306       0.000878909
               119         -0.457687         -0.440452       0.000883576
               120         -0.425737          -0.44033       0.000884681
               121         -0.432442         -0.440265       0.000879768
               122         -0.444535           -0.4403       0.000873253
               123         -0.449877         -0.440377       0.000869617
               124         -0.445968         -0.440423       0.000863772
               125         -0.466724         -0.440633       0.000882118
               126         -0.427551         -0.440529       0.000881205
               127         -0.446458         -0.440576       0.000875503
               128          -0.42418         -0.440448       0.000877983
               129          -0.44423         -0.440477       0.000871666
               130         -0.447566         -0.440532       0.000866665
               131         -0.443089         -0.440551       0.000860269
               132         -0.441194         -0.440556       0.000853766
               133         -0.456115         -0.440673       0.000855324
               134         -0.454023         -0.440773       0.000854723
               135         -0.449395         -0.440836       0.000850775
               136         -0.438626          -0.44082       0.000844675
               137         -0.454265         -0.440918       0.000844191
               138         -0.449745         -0.440982       0.000840493
               139         -0.448597         -0.441037        0.00083623
               140         -0.439535         -0.441026       0.000830326
               141         -0.446157         -0.441063       0.000825234
               142         -0.430017         -0.440985        0.00082308
               143         -0.445836         -0.441019       0.000818023
               144         -0.446927          -0.44106       0.000813371
               145         -0.448465         -0.441111       0.000809363
               146         -0.440262         -0.441105        0.00080384
               147         -0.448208         -0.441153       0.000799823
               148         -0.444871         -0.441179       0.000794813
               149         -0.459182         -0.441299        0.00079861
               150          -0.42612         -0.441198       0.000799671
               151         -0.445086         -0.441224        0.00079479
               152         -0.438798         -0.441208       0.000789721
               153         -0.436169         -0.441175       0.000785246
               154         -0.400049         -0.440908       0.000824307
               155         -0.442494         -0.440918       0.000819053
               156         -0.446003         -0.440951       0.000814451
               157         -0.446576         -0.440987       0.000810051
               158         -0.438001         -0.440968       0.000805144
               159         -0.440179         -0.440963       0.000800096
               160         -0.466291         -0.441121       0.000810604
               161         -0.450768         -0.441181       0.000807781
               162          -0.44471         -0.441203       0.000803088
               163         -0.448598         -0.441248       0.000799442
               164         -0.447319         -0.441285       0.000795424
               165          -0.44081         -0.441282       0.000790608
               166         -0.446632         -0.441315       0.000786502
               167         -0.425874         -0.441222       0.000787208
               168         -0.449589         -0.441272       0.000784096
               169         -0.425497         -0.441179       0.000784993
               170         -0.440878         -0.441177       0.000780377
               171         -0.430523         -0.441114       0.000778297
               172         -0.440409          -0.44111       0.000773783
               173         -0.437924         -0.441092       0.000769529
               174         -0.431104         -0.441035       0.000767245
               175          -0.42647         -0.440951       0.000767361
               176         -0.443195         -0.440964       0.000763107
               177          -0.43645         -0.440939       0.000759222
               178         -0.451109         -0.440996       0.000757103
               179         -0.440657         -0.440994       0.000752876
               180         -0.439165         -0.440984       0.000748762
               181          -0.39781         -0.440745       0.000781695
               182          -0.44048         -0.440744       0.000777402
               183         -0.422577         -0.440644       0.000779466
               184         -0.449447         -0.440692       0.000776697
               185         -0.441074         -0.440694       0.000772501
               186         -0.441893         -0.440701       0.000768375
               187         -0.452931         -0.440766       0.000767044
               188          -0.43069         -0.440713       0.000764834
               189         -0.456109         -0.440794       0.000765114
               190         -0.438258         -0.440781       0.000761203
               191         -0.445115         -0.440803       0.000757556
               192         -0.453375         -0.440869       0.000756435
               193         -0.448509         -0.440908       0.000753551
               194         -0.439341           -0.4409        0.00074971
               195         -0.451048         -0.440952       0.000747669
               196         -0.433844         -0.440916       0.000744734
               197         -0.453386         -0.440979       0.000743639
               198         -0.445596         -0.441003       0.000740248
               199         -0.425837         -0.440927       0.000740441
               200         -0.445509         -0.440949       0.000737093
