#BEST_LENGTH_HISTORY
433.713
422.261
399.843
381.503
367.94
347.387
339.426
333.929
324.891
318.519
311.651
308.191
302.037
295.237
289.198
280.463
263.863
260.691
257.068
254.662
252.931
242.368
240.474
237.711
234.173
231.98
227.103
219.316
217.746
217.148
214.988
209.014
206.788
206.543
200.971
200.321
196.482
194.292
191.943
191.007
187.91
186.671
185.673
182.034
180.063
179.847
178.721
177.976
176.534
174.846
173.446
172.458
171.762
170.154
168.739
168.658
167.401
166.272
164.934
164.934
164.125
162.836
162.556
161.079
159.667
158.758
158.172
154.306
152.905
149.964
149.964
148.879
147.298
146.896
146.725
144.876
144.122
143.065
142.745
141.989
141.442
139.43
138.919
138.919
137.945
136.982
135.483
135.483
135.483
134.089
133.942
133.942
131.813
131.746
129.569
128.123
128.123
125.502
125.502
125.174
124.508
124.258
123.93
122.429
121.772
121.443
120.892
119.373
118.494
117.895
117.122
116.827
115.858
115.435
114.417
113.993
112.805
111.453
111.31
110.031
109.38
108.101
106.902
106.41
106.057
106.057
105.692
105.408
104.954
104.839
103.449
103.449
103.449
103.449
102.801
100.973
100.818
100.002
100.002
100.002
100.002
99.7508
99.541
99.0789
99.0789
98.8867
98.7864
97.5509
97.2277
97.2277
97.1384
96.286
95.9934
95.9934
95.2721
94.8332
93.6636
93.6559
93.0767
92.8232
92.4705
91.721
91.4285
90.492
90.1317
90.1317
89.6127
89.5015
88.7385
88.7385
88.7385
88.7385
88.2031
87.7612
87.5921
87.5921
87.2467
87.12
87.0776
86.4703
85.8529
85.5895
85.2026
85.1713
84.5495
84.035
83.9083
83.9083
82.5851
82.5851
82.58
82.58
82.2758
82.059
82.059
81.9171
81.5637
81.5427
80.636
80.1173
79.953
79.7919
79.1298
79.1298
79.1298
78.546
78.546
78.546
78.546
78.546
78.546
77.9847
77.601
77.601
77.601
77.601
77.3293
76.8331
76.8331
76.8331
76.8331
76.8331
76.8331
76.7949
76.7949
76.7931
76.6971
76.2015
76.1614
76.1614
75.7558
75.1625
75.1625
74.7672
74.7672
74.621
74.5551
74.1965
74.1965
73.8012
73.5107
73.5107
73.0862
73.0862
73.0862
72.7671
72.7671
72.5778
72.5778
72.3074
72.3074
72.3074
72.3074
72.3074
72.3074
72.25
72.1705
72.1131
72.0953
71.9412
71.7291
71.6718
71.5365
71.3072
71.3072
71.2499
71.2499
71.2299
71.1528
71.0006
70.4357
70.2064
70.2064
69.7188
69.7188
69.7188
69.7188
69.7188
69.704
69.704
69.704
69.6521
69.6373
69.6373
69.6373
69.3895
69.3895
69.3895
69.3895
68.9305
68.9305
68.9305
68.9305
68.9305
68.9305
68.9124
68.9124
68.9124
68.9124
68.9082
68.9082
68.9082
68.9082
68.9082
68.7912
68.7912
68.7912
68.7912
68.7912
68.7912
68.7281
68.7281
68.7281
68.7281
68.5877
68.5247
68.5238
68.5238
68.5238
68.5238
68.4972
68.4963
68.4333
68.4333
68.4333
68.4333
68.4333
68.4333
68.2891
68.2891
68.2891
68.2891
68.2891
68.2891
68.2891
68.2891
68.1373
68.1373
68.1373
68.1373
68.1373
68.1373
68.1373
68.1373
68.1373
68.1373
68.1373
68.1373
68.1373
68.1373
68.1373
68.1373
68.1373
68.1373
68.1373
68.1373
68.1373
68.1373
68.1373
68.1373
68.1373
68.1373
68.1373
68.1373
68.1373
68.1373
68.1373
68.1373
68.1373
68.1373
68.1373
68.1373
67.7499
67.7499
67.7499
67.7499
67.7499
67.7499
67.7499
67.7499
67.7499
67.7499
67.7499
67.7499
67.7499
67.7499
67.7499
67.7499
67.7499
67.7499
67.7499
67.7499
67.7499
67.7499
67.7499
67.7499
67.7499
67.7499
67.7499
67.7499
67.7499
67.7499
67.7499
67.7499
67.7499
67.7499
67.7499
67.7499
67.7499
67.7499
67.7499
67.7499
67.7499
67.7499
67.7499
67.7499
67.7499
67.7499
67.7499
67.7499
67.7499
67.7499
67.7499
67.7499
67.7499
67.7499
67.7499
67.7499
67.7499
67.7499
67.7499
67.7499
67.7499
67.7499
67.7499
67.7499
67.7499
67.5542
67.5542
67.5542
67.5542
67.5542
67.5542
67.5542
67.5542
67.5542
67.5542
67.5542
67.5542
67.5542
67.5542
67.5542
67.5542
67.5542
67.5542
67.5542
67.5542
67.5542
67.5542
67.5542
67.5542
67.5542
67.5542
67.5542
67.4812
67.4812
67.4812
67.4812
67.4812
67.4812
67.4812
67.4812
67.4812
67.4812
67.4812
67.4812
67.4812
67.4812
67.4812
67.4812
67.4812
67.4812
67.4812
67.4812
67.4812
67.4812
67.4234
67.4234
67.4234
67.4234
67.4234
66.839
66.839
66.839
66.839
66.839
66.839
66.839
66.839
66.839
66.839
66.839
66.839
66.839
66.839
66.839
66.839
66.839
66.839
66.839
66.839
66.839
66.839
66.839
66.839
66.839
66.839
66.839
66.839
66.839
66.839
66.819
66.819
66.819
66.819
66.819
66.819
66.819
66.819
66.819
66.819
66.819
66.819
66.819
66.819
66.819
66.819
66.819
66.819
66.819
66.819
66.819
66.819
66.819
66.819
66.819
66.819
66.819
66.819
66.819
66.819
66.819
66.819
66.819
66.819
66.819
66.819
66.819
66.819
66.819
66.819
66.819
66.819
66.819
66.819
66.819
66.819
66.819
66.819
66.819
66.819
66.819
66.819
66.819
66.819
66.819
66.819
66.819
66.819
66.819
66.819
66.819
66.819
66.819
66.819
66.819
66.819
66.819
66.819
66.819
66.819
66.756
66.756
66.756
66.756
66.756
66.756
66.756
66.756
66.756
66.756
66.756
66.756
66.756
66.756
66.756
66.756
66.756
66.756
66.756
66.756
66.756
66.756
66.756
66.756
66.647
66.647
66.647
66.647
66.647
66.647
66.647
66.647
66.647
66.647
66.647
66.647
66.647
66.647
66.647
66.647
66.647
66.647
66.5203
66.5203
66.5203
66.5203
66.5203
66.5203
66.5203
66.5203
66.5203
66.5203
66.5203
66.5203
66.5203
66.5203
66.3746
66.3746
66.3746
66.3746
66.3746
66.3746
66.3746
66.3746
66.3746
66.3746
66.3746
66.3746
66.3746
66.3746
66.3746
66.3746
66.3746
66.3746
66.3746
66.3746
66.3746
66.3746
66.3746
66.3746
66.3746
66.3746
66.3746
66.3746
66.3746
66.3746
66.3746
66.3746
66.3746
66.3746
66.3746
66.3746
66.3746
66.3746
66.3746
66.3746
66.3746
66.3746
66.3746
66.3746
66.3746
66.3746
66.3746
66.3746
66.3746
66.3746
66.3746
66.3746
66.3746
66.3746
66.3746
66.3746
66.3746
66.3746
66.3746
66.3746
66.3746
66.3746
66.3746
66.3746
66.3746
66.3746
66.3641
66.3641
66.3641
66.3641
66.3641
66.3641
66.3641
66.3641
66.3641
66.3641
66.3641
66.3641
66.3641
66.3641
66.3641
66.3641
66.3641
66.3641
66.3641
66.3641
66.3641
66.3641
66.3641
66.3641
66.3641
66.3641
66.3641
66.3641
66.3641
66.3641
66.3641
66.3641
66.3641
66.3641
66.3641
66.3641
66.3641
66.3641
66.3641
66.3641
66.3641
66.3641
66.3641
66.3641
66.3641
66.3641
66.3641
66.3641
66.3641
66.3641
66.3641
66.3641
66.3641
66.3641
66.3641
66.3641
66.3641
66.3641
66.3641
66.3641
66.3641
66.3641
66.3641
66.3641
66.3641
66.3641
66.3641
66.3641
66.3641
66.3641
66.3641
66.3641
66.3641
66.3641
66.3641
66.3641
66.3641
66.3641
66.3641
66.3641
66.3641
66.3641
66.3641
66.3641
66.3155
66.3155
66.3155
66.3155
66.3155
66.3155
66.3155
66.3155
66.3155
66.3155
66.3155
66.3155
66.3155
66.3155
66.3155
66.3155
66.3155
66.3155
66.3155
66.3155
66.3155
66.3155
66.3155
66.3155
66.3155
66.3155
66.3155
66.3155
66.3155
66.3155
66.3155
66.3155
66.3155
66.3155
66.3155
66.3155
66.3155
66.3155
66.3155
66.3155
66.3155
66.3155
66.3155
66.3155
66.3155
66.3155
66.3155
66.3155
66.3155
66.3155
66.3155
66.3155
66.3155
66.3155
66.3155
66.3155
66.3155
66.3155
66.3155
66.3155
66.3155
66.3155
66.3155
66.3155
66.3155
66.3155
66.3155
66.3155
66.3155
66.3155
66.3155
66.3155
66.3155
66.3155
66.3155
66.3155
66.3155
66.3155
66.3155
66.3155
66.3155
66.3155
66.3155
66.3155
66.3155
66.3155
66.3155
66.3155
66.3155
66.3155
66.3155
66.3155
66.3155
66.3155
66.3155
66.3155
66.3155
66.3155
66.3155
66.3155
66.3155
66.3155
66.3155
66.3155
66.3155
66.3155
66.3155
66.3155
66.3155
66.3155
66.3155
66.3155
66.3155
66.3155
66.3155
66.3155
66.3155
66.3155
66.3155
66.3155
66.3155
66.3155
66.3155
66.3155
66.3155
66.3155
66.3155
66.3155
66.3155
66.3155
66.3155
66.3155
66.3155
66.3155
66.3155
66.3155
66.3155
66.3155
66.3155
66.3155
66.3155
66.3155
66.3155
66.3155
66.3155
66.3155
66.3155
66.3155
66.3155
66.3155
66.3155
66.3155
66.3155
66.3155
66.3155
66.3155
66.3155
66.3155
66.3155
66.3155
66.3155
66.3155
66.3155
66.3155
66.3155
66.3155
66.3155
66.3155
66.3155
66.3155
66.3155
66.3155
66.3155
66.3155
66.3155
66.3155
66.3155
66.3155
66.3155
66.3155
66.3155
66.3155
66.3155
66.3155
66.3155
66.3155
66.3014
66.3014
66.3014
66.3014
66.3014
66.3014
66.3014
66.3014
66.3014
66.3014
66.3014
66.3014
66.3014
66.3014
66.3014
66.3014
66.3014
66.3014
66.3014
66.3014
66.3014
66.3014
66.3014
66.3014
66.3014
66.3014
66.3014
66.3014
66.3014
66.3014
66.3014
66.3014
66.3014
66.3014
66.3014
66.3014
66.3014
66.3014
66.3014
66.3014
66.3014
66.3014
66.3014
66.3014
66.3014
66.3014
66.3014
66.3014
66.3014
66.3014
66.3014
66.3014
66.3014
66.3014
66.3014
66.3014
66.3014
66.3014
66.3014
66.3014
66.3014
66.3014
66.3014
66.3014
66.3014
66.3014
66.3014
66.3014
66.3014
66.3014
66.3014
66.3014
66.3014
66.3014
66.3014
66.3014
66.3014
66.3014
66.3014
66.3014
66.3014
66.3014
66.3014
66.3014
66.3014
66.3014
66.3014
66.3014
66.3014
66.3014
66.3014
66.3014
66.3014
66.3014
66.3014
66.3014
66.3014
66.3014
66.3014
66.3014
66.3014
66.3014
66.3014
66.3014
66.3014
66.3014
66.3014
66.3014
66.3014
66.3014
66.3014
66.3014
66.3014
66.3014
66.3014
66.3014
66.3014
66.3014
66.3014
66.3014
66.3014
66.3014
66.3014
66.3014
66.3014
66.3014
66.3014
66.3014
66.3014
66.3014
66.3014
66.3014
66.3014
66.3014
66.3014
66.3014
66.3014
66.3014
66.3014
66.3014
66.3014
66.3014
66.3014
66.3014
66.3014
66.3014
66.3014
66.3014
66.3014
66.3014
66.3014
66.3014
66.3014
66.3014
66.3014
66.3014
66.3014
66.3014
66.3014
66.3014
66.3014
66.3014
66.3014
66.3014
66.3014
66.3014
66.3014
66.3014
66.3014
66.3014
66.3014
66.3014
66.3014
66.3014
66.3014
66.3014
66.3014
66.3014
66.3014
66.3014
66.3014
66.3014
66.3014
66.3014
66.3014
66.3014
66.3014
66.3014
66.3014
66.3014
66.3014
66.3014
66.3014
66.3014
66.3014
66.3014
66.3014
66.3014
66.3014
66.3014
66.3014
66.3014
66.3014
66.3014
66.3014
66.3014
66.3014
66.3014
66.3014
66.3014
66.3014
66.3014
66.3014
66.3014
66.3014
66.3014
66.3014
66.3014
66.3014
66.3014
66.3014
66.3014
66.3014
66.3014
66.3014
66.3014
66.3014
66.3014
66.3014
66.3014
66.3014
66.3014
66.3014
66.3014
66.3014
66.3014
66.3014
66.3014
66.3014
66.3014
66.3014
66.3014
66.3014
66.3014
66.3014
66.3014
66.3014
66.3014
66.3014
66.3014
66.3014
66.3014
66.3014
66.3014
66.3014
66.3014
66.3014
66.3014
66.3014
66.3014
66.3014
66.3014
66.3014
66.3014
66.3014
66.3014
66.3014
66.3014
66.3014
66.3014
66.3014
66.3014
66.3014
66.3014
66.3014
66.3014
66.3014
66.3014
66.3014
66.3014
66.3014
66.3014
66.3014
66.3014
66.3014
66.3014
66.3014
66.3014
66.3014
66.3014
66.3014
66.3014
66.3014
66.3014
66.3014
66.3014
66.3014
66.3014
66.3014
66.3014
66.3014
66.3014
66.3014
66.3014
66.3014
66.3014
66.3014
66.3014
66.3014
66.3014
66.3014
66.3014
66.3014
66.3014
66.3014
66.3014
66.3014
66.3014
66.3014
66.3014
66.3014
66.3014
66.3014
66.3014
66.3014
66.3014
66.3014
66.3014
66.3014
66.3014
66.3014
66.3014
66.3014
66.3014
66.3014
66.3014
66.3014
66.3014
66.3014
66.3014
66.3014
66.3014
66.3014
66.3014
66.3014
66.3014
66.3014
66.3014
66.3014
66.3014
66.3014
66.3014
66.3014
66.3014
66.3014
66.3014
66.3014
66.3014
66.3014
66.3014
66.3014
66.3014
66.3014
66.3014
66.3014
66.3014
66.3014
66.3014
66.3014
66.3014
66.3014
66.3014
66.3014
66.3014
66.3014
66.3014
66.3014
66.3014
66.3014
66.3014
66.3014
66.3014
66.3014
66.3014
66.3014
66.3014
66.3014
66.3014
66.3014
66.3014
66.3014
66.3014
66.3014
66.3014
66.3014
66.3014
66.3014
66.3014
66.3014
66.3014
66.3014
66.3014
66.3014
66.3014
66.3014
66.3014
66.3014
66.3014
66.3014
66.3014
66.3014
66.3014
66.3014
66.3014
66.3014
66.3014
66.3014
66.3014
66.3014
66.3014
66.3014
66.3014
66.3014
66.3014
66.3014
66.3014
66.3014
66.3014
66.3014
66.3014
66.3014
66.3014
66.3014
66.3014
66.3014
66.3014
66.3014
66.3014
66.3014
66.3014
66.3014
66.3014
66.3014
66.3014
66.3014
66.3014
66.3014
66.3014
66.3014
66.3014
66.3014
66.3014
66.3014
66.3014
66.3014
66.3014
66.3014
66.3014
66.3014
66.3014
66.3014
66.3014
66.3014
66.3014
66.3014
66.3014
66.3014
66.3014
66.3014
66.3014
66.3014
66.3014
66.3014
66.3014
66.3014
66.3014
66.3014
66.3014
66.3014
66.3014
66.3014
66.3014
66.3014
66.3014
66.3014
66.3014
66.3014
66.3014
66.3014
66.3014
66.3014
66.3014
66.3014
66.3014
66.3014
66.3014
66.3014
66.3014
66.3014
66.3014
66.3014
66.3014
66.3014
66.3014
66.3014
66.3014
66.3014
66.3014
66.3014
66.3014
66.3014
66.3014
66.3014
66.3014
66.3014
66.3014
66.3014
66.3014
66.3014
66.3014
66.3014
66.3014
66.3014
66.3014
66.3014
66.3014
66.3014
66.3014
66.3014
66.3014
66.3014
66.3014
66.3014
66.3014
66.3014
66.3014
66.3014
66.3014
66.3014
66.3014
66.3014
66.3014
66.3014
66.3014
66.3014
66.3014
66.3014
66.3014
66.3014
66.3014
66.3014
66.3014
66.3014
66.3014
66.3014
66.3014
66.3014
66.3014
66.3014
66.3014
66.3014
66.3014
66.3014
66.3014
66.3014
66.3014
66.3014
66.3014
66.3014
66.3014
66.3014
66.3014
66.3014
66.3014
66.3014
66.3014
66.3014
66.3014
66.3014
66.3014
66.3014
66.3014
66.3014
66.3014
66.3014
66.3014
66.3014
66.3014
66.3014
66.3014
66.3014
66.3014
66.3014
66.3014
66.3014
66.3014
66.3014
66.3014
66.3014
66.3014
66.3014
66.3014
66.3014
66.3014
66.3014
66.3014
66.3014
66.3014
66.3014
66.3014
66.3014
66.3014
66.3014
66.3014
66.3014
66.3014
66.3014
66.3014
66.3014
66.3014
66.3014
66.3014
66.3014
66.3014
66.3014
66.3014
66.3014
66.3014
66.3014
66.3014
66.3014
66.3014
66.3014
66.3014
66.3014
66.3014
66.3014
66.3014
66.3014
66.3014
66.3014
66.3014
66.3014
66.3014
66.3014
66.3014
66.3014
66.3014
66.3014
66.3014
66.3014
66.3014
66.3014
66.3014
66.3014
66.3014
66.3014
66.3014
66.3014
66.3014
66.3014
66.3014
66.3014
66.3014
66.3014
66.3014
66.3014
66.3014
66.3014
66.3014
66.3014
66.3014
66.3014
66.3014
66.3014
66.3014
66.3014
66.3014
66.3014
66.3014
66.3014
66.3014
66.3014
66.3014
66.3014
66.3014
66.3014
66.3014
66.3014
66.3014
66.3014
66.3014
66.3014
66.3014
66.3014
66.3014
66.3014
66.3014
66.3014
66.3014
66.3014
66.3014
66.3014
66.3014
66.3014
66.3014
66.3014
66.3014
66.3014
66.3014
66.3014
66.3014
66.3014
66.3014
66.3014
66.3014
66.3014
66.3014
66.3014
66.3014
66.3014
66.3014
66.3014
66.3014
66.3014
66.3014
66.3014
66.3014
66.3014
66.3014
66.3014
66.3014
66.3014
66.3014
66.3014
66.3014
66.3014
66.3014
66.3014
66.3014
66.3014
66.3014
66.3014
66.3014
66.3014
66.3014
66.3014
66.3014
66.3014
66.3014
66.3014
66.3014
66.3014
66.3014
66.3014
66.3014
66.3014
66.3014
66.3014
66.3014
66.3014
66.3014
66.3014
66.3014
66.3014
66.3014
66.3014
66.3014
66.3014
66.3014
66.3014
66.3014
66.3014
66.3014
66.3014
66.3014
66.3014
66.3014
66.3014
66.3014
66.3014
66.3014
66.3014
66.3014
66.3014
66.3014
66.3014
66.3014
66.3014
66.3014
66.3014
66.3014
66.3014
66.3014
66.3014
66.3014
66.3014
66.3014
66.3014
66.3014
66.3014
66.3014
66.3014
66.3014
66.3014
66.3014
66.3014
66.3014
66.3014
66.3014
66.3014
66.3014
66.3014
66.3014
66.3014
66.3014
66.3014
66.3014
66.3014
66.3014
66.3014
66.3014
66.3014
66.3014
66.3014
66.3014
66.3014
66.3014
66.3014
66.3014
66.3014
66.3014
66.3014
66.3014
66.3014
66.3014
66.3014
66.3014
66.3014
66.3014
66.3014
66.3014
66.3014
66.3014
66.3014
66.3014
66.3014
66.3014
66.3014
66.3014
66.3014
66.3014
66.3014
66.3014
66.3014
66.3014
66.3014
66.3014
66.3014
66.3014
66.3014
66.3014
66.3014
66.3014
66.3014
66.3014
66.3014
66.3014
66.3014
66.3014
66.3014
66.3014
66.3014
66.3014
66.3014
66.3014
66.3014
66.3014
66.3014
66.3014
66.3014
66.3014
66.3014
66.3014
66.3014
66.3014
66.3014
66.3014
66.3014
66.3014
66.3014
66.3014
66.3014
66.3014
66.3014
66.3014
66.3014
66.3014
66.3014
66.3014
66.3014
66.3014
66.3014
66.3014
66.3014
66.3014
66.3014
66.3014
66.3014
66.3014
66.3014
66.3014
66.3014
66.3014
66.3014
66.3014
66.3014
66.3014
66.3014
66.3014
66.3014
66.3014
66.3014
66.3014
66.3014
66.3014
66.3014
66.3014
66.3014
66.3014
66.3014
66.3014
66.3014
66.3014
66.3014
66.3014
66.3014
66.3014
66.3014
66.3014
66.3014
66.3014
66.3014
66.3014
66.3014
66.3014
66.3014
66.3014
66.3014
66.3014
66.3014
66.3014
66.3014
66.3014
66.3014
66.3014
66.3014
66.3014
66.3014
66.3014
66.3014
66.3014
66.3014
66.3014
66.3014
66.3014
66.3014
66.3014
66.3014
66.3014
66.3014
66.3014
66.3014
66.3014
66.3014
66.3014
66.3014
66.3014
66.3014
66.3014
66.3014
66.3014
66.3014
66.3014
66.3014
66.3014
66.3014
66.3014
66.3014
66.3014
66.3014
66.3014
66.3014
66.3014
66.3014
66.3014
66.3014
66.3014
66.3014
66.3014
66.3014
66.3014
66.3014
66.3014
66.3014
66.3014
66.3014
66.3014
66.3014
66.3014
66.3014
66.3014
66.3014
66.3014
66.3014
66.3014
66.3014
66.3014
66.3014
66.3014
66.3014
66.3014
66.3014
66.3014
66.3014
66.3014
66.3014
66.3014
66.3014
66.3014
66.3014
66.3014
66.3014
66.3014
66.3014
66.3014
66.3014
66.3014
66.3014
66.3014
66.3014
66.3014
66.3014
66.3014
66.3014
66.3014
66.3014
66.3014
66.3014
66.3014
66.3014
66.3014
66.3014
66.3014
66.3014
66.3014
66.3014
66.3014
66.3014
66.3014
66.3014
66.3014
66.3014
66.3014
66.3014
66.3014
66.3014
66.3014
66.3014
66.3014
66.3014
66.3014
66.3014
66.3014
66.3014
66.3014
66.3014
66.3014
66.3014
66.3014
66.3014
66.3014
66.3014
66.3014
66.3014
66.3014
66.3014
66.3014
66.3014
66.3014
66.3014
66.3014
66.3014
66.3014
66.3014
66.3014
66.3014
66.3014
66.3014
66.3014
66.3014
66.3014
66.3014
66.3014
66.3014
66.3014
66.3014
66.3014
66.3014
66.3014
66.3014
66.3014
66.3014
66.3014
66.3014
66.3014
66.3014
66.3014
66.3014
66.3014
66.3014
66.3014
66.3014
66.3014
66.3014
66.3014
66.3014
66.3014
66.3014
66.3014
66.3014
66.3014
66.3014
66.3014
66.3014
66.3014
66.3014
66.3014
66.3014
66.3014
66.3014
65.8998
65.8998
65.8998
65.8998
65.8998
65.8998
65.8998
65.8998
65.8998
65.8998
65.8998
65.8998
65.8998
65.8998
65.8998
65.8998
65.8998
65.8998
65.8998
65.8998
65.8998
65.8998
65.8998
65.8998
65.8998
65.8998
65.8998
65.8998
65.8998
65.8998
65.8998
65.8998
65.8998
65.8998
65.8998
65.8998
65.8998
65.8998
65.8998
65.8998
65.8998
65.8998
65.8998
65.8998
65.8998
65.8998
65.8998
65.8998
65.8998
65.8998
65.8998
65.8998
65.8998
65.8998
65.8998
65.8998
65.8998
65.8998
65.8998
65.8998
65.8998
65.8998
65.8998
65.8998
65.8998
65.8998
65.8998
65.8998
65.8998
65.8998
65.8998
65.8998
65.8998
65.8998
65.8998
65.8998
65.8998
65.8998
65.8998
65.8998
65.8998
65.8998
65.8998
65.8998
65.8998
65.8998
65.8998
65.8998
65.8998
65.8998
65.8998
65.8998
65.8998
65.8998
65.8998
65.8998
65.8998
65.8998
65.8998
65.8998
65.8998
65.8998
65.8998
65.8998
65.8998
65.8998
65.8998
65.8998
65.8998
65.8998
65.8998
65.8998
65.8998
65.8998
65.8998
65.8998
65.8998
65.8998
65.8998
65.8998
65.8998
65.8998
65.8998
65.8998
65.8998
65.8998
65.8998
65.8998
65.8998
65.8998
65.8998
65.8998
65.8998
65.8998
65.8998
65.8998
65.8998
65.8998
65.8998
65.8998
65.8998
65.8998
65.8998
65.8998
65.8998
65.8998
65.8998
65.8998
65.8998
65.8998
65.8998
65.8998
65.8998
65.8998
65.8998
65.8998
65.8998
65.8998
65.8998
65.8998
65.8998
65.8998
65.8998
65.8998
65.8998
65.8998
65.8998
65.8998
65.8998
65.8998
65.8998
65.8998
65.8998
65.8998
65.8998
65.8998
65.8998
65.8998
65.8998
65.8998
65.8998
65.8998
65.8998
65.8998
65.8998
65.8998
65.8998
65.8998
65.8998
65.8998
65.8998
65.8998
65.8998
65.8998
65.8998
65.8998
65.8998
65.8998
65.8998
65.8998
65.8998
65.8998
65.8998
65.8998
65.8998
65.8998
65.8998
65.8998
65.8998
65.8998
65.8998
65.8998
65.8998
65.8998
65.8998
65.8998
65.8998
65.8998
65.8998
65.8998
65.8998
65.8998
65.8998
65.8998
65.8998
65.8998
65.8998
65.8998
65.8998
65.8998
65.8998
65.8998
65.8998
65.8998
65.8998
65.8998
65.8998
65.8998
65.8998
65.8998
65.8998
65.8998
65.8998
65.8998
65.8998
65.8998
65.8998
65.8998
65.8998
65.8998
65.8998
65.8998
65.8998
65.8998
65.8998
65.8998
65.8998
65.8998
65.8998
65.8998
65.8998
65.8998
65.8998
65.8998
65.8998
65.8998
65.8998
65.8998
65.8998
65.8998
65.8998
65.8998
65.8998
65.8998
65.8998
65.8998
65.8998
65.8998
65.8998
65.8998
65.8998
65.8998
65.8998
65.8998
65.8998
65.8998
65.8998
65.8998
65.8998
65.8998
65.8998
65.8998
65.8998
65.8998
65.8998
65.8998
65.8998
65.8998
65.8998
65.8998
65.8998
65.8998
65.8998
65.8998
65.8998
65.8998
65.8998
65.8998
65.8998
65.8998
65.8998
65.8998
65.8998
65.8998
65.8998
65.8998
65.8998
65.8998
65.8998
65.8998
65.8998
65.8998
65.8998
65.8998
65.8998
65.8998
65.8998
65.8998
65.8998
65.8998
65.8998
65.8998
65.8998
65.8998
65.8998
65.8998
65.8998
65.8998
65.8998
65.8998
65.8998
65.8998
65.8998
65.8998
65.8998
65.8998
65.8998
65.8998
65.8998
65.8998
65.8998
65.8998
65.8998
65.8998
65.8998
65.8998
65.8998
65.8998
65.8998
65.8998
65.8998
65.8998
65.8998
65.8998
65.8998
65.8998
65.8998
65.8998
65.8998
65.8998
65.8998
65.8998
65.8998
65.8998
65.8998
65.8998
65.8998
65.8998
65.8998
65.8998
65.8998
65.8998
65.8998
65.8998
65.8998
65.8998
65.8998
65.8998
65.8998
65.8998
65.8998
65.8998
65.8998
65.8998
65.8998
65.8998
65.8998
65.8998
65.8998
65.8998
65.8998
65.8998
65.8998
65.8998
65.8998
65.8998
65.8998
65.8998
65.8998
65.8998
65.8998
65.8998
65.8998
65.8998
65.8998
65.8998
65.8998
65.8998
65.8998
65.8998
65.8998
65.8998
65.8998
65.8998
65.8998
65.8998
65.8998
65.8998
65.8998
65.8998
65.8998
65.8998
65.8998
65.8998
65.8998
65.8998
65.8998
65.8998
65.8998
65.8998
65.8998
65.8998
65.8998
65.8998
65.8998
65.8998
65.8998
65.8998
65.8998
65.8998
65.8998
65.8998
65.8998
65.8998
65.8998
65.8998
65.8998
65.8998
65.8998
65.8998
65.8998
65.8998
65.8998
65.8998
65.8998
65.8998
65.8998
65.8998
65.8998
65.8998
65.8998
65.8998
65.8998
65.8998
65.8998
65.8998
65.8998
65.8998
65.8998
65.8998
65.8998
65.8998
65.8998
65.8998
65.8998
65.8998
65.8998
65.8998
65.8998
65.8998
65.8998
65.8998
65.8998
65.8998
65.8998
65.8998
65.8998
65.8998
65.8998
65.8998
65.8998
65.8998
65.8998
65.8998
65.8998
65.8998
65.8998
65.8998
65.8998
65.8998
65.8998
65.8998
65.8998
65.8998
65.8998
65.8998
65.8998
65.8998
65.8998
65.8998
65.8998
65.8998
65.8998
65.8998
65.8998
65.8998
65.8998
65.8998
65.8998
65.8998
65.8998
65.8998
65.8998
65.8998
65.8998
65.8998
65.8998
65.8998
65.8998
65.8998
65.8998
65.8998
65.8998
65.8998
65.8998
65.8998
65.8998
65.8998
65.8998
65.8998
65.8998
65.8998
65.8998
65.8998
65.8998
65.8998
65.8998
65.8998
65.8998
65.8998
65.8998
65.8998
65.8998
65.8998
65.8998
65.8998
65.8998
65.8998
65.8998
65.8998
65.8998
65.8998
65.8998
65.8998
65.8998
65.8998
65.8998
65.8998
65.8998
65.8998
65.8998
65.8998
65.8998
65.8998
65.8998
65.8998
65.8998
65.8998
65.8998
65.8998
65.8998
65.8998
65.8998
65.8998
65.8998
65.8998
65.8998
65.8998
65.8998
65.8998
65.8998
65.8998
65.8998
65.8998
65.8998
65.8998
65.8998
65.8998
65.8998
65.8998
65.8998
65.8998
65.8998
65.8998
65.8998
65.8998
65.8998
65.6492
65.6492
65.6492
65.6492
65.6492
65.6492
65.6492
65.5531
65.5531
65.5531
65.5531
65.5531
65.5531
65.5531
65.5531
65.5531
65.5531
65.5531
65.5531
65.5531
65.5531
65.5531
65.5531
65.5531
65.5531
65.5531
65.5531
65.5531
65.5531
65.5531
65.5531
65.5531
65.5531
65.5531
65.5531
65.5531
65.5531
65.5531
65.5531
65.5531
65.5531
65.5531
65.5531
65.5531
65.5531
65.5531
65.5531
65.5531
65.5531
65.5531
65.5531
65.5531
65.5531
65.5531
65.5531
65.5531
65.5531
65.5531
65.5531
65.5531
65.5531
65.5531
65.5531
65.5531
65.5531
65.5531
65.5531
65.5531
65.5531
65.5531
65.5531
65.5531
65.5531
65.5531
65.5531
65.5531
65.5531
65.5531
65.5531
65.5531
65.5531
65.5531
65.5531
65.5531
65.4336
65.4336
65.4336
65.4336
65.4336
65.4336
65.4336
65.4336
65.4336
65.4336
65.4336
65.4336
65.4336
65.4336
65.4336
65.4336
65.4336
65.4336
65.4336
65.4336
65.4336
65.4336
65.4336
65.4336
65.4336
65.4336
65.4336
65.4336
65.4336
65.4336
65.4336
65.4336
65.4336
65.4336
65.4336
65.4336
65.4336
65.4336
65.4336
65.4336
65.4336
65.4336
65.4336
65.4336
65.4336
65.4336
65.4336
65.4336
65.4336
65.4336
65.4336
65.4336
65.4336
65.4336
65.4336
65.4336
65.4336
65.4336
65.4336
65.4336
65.4336
65.4336
65.4336
65.4336
65.4336
65.4336
65.4336
65.4336
65.4336
65.4336
65.4336
65.4336
65.4336
65.4336
65.4336
65.4336
65.4336
65.4336
65.4336
65.4336
65.4336
65.4336
65.4336
65.4336
65.4336
65.4336
65.4336
65.4336
65.4336
65.4336
65.4336
65.4336
65.4336
65.4336
65.4336
65.4336
65.4336
65.4336
65.4336
65.4336
65.4336
65.4336
65.4336
65.4336
65.4336
65.4336
65.4336
65.4336
65.4336
65.4336
65.4336
65.4336
65.4336
65.4336
65.4336
65.4336
65.4336
65.4336
65.4336
65.4336
65.4336
65.4336
65.4336
65.4336
65.4336
65.4336
65.4336
65.4336
65.4336
65.4336
65.4336
65.4336
65.4336
65.4336
65.4336
65.4336
65.4336
65.4336
65.4336
65.4336
65.4336
65.4336
65.4336
65.4336
65.4336
65.4336
65.4336
65.4336
65.4336
65.4336
65.4336
65.4336
65.4336
65.4336
65.4336
65.4336
65.4336
65.4336
65.4336
65.4336
65.4336
65.4336
65.4336
65.4336
65.4336
65.4336
65.4336
65.4336
65.4336
65.4336
65.4336
65.4336
65.4336
65.4336
65.4336
65.4336
