#HALF_LENGTH_HISTORY
493.693
478.221
464.917
448.18
431.853
416.099
403.255
388.676
375.474
364.228
353.262
345.476
339.761
334.336
327.919
322.831
317.067
309.073
303.165
294.501
286.457
279.544
276.872
271.816
266.666
261.701
258.248
254.64
251.711
247.101
244.273
239.917
236.146
234.088
230.748
227.382
224.482
221.958
220.807
217.075
215.819
212.72
210.008
210.59
207.579
206.965
202.744
200.57
199.231
198.416
198.411
196.97
196.347
195.306
194.784
194.08
193.243
193.733
191.36
191.966
188.228
188.686
187.001
185.8
184.144
182.403
181.062
180.63
180.463
178.565
177.439
175.461
172.958
171.472
169.213
167.383
167.621
166.227
166.403
166.367
165.108
164.179
162.349
162.222
160.457
159.848
158.955
158.147
159.384
157.564
157.284
156.192
155.686
156.945
155.867
154.587
154.579
152.926
151.855
149.041
147.895
146.217
145.925
145.124
145.371
143.947
142.817
143.054
140.724
139.457
138.346
137.825
136.985
138.05
135.516
135.826
134.523
133.991
134.036
133.179
132.819
130.663
129.734
130.089
129.805
128.743
127.962
127.817
125.569
125.655
124.821
124.601
124.46
124.553
124.95
126.044
124.798
125.182
126.617
124.536
123.821
122.153
121.763
122.431
120.925
121.211
121.822
120.721
119.977
119.939
119.357
119.083
117.706
117.336
115.455
115.715
115.431
115.218
113.322
113.59
112.384
111.564
112.517
111.755
112.676
111.154
110.572
109.307
109.466
110.824
108.541
108.783
109.507
109.245
107.988
108.427
107.208
107.839
106.899
106.123
106.304
106.847
105.733
105.117
105.91
105.17
103.794
104.387
105.373
104.755
104.346
103.1
103.864
103.367
102.295
102.272
102.191
102.57
102.291
101.203
101.336
100.934
101.173
100.258
99.7725
98.9933
99.4265
100.156
100.048
98.8838
98.3555
97.3985
97.281
97.152
97.7287
98.1169
98.2067
98.7497
97.1554
97.4642
98.5769
96.1088
97.1217
97.2182
97.4685
95.882
96.43
96.6485
97.5142
95.9808
96.649
95.4036
95.9593
95.3152
96.0493
96.0912
94.0827
94.0081
95.2774
95.935
95.1185
96.0332
94.8112
95.2804
94.4595
93.894
93.9736
93.9353
93.5432
93.3043
93.7205
92.7117
93.528
93.8593
92.2461
91.9101
93.1891
92.5408
92.6673
93.472
93.1071
93.5729
92.8412
92.0155
91.1269
92.3474
92.0363
91.6271
90.3434
91.8927
91.819
91.7574
92.4376
92.1293
90.231
91.9837
91.1246
91.8206
91.1126
91.9813
92.1237
92.1289
91.1308
92.8429
91.7091
91.7674
91.2598
90.7828
89.2851
89.8229
89.982
88.5087
89.6659
89.5976
89.7943
89.1469
88.9966
88.5278
88.5645
88.4041
88.7078
88.9252
88.6261
87.8441
88.7681
89.5385
90.0197
88.1515
88.8769
88.5317
88.1897
88.3491
88.8468
87.883
89.2342
89.3719
89.7601
88.6937
87.7289
87.3869
88.8404
89.0286
88.7983
88.3911
88.3533
88.8341
87.8676
87.5561
88.4622
87.7013
89.3633
88.4228
88.3491
89.0577
88.6202
89.1567
88.8917
89.5377
88.3162
88.4037
87.1621
88.1097
87.4044
87.6132
88.109
88.2589
86.2767
87.6282
87.7822
87.4858
88.7765
87.6475
88.8157
88.611
88.0558
88.1507
88.0716
88.5917
88.1549
88.3346
88.1888
87.7778
88.1116
88.9554
89.3604
89.0782
87.7111
87.4391
87.2372
87.97
87.0169
87.8514
89.5618
88.7434
87.8932
89.3727
89.7508
88.2626
89.0111
88.7811
88.4445
87.5251
88.3147
88.3984
87.3722
87.7235
87.4622
87.1948
88.1597
87.5329
87.3783
87.0669
87.8822
88.3093
88.9071
88.0137
87.4575
88.2431
88.5922
88.3313
88.9805
88.8064
89.0113
89.1434
87.9914
89.5691
88.4042
87.7602
87.7549
87.9309
87.5345
87.8804
88.8517
88.3502
87.4674
88.8598
88.8948
89.3784
87.6048
88.3535
87.356
88.3677
88.6155
88.2084
86.8003
88.2364
88.4973
88.4966
89.0574
90.4905
89.961
89.7107
88.8887
89.4867
89.6492
88.3003
87.063
87.5424
86.8938
86.7485
87.8988
88.6975
88.1059
87.1307
87.0419
86.8815
87.1445
86.444
86.7933
88.6592
87.5656
87.8474
87.5012
87.999
89.2729
87.4175
86.9702
87.9372
87.7843
87.2168
87.33
87.7199
87.9177
86.7555
86.2345
87.4373
86.6261
86.7269
87.7993
87.8478
87.3165
88.1621
87.2272
87.9615
88.7187
86.7811
86.3958
87.7242
87.1991
87.1914
85.9993
87.863
87.4037
88.5934
89.2136
89.0285
87.7817
88.6948
87.2906
87.2729
86.8062
87.3471
88.7919
88.1701
87.7775
86.8218
87.5556
88.9014
86.7849
87.6784
86.6002
86.0795
87.1581
87.0019
86.9371
87.7595
87.9372
88.1208
87.4412
86.9411
88.6398
86.9828
87.1825
87.9584
86.5037
87.1491
86.8026
85.7082
85.9667
86.4315
86.672
85.6679
86.5637
87.5597
88.6882
87.5217
87.3598
88.7498
89.4106
88.1372
89.0912
88.1626
88.1268
87.595
87.6981
86.4677
86.0959
87.4632
86.3293
86.7656
86.8209
87.7313
87.8269
88.3101
86.8655
87.672
87.1661
87.564
87.1122
87.2029
86.7213
87.9754
87.7214
86.5391
87.8171
87.7684
87.245
87.2906
86.9679
87.0422
88.4034
87.1109
87.3929
86.353
86.6537
86.9547
86.7164
88.171
86.6161
86.9221
86.9917
87.295
87.7659
87.7066
87.1635
87.9308
87.2884
87.3911
86.404
87.8559
87.6562
87.6468
87.4479
86.7469
86.0488
86.6304
85.7533
85.4155
85.9629
86.6977
86.9056
86.6892
86.9437
86.4891
87.0147
86.4446
86.4098
86.7176
87.8611
88.3662
86.8557
88.6648
87.6987
87.9052
88.1626
87.3379
87.3931
86.6126
86.8094
86.4182
87.4599
86.1105
86.6206
87.7441
88.0589
87.7601
87.243
86.9185
86.6815
86.7045
86.6307
86.9505
85.8964
87.3298
87.494
86.166
86.8185
86.4677
87.1993
87.9809
87.4582
85.7601
86.3673
87.5797
88.3411
86.5694
87.444
86.1863
86.955
86.589
86.5272
87.2379
87.6104
87.1939
86.819
86.3303
86.4153
85.9937
86.6515
86.838
85.5746
86.9168
87.6455
87.2326
87.5372
88.4395
87.0585
86.0714
86.7727
86.0703
86.3602
87.6965
86.3736
86.0798
86.9091
86.5443
87.1775
86.9303
88.1214
86.7374
86.7074
86.1226
85.6419
85.3554
87.0388
86.6392
86.6099
86.3333
85.6869
86.8181
87.7102
87.2408
87.5237
86.3152
86.7417
86.7827
86.449
88.1007
87.043
86.3781
85.8914
84.4906
85.5141
86.1845
87.7917
87.7497
85.7836
85.9135
86.2754
85.8249
85.0277
86.2319
85.423
86.4133
86.8925
86.8399
86.8099
86.7836
85.9513
85.7184
84.9522
88.4578
86.4653
86.8172
87.6209
86.9022
87.7083
87.8277
86.7043
86.5096
87.2857
86.4542
86.2507
86.8813
85.2959
85.9271
85.1824
87.1921
86.2392
86.5977
86.5725
85.4627
86.8998
87.7696
87.0161
87.4917
87.0751
86.8798
85.6095
86.4766
87.4265
87.8682
86.825
86.7903
86.8802
86.6046
86.1118
86.0467
85.7765
87.0743
85.9972
86.5568
86.5258
85.9741
86.764
86.8684
87.0595
87.1632
86.5756
86.0778
87.5042
85.4339
86.544
88.0844
86.8614
86.8351
86.6317
87.5431
86.9536
87.1618
87.9436
87.6356
87.4068
86.7202
86.4176
86.1853
86.4663
87.4165
88.9604
87.6654
88.1685
87.4857
88.3446
85.8931
86.0177
85.8233
86.1923
85.6115
85.0664
84.714
85.8621
86.9179
87.8505
86.3758
85.4985
86.4523
85.6771
86.5329
86.2038
85.5295
86.8982
87.4604
86.4993
85.7315
87.1439
86.6021
86.5656
86.3571
86.295
85.9044
86.0497
86.1602
86.1387
86.9133
87.0042
86.8295
86.7824
86.4156
86.2215
86.099
85.9726
86.0955
85.3594
86.6787
86.229
86.6518
85.7577
86.2729
86.171
85.1226
85.9848
86.5687
86.797
87.5347
86.89
85.6627
86.0155
85.9678
86.0568
86.0585
85.6877
86.1337
86.8165
86.8685
86.4763
86.2913
86.1765
86.2072
85.5533
86.4325
86.0743
86.2608
86.7397
85.4306
86.8186
85.5407
86.2686
86.0745
86.538
86.0301
85.8163
86.3105
85.6743
86.6372
84.8923
87.0495
87.4571
88.1367
87.1738
86.4077
86.7109
87.7985
87.2542
85.8227
86.7391
85.6691
85.5239
86.3819
86.3755
86.6536
85.5894
85.3176
85.7034
85.9892
85.1197
86.973
86.7364
86.3646
86.35
87.2072
85.9374
86.5039
86.3578
86.2114
84.833
85.3115
86.1126
87.2058
87.2954
87.4865
85.595
85.8389
86.0332
86.4273
86.9066
86.2581
87.0321
86.5042
86.9874
86.7117
85.8335
86.3428
87.8115
86.1582
86.0466
86.9555
86.4607
87.4717
87.5652
86.7594
84.9596
86.885
86.7187
86.6227
87.216
86.3784
86.5318
85.7476
86.259
86.0419
84.5931
84.8888
85.7947
85.6492
85.2821
85.6672
85.1008
85.3637
84.4217
84.9169
84.3431
85.6262
84.8134
85.5808
84.9327
85.6082
85.6736
85.5359
86.7588
86.8723
86.6477
86.361
86.7156
87.6789
86.3277
86.7974
86.4634
87.7215
85.9114
86.3657
86.8073
85.7612
86.7701
85.8552
86.1346
86.0871
86.4236
87.2173
86.7966
87.3461
86.9186
86.8619
87.3868
85.5756
87.8597
87.1844
86.912
87.4889
88.7775
87.3776
87.7395
85.5107
86.3843
84.9647
85.9022
86.3431
86.9715
87.1489
86.6654
87.3677
86.6405
86.2932
86.152
85.9831
85.3265
86.2131
87.1499
86.4048
86.7535
87.2038
87.3754
85.9099
86.8492
86.6122
85.4689
85.8237
85.8615
85.8482
85.9506
85.5852
86.46
86.4971
86.7909
87.3667
87.5365
88.5922
87.7452
85.9737
85.8703
85.7362
85.6241
86.1992
84.5245
85.1795
85.7991
84.7916
86.7504
85.1342
85.4123
85.4829
85.9581
85.7743
86.1845
87.0501
87.179
87.0219
86.0061
85.7299
86.4129
87.3683
88.186
87.7824
86.9592
86.5501
87.7687
87.1531
86.426
85.3326
87.3018
86.4148
87.1711
86.6129
86.5325
86.9349
86.7277
88.0101
86.8478
86.512
85.616
84.8911
85.5346
86.4726
85.965
85.7453
86.5324
87.1271
86.9896
86.8901
86.2834
85.2662
86.2343
86.4674
86.8781
86.7085
86.0124
86.734
86.6731
86.8681
86.4585
87.1204
85.518
86.1737
86.8554
85.6508
84.6526
85.2615
86.1937
86.503
87.1647
86.394
85.6342
86.5301
86.0925
86.9341
87.691
86.9245
86.8285
86.5511
87.7062
86.2396
86.4016
86.0128
86.1166
86.8366
86.8844
86.1018
86.2386
86.3056
85.7971
85.3928
86.1981
85.3404
84.7813
86.2081
86.5349
87.2855
88.1352
87.5414
87.2933
87.4716
86.8932
87.2333
86.4183
85.5918
87.0692
86.1844
85.4097
86.6773
85.4523
85.4792
85.6736
85.9436
86.2671
86.786
86.3136
87.5535
86.7868
87.3828
87.34
86.6209
84.9666
86.2646
85.9775
86.7608
87.5425
87.3415
85.882
86.3069
86.2449
86.2853
86.089
85.8918
87.2199
86.9182
86.5077
86.3815
86.7626
85.5784
85.765
85.7497
85.9138
85.5274
85.906
84.3602
84.9494
85.8293
86.3909
86.6472
86.8061
88.168
88.5008
87.9976
87.3875
86.2088
87.0705
86.1132
86.0228
86.175
86.2557
85.598
87.344
86.7823
86.1719
86.8467
87.0172
86.3973
84.9315
86.4602
86.9081
86.5638
87.2702
86.3564
86.6006
85.1584
86.595
87.2647
87.3911
87.3834
86.8171
87.7171
85.682
86.3576
86.43
87.6293
86.7811
87.6265
86.5057
87.4748
86.4086
86.532
86.7407
87.6152
87.2797
86.5378
87.886
88.5537
86.7878
86.3829
87.1652
88.6693
87.1949
87.8385
86.4472
87.136
86.2648
85.8188
87.7548
88.5442
87.0011
85.9662
86.2735
85.3309
86.7504
87.8665
87.1328
86.7726
86.245
86.5564
86.7441
87.1769
86.8167
87.3222
86.8521
86.8137
88.1502
87.3235
86.4356
86.5329
86.309
85.9603
86.8311
86.3123
85.3739
86.633
87.4176
86.5045
86.6285
87.3784
87.6307
87.6104
87.8674
86.6405
84.6838
85.1121
85.8809
85.1183
84.8669
85.0525
87.0981
86.0658
85.6234
85.3014
85.3526
85.709
86.5413
86.9295
86.478
86.076
87.239
85.9265
87.3225
86.3485
86.3912
86.1418
86.1439
86.7959
86.3515
86.3695
86.7087
87.2082
86.1104
87.2198
85.3655
86.3791
85.8826
85.8871
86.1367
85.0943
85.5107
85.0192
85.7255
85.1907
85.7765
87.5063
86.421
86.9251
86.9171
86.9033
87.6649
87.3908
87.1188
87.5513
86.4706
87.2385
86.9383
86.81
88.9214
88.8885
88.2639
87.0903
87.5983
86.2329
86.0405
85.925
87.2072
85.9893
86.9833
86.436
86.7162
86.5178
86.6059
86.8819
86.3103
85.8556
86.1065
86.3848
86.3671
86.3616
86.8003
86.7181
86.3097
85.4062
85.5995
86.06
85.9958
85.8339
87.0946
87.5462
86.8881
85.1116
84.8782
85.2747
85.314
85.7829
85.0813
85.9701
86.4144
87.2864
88.3466
87.2689
88.0325
87.0028
87.3932
86.3153
86.9854
86.5781
85.8101
85.653
85.0925
85.4478
85.9128
86.6567
85.6043
86.1394
86.732
86.8364
86.7381
86.8479
86.4226
86.3662
87.0361
86.3354
86.8472
86.8143
86.2264
86.4881
86.7007
86.2683
86.349
86.5676
87.4314
86.1406
87.0203
85.011
87.3151
86.4421
87.1202
87.3119
86.0186
87.7503
87.0543
86.346
86.1913
86.2943
87.327
87.753
87.4688
88.0028
87.9103
86.0052
86.3392
86.2942
86.3559
86.4133
86.1949
87.2884
87.4769
86.6936
87.18
87.0914
87.3913
87.1421
86.1067
86.6438
86.1187
85.9335
85.533
86.5377
86.4522
86.6764
87.1349
86.5406
86.214
85.3849
86.6286
87.1603
86.3065
86.2805
86.0346
86.0058
87.249
85.7886
86.502
86.2805
88.3287
87.2311
86.4402
86.209
86.2524
85.7653
85.4031
86.7373
87.0301
86.564
86.1027
86.1539
86.0845
85.771
86.3357
86.6791
85.7473
86.8961
87.3245
86.7456
86.4908
87.1792
87.6928
87.3885
86.7925
86.4324
86.1954
87.364
85.5594
86.3205
86.1323
86.9942
86.3327
86.0503
87.5227
86.3679
86.2484
86.3134
86.2045
86.2829
86.7353
87.579
84.8095
86.3003
86.9755
86.0822
87.0582
85.9587
86.8639
85.9412
86.0518
86.8903
86.5277
87.7653
86.1115
86.2325
86.8751
86.521
86.1659
87.0418
86.1984
86.5985
86.5732
87.2402
87.1325
85.5106
85.4983
85.8867
86.2431
86.5862
87.2729
85.8753
86.9971
87.5217
86.4684
86.1523
85.7644
86.8643
86.9242
86.5329
87.2287
87.9799
86.567
86.5713
86.3811
85.7014
86.0505
86.4841
85.6555
85.5463
85.2124
85.7455
86.4121
85.7221
85.3245
86.7125
86.0872
86.5898
87.2118
87.2358
87.0059
87.9823
87.1935
85.8311
86.9627
86.5782
87.8314
86.47
87.2245
86.7935
86.1906
86.8718
86.3074
86.4063
86.9471
86.5057
86.5886
86.9118
86.3244
85.7451
86.3991
85.9492
85.3985
85.5313
86.453
86.5829
85.6423
85.3245
85.9825
85.0764
86.6999
86.0085
86.5937
86.096
87.2306
86.3283
85.7162
87.4565
86.2968
86.2741
86.2896
86.7171
87.5052
87.0411
87.6652
87.0151
86.1419
86.8107
87.1807
86.2851
86.5816
86.5882
86.4944
86.9116
85.8353
85.8104
86.2954
85.4707
85.6311
85.9039
86.672
85.9642
86.616
86.3655
85.7393
84.8272
86.225
86.8698
86.5053
86.6169
85.2848
85.8587
85.8754
84.9805
86.583
87.2002
85.5801
85.4945
85.4728
86.2945
87.5621
86.4766
85.511
85.922
84.6357
87.1206
86.2528
86.4159
85.6562
86.6397
85.6405
86.7188
85.9899
86.6885
86.1814
87.344
87.1084
85.8749
85.8814
86.0145
85.4133
84.5242
85.2723
86.6773
86.9386
88.2722
87.3586
86.8559
85.9112
86.0577
85.2751
84.7974
85.8936
86.6427
86.608
85.9695
85.5351
85.7948
86.1007
84.773
84.5506
85.4824
86.6102
86.814
86.3333
87.4239
85.7096
86.4809
86.9777
86.2594
85.1773
85.746
86.2396
86.0008
85.8079
86.237
85.174
84.811
84.6565
85.8499
86.0172
87.1851
88.1558
87.6334
86.1557
85.4091
85.5481
85.788
86.4808
86.8717
86.3581
86.3749
86.7106
86.2858
84.4027
84.6511
84.2271
85.5235
85.7769
86.3577
86.277
86.0255
85.869
86.0595
85.6929
85.0559
86.3138
87.0527
86.1534
86.3097
86.7744
86.0519
85.0573
87.1662
85.7051
85.6218
87.0148
85.4104
85.52
86.8717
86.1573
87.3889
86.1616
85.8383
87.0049
86.5882
86.8353
87.6019
86.8859
86.8994
88.5376
86.3135
87.4581
86.7612
86.4276
85.7116
84.3889
85.9321
85.9513
86.3378
86.2898
86.381
85.9532
86.3531
85.7059
85.1427
86.0998
86.6283
85.9304
85.8446
86.9505
87.3343
87.1538
85.9794
85.8339
86.3384
87.4944
86.7565
86.5563
86.3132
86.8369
85.5498
85.5853
86.2289
87.5613
86.7342
87.0115
87.2987
87.5051
87.9176
86.3953
86.8701
87.1741
85.8064
86.0361
87.3359
86.0146
85.5117
87.322
87.5102
86.4122
86.586
85.7592
84.8046
87.0139
86.4409
86.9665
86.3555
85.7186
86.5911
86.3679
87.2642
86.2691
85.341
86.0559
86.0527
86.0062
86.0575
86.6124
87.2824
86.4224
86.4469
86.7772
86.5355
87.2318
84.9631
85.6232
86.9173
86.7285
86.1274
86.3831
85.2216
84.5342
84.7089
84.6267
85.3784
86.109
87.0248
86.7673
86.9056
86.7843
88.5896
86.6283
86.976
86.5948
86.4903
86.9982
86.8487
86.9092
84.5295
87.6272
85.2851
85.1336
85.466
84.6981
86.518
86.5322
86.8995
86.5973
86.787
87.1052
86.9848
86.3121
87.0551
86.893
85.7392
85.705
85.2924
85.7078
86.2154
87.0471
87.343
85.9622
87.6187
86.561
86.6027
87.0799
85.5709
86.5505
85.9342
87.3958
86.0022
85.706
86.3332
87.15
86.5806
86.6554
87.3759
88.1543
86.7866
87.0291
87.0747
87.2832
86.7429
86.862
87.4035
87.0364
87.7797
86.7445
86.8289
86.8302
86.2319
86.9491
86.5282
88.2802
88.6579
86.5862
86.0125
85.5559
85.9796
86.1891
85.9369
86.4253
86.5334
87.2257
85.4786
85.9227
85.8431
86.1368
86.7667
86.5153
86.4202
86.1118
85.3967
85.9711
87.039
86.5744
86.9701
87.0214
85.6758
85.6746
85.9614
87.4198
86.4552
86.0786
86.7281
85.8789
86.8048
87.339
85.8258
86.5946
86.865
86.3682
85.5903
85.7645
85.2287
86.8564
86.7517
86.9106
87.4876
86.8077
87.5556
86.7628
86.4967
87.1434
87.9934
87.12
87.1194
86.5081
87.0855
86.443
85.9033
86.678
86.2735
85.8823
86.9157
85.3964
86.0426
86.5207
85.5138
84.9298
85.2947
85.3471
86.3663
86.4227
85.0089
84.833
85.9026
86.715
86.6558
86.0938
86.0623
85.7285
85.4577
85.8095
86.5521
86.2581
86.2986
86.4035
85.0955
85.0034
85.6914
85.9075
86.9861
86.4199
86.9307
88.0755
86.9809
88.2165
85.8467
87.3848
88.6404
87.3907
86.0346
86.1994
86.9918
85.9741
86.5429
86.9288
87.2618
86.9725
87.7502
87.2326
85.9107
86.7713
85.6664
83.9926
84.5819
85.6506
84.8831
86.3678
85.8416
87.3887
87.611
87.6329
86.1696
85.9582
86.2756
85.5414
85.3935
86.3437
86.4503
85.6432
87.3102
86.9227
87.3236
87.01
85.8838
86.3538
87.4772
87.1487
88.3664
86.363
86.5755
87.7704
86.6184
87.4287
86.2644
87.0962
87.5582
85.8863
87.144
86.9365
87.7884
85.3967
86.8894
87.2321
86.5062
87.7966
86.7483
87.4763
87.0607
86.6504
86.5887
85.6313
85.8608
86.8571
85.5188
86.1644
84.8218
86.1114
87.0992
85.9069
85.7812
85.565
86.5564
86.2989
86.5649
86.8299
86.4966
86.3444
86.4711
87.9874
86.6147
87.0621
86.083
86.6488
86.6636
86.9185
87.1979
88.1105
87.4144
87.497
88.0695
87.2374
86.9669
86.7137
87.6473
87.9618
87.7573
86.4114
86.6363
86.0583
85.1884
85.9601
85.9382
85.1333
85.9749
85.9494
85.2713
85.6869
86.2417
85.6235
87.1106
85.9513
85.9627
86.1907
87.7783
86.1799
86.1888
85.6619
86.3338
87.4472
86.2
86.6314
87.1064
87.1305
86.7285
86.1528
85.5861
86.2516
86.9346
87.1579
86.6431
85.4069
87.1864
85.3129
85.8732
85.4921
85.2796
86.06
86.9681
87.1274
86.5077
85.3714
86.3703
86.7923
88.0504
87.283
86.2733
86.7766
85.9386
86.889
86.0328
83.9513
84.1568
85.8223
85.5341
85.8211
85.6626
85.9216
85.6084
86.6601
85.3927
84.07
85.3914
85.9116
84.8259
85.0013
86.2859
86.2454
86.4341
86.9117
86.2044
87.5551
85.3406
87.3713
86.588
86.2561
86.9974
85.3492
86.7506
86.678
86.8874
86.9502
87.9705
87.4521
87.6038
86.9954
86.3268
87.7915
86.317
85.1781
86.8804
86.0529
87.1061
86.6809
87.8999
87.3887
88.1173
87.0103
86.9303
85.9243
87.0771
85.9076
85.9835
87.7236
86.1315
86.2533
85.2163
85.4775
85.1475
85.3503
85.9032
86.238
84.593
86.0544
86.4656
87.9159
87.3113
87.1089
86.8782
85.2727
86.3064
86.3108
85.5015
87.2101
86.5074
85.5861
84.8692
84.829
84.7679
85.5325
85.5576
85.2202
85.7743
86.4961
86.5773
87.0334
86.5045
87.5531
86.3246
86.1918
86.8725
85.6102
85.9062
86.9856
86.9394
85.879
86.3734
85.8259
85.595
86.3691
86.0811
85.8669
87.4546
87.2568
86.2753
86.4213
86.8066
86.7106
87.0605
87.3582
86.7329
86.3777
86.1304
85.802
85.5398
85.288
86.2274
85.8774
85.6945
85.923
85.5129
86.3009
86.3377
86.3089
85.1379
86.2962
85.8148
86.2445
85.1034
85.309
84.9413
86.1291
86.4609
85.8077
86.2046
86.7954
87.5585
86.7083
86.4122
85.7889
87.6268
86.5528
87.5162
86.3543
86.9796
86.9212
85.6446
86.5889
85.6896
86.0999
86.0984
87.0574
86.8789
86.6429
85.9572
87.3857
86.1775
86.6944
86.9104
85.9325
85.9123
86.3922
87.672
85.6692
87.1005
86.6813
86.2903
86.0642
86.326
86.2455
86.5821
86.2884
85.7891
85.8051
86.1907
86.6633
86.4483
85.7108
85.3495
84.6905
86.0913
86.4917
86.6659
85.92
85.5003
85.1498
84.5613
85.1036
85.6944
86.4617
86.5343
87.0911
87.1067
86.3398
86.4672
86.518
86.7007
87.0387
86.4864
86.403
86.4004
85.5939
85.9009
85.7601
84.5856
85.1541
85.7043
86.5437
85.5586
85.8931
85.8171
86.6586
85.9311
85.7543
85.6082
86.102
86.1279
85.5793
86.8089
86.1229
87.0441
87.3533
86.1263
86.3482
86.4231
85.5461
86.1985
86.64
86.9374
86.5006
86.9969
87.0699
86.7484
85.2247
84.2777
85.8151
85.9679
86.2276
86.7512
85.9594
86.4598
86.7218
86.4079
86.3743
87.426
86.1232
85.236
86.5904
86.291
86.4427
86.3727
86.064
85.7228
85.167
86.65
86.0926
86.3031
86.7035
87.9547
86.5716
86.5016
86.4931
85.5673
85.8631
85.3643
85.8244
86.4128
84.9731
86.0933
87.2487
86.8802
86.9957
87.6536
86.428
86.5618
85.9662
86.1615
87.5191
86.8071
86.7755
85.249
85.1154
85.4295
85.6735
86.9573
86.7628
85.8922
85.6496
85.7038
84.6002
85.62
86.0399
86.0954
86.4298
86.5354
86.8834
87.3153
86.4371
86.1333
87.0054
85.492
86.6896
87.626
86.956
87.2512
86.8911
86.6536
87.2953
86.0028
87.4654
85.967
86.5556
87.3237
86.6807
86.7177
85.5032
87.1047
86.8193
87.0354
86.6684
87.8595
87.7039
86.4365
86.1944
86.065
85.9731
85.5126
86.3118
86.0137
87.135
86.7613
86.3569
86.0178
85.5401
86.3853
85.4358
87.1209
85.613
85.998
86.8117
86.138
85.3686
86.677
87.2367
85.6091
85.5201
87.3002
86.4869
87.0464
86.3337
86.0156
85.5463
85.7565
85.3922
87.8265
87.5387
87.5342
87.025
86.1937
86.1575
87.1979
87.9741
87.2212
87.5675
86.939
85.7667
85.7152
85.5015
86.5989
86.2947
85.1929
85.3772
84.9746
85.3204
86.064
85.3072
85.9013
84.7665
85.0412
85.2968
85.9535
85.0659
85.3705
86.1642
84.7603
85.8373
86.4675
85.6143
85.9872
84.9385
87.2188
86.5496
87.812
86.9229
85.5362
85.7487
86.296
85.9295
85.9734
86.6263
84.9041
86.5348
86.8402
86.6025
86.5628
85.6538
87.5067
85.6188
85.8184
85.9549
86.1558
86.9842
86.8251
86.5387
87.023
85.8401
86.3568
86.9042
85.8517
85.61
86.6477
85.5511
86.2956
86.7319
86.9862
87.0976
86.7613
86.3204
86.9742
85.259
85.4095
86.2862
86.541
86.2519
87.8408
86.5973
86.1755
86.0178
86.1362
86.2192
86.1743
85.7528
85.5423
85.678
86.5733
86.173
85.7193
85.3989
86.6935
85.5446
87.0514
85.4281
85.7521
85.3925
85.4577
85.3979
86.2907
86.4005
87.1506
86.0472
87.2438
86.3748
85.8578
85.4952
84.8363
85.1477
85.8028
86.5061
87.5873
86.6324
86.4981
86.9887
88.0574
87.9051
87.8729
87.4571
87.7579
87.2931
86.9956
86.2276
87.5726
87.7177
86.999
87.165
87.9777
86.4832
87.1414
86.2792
87.4957
86.8309
85.7328
86.3312
86.941
87.4357
85.7847
85.5449
86.715
86.1205
86.0472
86.1523
86.807
85.8091
85.5501
86.1356
85.5242
85.5051
86.8656
86.141
86.1243
85.1807
86.7657
86.8239
85.9255
86.7373
86.8346
87.16
87.1698
87.1564
86.5701
87.0671
87.1417
87.0073
86.8514
86.0923
86.2056
85.6411
86.6907
85.9541
85.279
86.8309
86.3441
85.5448
86.5491
86.1902
86.5353
86.4971
87.2547
86.1652
85.1394
85.8884
84.5475
85.3693
85.4895
85.6393
85.9121
85.633
85.2648
86.1712
85.4794
86.0899
85.5404
85.2439
85.6387
85.7677
85.9111
87.0641
86.0015
86.2687
86.2532
87.0842
86.7369
86.7242
85.5119
85.5179
86.2125
86.5606
86.1537
85.949
86.2894
86.9267
85.8114
84.9111
87.0204
86.0647
86.3248
84.6169
85.3021
86.4778
85.178
85.781
84.6711
85.3467
86.4092
85.8447
85.5837
85.2605
86.9287
87.6583
87.4973
86.6917
86.5747
87.122
86.17
85.2904
85.3114
85.7837
86.3268
86.1555
85.982
86.832
86.3947
85.5208
84.9166
85.2926
84.6944
85.4584
86.3733
85.7185
86.4044
86.5145
85.8175
84.575
85.8446
84.8569
85.0046
84.6048
85.7168
85.6844
86.2167
86.1249
85.1873
86.7945
86.4865
85.5262
85.0103
85.4259
84.8697
85.1612
86.8102
86.5111
85.7856
87.6888
86.3133
86.1115
84.2184
85.5954
84.4421
86.3145
84.0215
84.5506
84.7727
85.7566
85.34
86.5132
85.525
86.0925
84.0841
85.2802
84.9135
85.8575
85.2287
85.5384
85.1067
84.8676
84.0282
85.4815
85.6528
84.8256
86.8621
86.1228
86.8896
85.5495
85.3273
85.365
85.0374
84.3475
84.8056
84.2126
84.8589
85.2286
85.3195
85.8511
86.9291
86.376
86.4014
87.2214
85.8003
86.3238
86.5443
86.8776
85.7351
85.0312
84.537
84.9201
85.5341
84.8493
85.0547
85.2636
85.6513
84.98
86.0993
85.1281
84.876
87.1375
86.6901
86.0043
86.8811
86.8492
85.794
85.701
87.1145
85.2958
85.7338
86.2812
85.3696
86.3667
85.4165
85.8124
85.3616
85.9938
85.0031
85.7855
85.3657
85.7477
87.0784
86.2453
86.009
86.1293
85.4924
84.7152
85.0101
85.5747
85.4333
86.7642
84.7945
84.7773
85.7507
85.214
84.3478
85.0836
85.4919
85.3778
85.9957
86.4144
84.317
85.2453
85.5309
85.7533
85.2792
85.9327
86.1969
85.3014
85.6334
87.568
87.2745
87.4796
86.571
85.5848
86.734
85.6813
85.7406
85.3851
85.4347
85.9607
86.3508
85.6088
85.8083
85.9747
85.6175
86.0032
85.6678
85.5465
85.2506
85.1992
85.5552
84.7867
85.366
85.5333
85.3003
85.5962
85.6788
84.597
86.5392
85.8648
85.926
85.9573
86.3817
85.4517
85.3992
84.947
85.2694
86.0552
84.9797
84.9192
86.0481
86.6547
85.4651
85.7631
85.4114
85.0889
86.2428
86.5092
86.845
86.2457
85.8335
86.3387
85.4634
86.9056
86.0304
85.7861
85.8268
86.1282
84.4021
83.497
82.9232
85.1377
86.4035
86.5181
84.7667
84.4782
84.5815
85.5872
85.4066
84.6992
84.4502
86.1415
85.0215
86.0278
85.347
84.3687
84.5734
84.1345
84.3726
85.2989
84.6473
85.5416
85.6861
85.0263
85.5042
85.9195
85.8502
85.4448
84.4699
85.6741
85.1972
84.8214
85.8224
85.9625
86.5423
85.6945
85.7291
85.9327
85.2416
85.761
86.0952
85.922
84.5466
85.2569
85.6798
85.5206
85.9187
85.3925
84.8679
86.064
86.0338
85.3585
85.2525
85.5699
85.8006
85.7659
87.7539
86.1865
86.5987
77.9923
