#   N_BLOCK:  ACCEPTANCE:
                 1              0.62
                 2              0.51
                 3          0.453333
                 4             0.435
                 5             0.376
                 6              0.37
                 7          0.354286
                 8            0.3225
                 9               0.3
                10              0.28
                11          0.265455
                12          0.256667
                13              0.26
                14              0.26
                15             0.252
                16           0.25875
                17          0.256471
                18          0.256667
                19          0.249474
                20             0.248
                21          0.246667
                22          0.244545
                23          0.246957
                24          0.249167
                25            0.2504
                26          0.252308
                27          0.254074
                28             0.255
                29          0.254483
                30          0.255333
                31          0.257419
                32          0.260625
                33          0.261212
                34          0.258235
                35          0.258857
                36          0.258889
                37          0.257838
                38              0.26
                39          0.257436
                40             0.257
                41           0.25561
                42              0.26
                43           0.26093
                44          0.263182
                45          0.262222
                46          0.261304
                47          0.259574
                48          0.259583
                49          0.261224
                50            0.2616
                51          0.261569
                52          0.260769
                53          0.258868
                54          0.257407
                55          0.255273
                56          0.252143
                57          0.251228
                58           0.24931
                59           0.24678
                60          0.244333
                61          0.242951
                62          0.240968
                63           0.24127
                64              0.24
                65          0.240308
                66          0.237879
                67          0.236716
                68          0.235294
                69          0.232754
                70          0.232571
                71          0.232958
                72            0.2325
                73          0.234247
                74          0.232703
                75          0.230667
                76          0.230789
                77          0.231169
                78          0.229744
                79          0.231392
                80             0.232
                81          0.232346
                82          0.232683
                83          0.233253
                84          0.234048
                85          0.234118
                86          0.234419
                87          0.235172
                88          0.233864
                89          0.233034
                90          0.231333
                91          0.230769
                92          0.232609
                93          0.233118
                94          0.232766
                95          0.233263
                96          0.233125
                97           0.23299
                98          0.233265
                99          0.233333
               100             0.233
               101          0.231881
               102           0.23098
               103          0.229515
               104          0.228846
               105          0.228571
               106          0.229057
               107          0.228411
               108          0.226667
               109          0.224771
               110          0.223818
               111          0.223063
               112          0.221429
               113          0.220708
               114          0.220702
               115          0.220174
               116          0.220517
               117          0.220855
               118          0.220678
               119          0.222185
               120             0.223
               121          0.222479
               122          0.222131
               123          0.221301
               124          0.221774
               125           0.22192
               126          0.221905
               127           0.22315
               128          0.223906
               129          0.223721
               130          0.224308
               131          0.225038
               132          0.224697
               133          0.225414
               134           0.22597
               135          0.226222
               136          0.226912
               137          0.225839
               138          0.225652
               139          0.225324
               140          0.226857
               141          0.228227
               142          0.230141
               143          0.231888
               144           0.23375
               145          0.234483
               146          0.235616
               147          0.236054
               148          0.236216
               149          0.236913
               150          0.237467
               151          0.239073
               152          0.238553
               153          0.238431
               154          0.238052
               155          0.238323
               156          0.238718
               157          0.239363
               158           0.23962
               159          0.241006
               160             0.241
               161          0.241242
               162          0.241852
               163          0.241963
               164          0.242317
               165          0.242545
               166           0.24241
               167          0.242156
               168          0.241548
               169          0.241302
               170          0.240941
               171          0.241287
               172           0.24093
               173          0.240578
               174              0.24
               175          0.239314
               176          0.238977
               177          0.239096
               178          0.239775
               179          0.239665
               180          0.239222
               181          0.239227
               182           0.23989
               183          0.240328
               184          0.240652
               185          0.240216
               186          0.241075
               187          0.241604
               188          0.241277
               189          0.241799
               190          0.241895
               191          0.242408
               192          0.243542
               193          0.244249
               194           0.24433
               195          0.244718
               196          0.244796
               197          0.244873
               198          0.244949
               199          0.244925
               200            0.2449
               201          0.245075
               202          0.244851
               203          0.245517
               204             0.245
               205          0.245268
               206          0.245049
               207          0.245121
               208          0.245385
               209          0.245646
               210             0.246
               211          0.246161
               212          0.246415
               213          0.246854
               214          0.247009
               215          0.246512
               216          0.245833
               217          0.245899
               218           0.24633
               219           0.24621
               220          0.245909
               221          0.245882
               222          0.245405
               223          0.245202
               224          0.245357
               225          0.245511
               226          0.246903
               227          0.247313
               228          0.246579
               229          0.246725
               230          0.246522
               231          0.246494
               232          0.246466
               233          0.246781
               234          0.247094
               235          0.246809
               236          0.246525
               237          0.246076
               238          0.246218
               239          0.245858
               240          0.245583
               241          0.245311
               242          0.245372
               243          0.245761
               244          0.245984
               245          0.245714
               246          0.245772
               247          0.246154
               248          0.246452
               249          0.246345
               250           0.24584
               251          0.245737
               252          0.245397
               253           0.24498
               254          0.244567
               255          0.244235
               256          0.243906
               257          0.243424
               258          0.243411
               259          0.243475
               260          0.243615
               261          0.243218
               262          0.242901
               263           0.24289
               264          0.242197
               265          0.242943
               266          0.243233
               267          0.243071
               268           0.24306
               269          0.242825
               270          0.242963
               271          0.243247
               272          0.243088
               273          0.243223
               274          0.243285
               275          0.242909
               276          0.242391
               277          0.242599
               278          0.242014
               279          0.242007
               280          0.241857
               281          0.241851
               282          0.242199
               283          0.242403
               284          0.242887
               285          0.242807
               286          0.242937
               287          0.242857
               288          0.242569
               289          0.242284
               290          0.241931
               291          0.241924
               292          0.241849
               293          0.241706
               294          0.241361
               295          0.241559
               296          0.241622
               297          0.241684
               298          0.241544
               299          0.241405
               300            0.2412
               301          0.241063
               302          0.240795
               303          0.241056
               304          0.241447
               305           0.24177
               306          0.242353
               307          0.242476
               308          0.242662
               309          0.242783
               310          0.243032
               311          0.243666
               312          0.244167
               313          0.244409
               314          0.244395
               315             0.244
               316          0.244051
               317          0.243659
               318          0.243522
               319          0.243386
               320             0.243
               321          0.242679
               322          0.242174
               323          0.241796
               324          0.241358
               325          0.241292
               326          0.240982
               327          0.240428
               328              0.24
               329          0.239939
               330              0.24
               331          0.239758
               332          0.239337
               333          0.239339
               334          0.239281
               335          0.239701
               336          0.239762
               337              0.24
               338          0.240473
               339          0.241534
               340          0.242235
               341          0.242405
               342           0.24269
               343          0.242566
               344          0.242558
               345          0.242783
               346           0.24237
               347           0.24219
               348          0.242126
               349          0.241834
               350          0.241714
               351          0.241595
               352          0.241477
               353          0.241643
               354          0.241582
               355          0.241408
               356          0.241517
               357          0.241064
               358          0.241061
               359          0.241114
               360          0.241278
               361          0.241163
               362          0.241105
               363          0.241267
               364          0.240989
               365          0.241096
               366          0.241257
               367          0.241199
               368          0.241467
               369          0.241789
               370          0.241784
               371          0.241995
               372          0.241882
               373          0.241555
               374          0.241444
               375          0.241013
               376          0.241011
               377          0.241061
               378          0.240952
               379          0.240844
               380          0.240684
               381          0.240577
               382          0.240157
               383          0.239739
               384          0.239635
               385          0.239377
               386           0.23943
               387          0.239276
               388          0.239381
               389          0.239589
               390           0.23959
               391          0.239795
               392          0.240102
               393          0.240102
               394          0.239898
               395          0.239696
               396          0.239646
               397          0.239647
               398          0.239749
               399            0.2399
               400           0.23995
               401           0.23985
               402          0.239552
               403          0.239256
               404          0.239158
               405          0.238914
               406          0.239113
               407          0.239017
               408           0.23902
               409          0.239462
               410          0.239561
               411          0.239319
               412          0.239078
               413          0.239177
               414          0.238841
               415          0.238843
               416           0.23899
               417          0.238897
               418          0.239091
               419          0.238998
               420          0.238762
               421          0.238527
               422          0.238483
               423          0.238298
               424           0.23783
               425          0.237929
               426          0.238263
               427          0.238407
               428          0.237944
               429          0.237669
               430          0.237302
               431          0.237448
               432          0.237222
               433          0.237321
               434          0.237465
               435          0.237471
               436          0.237661
               437          0.237895
               438          0.238174
               439          0.238497
               440          0.238591
               441          0.238458
               442          0.238507
               443           0.23851
               444          0.238559
               445          0.238831
               446          0.238565
               447          0.238345
               448          0.238571
               449          0.238575
               450          0.238178
               451          0.237871
               452          0.237699
               453          0.237704
               454          0.237841
               455          0.238242
               456          0.238465
               457          0.238556
               458          0.238515
               459          0.238649
               460          0.238957
               461          0.239219
               462          0.239394
               463          0.239266
               464          0.239224
               465          0.239011
               466          0.238927
               467          0.238801
               468           0.23859
               469          0.238337
               470          0.238298
               471          0.237962
               472          0.237839
               473          0.237632
               474          0.237342
               475          0.237305
               476          0.237311
               477          0.237191
               478          0.237113
               479          0.237161
               480          0.236875
               481          0.236674
               482          0.236722
               483          0.236605
               484          0.236488
               485          0.236866
               486          0.237243
               487          0.237413
               488          0.237336
               489          0.237014
               490           0.23698
               491          0.236945
               492          0.236789
               493          0.236471
               494          0.236073
               495          0.235758
               496          0.235806
               497          0.235936
               498          0.236104
               499          0.236192
               500            0.2362
               501          0.236128
               502          0.236056
               503          0.235785
               504          0.235595
               505          0.235485
               506          0.235178
               507          0.234872
               508          0.234488
               509          0.234185
               510          0.233882
               511          0.233855
               512          0.233789
               513          0.233567
               514          0.233852
               515          0.233786
               516          0.233721
               517          0.233733
               518          0.233822
               519           0.23395
               520          0.234231
               521          0.234434
               522          0.234713
               523          0.235029
               524          0.235115
               525          0.235124
               526          0.234943
               527          0.235066
               528          0.234924
               529          0.234896
               530          0.235208
               531          0.235179
               532          0.235113
               533          0.235272
               534          0.235356
               535          0.235327
               536          0.235187
               537          0.235047
               538          0.234981
               539          0.234991
               540          0.234852
               541          0.234972
               542          0.235129
               543          0.235396
               544          0.235551
               545          0.235817
               546          0.235934
               547          0.235941
               548          0.236058
               549          0.236284
               550          0.236545
               551          0.236624
               552          0.236594
               553           0.23642
               554          0.236354
               555          0.236324
               556          0.236331
               557          0.236445
               558          0.236595
               559          0.236422
               560            0.2365
               561          0.236471
               562          0.236512
               563          0.236377
               564          0.236348
               565           0.23646
               566          0.236431
               567          0.236261
               568          0.236197
               569          0.236063
               570          0.236105
               571          0.236182
               572          0.236154
               573          0.236021
               574          0.235749
               575          0.235409
               576          0.235208
               577          0.235113
               578          0.234983
               579          0.234888
               580          0.235034
               581          0.234974
               582          0.235017
               583          0.234786
               584          0.234486
               585          0.234154
               586          0.233925
               587          0.233765
               588          0.233503
               589          0.233379
               590          0.233254
               591          0.233299
               592          0.233209
               593          0.233153
               594          0.233199
               595           0.23321
               596          0.233154
               597          0.233266
               598          0.233077
               599          0.232988
               600            0.2329
               601          0.232712
               602          0.232591
               603          0.232637
               604          0.232815
               605           0.23276
               606          0.232739
               607          0.232916
               608          0.232928
               609          0.233005
               610          0.233082
               611          0.233061
               612          0.233007
               613          0.233181
               614          0.233257
               615          0.233333
               616          0.233344
               617          0.233452
               618          0.233463
               619          0.233473
               620          0.233548
               621          0.233623
               622          0.233601
               623          0.233579
               624          0.234006
               625           0.23408
               626          0.234121
               627          0.234226
               628          0.234299
               629          0.234149
               630           0.23419
               631            0.2342
               632          0.234335
               633          0.234502
               634            0.2347
               635          0.234772
               636          0.234969
               637          0.235102
               638          0.235204
               639          0.235117
               640          0.235094
               641          0.235039
               642          0.234922
               643          0.234868
               644          0.234783
               645          0.234729
               646          0.234644
               647           0.23456
               648           0.23463
               649          0.234638
               650          0.234738
               651          0.234808
               652          0.234847
               653          0.234793
               654          0.234679
               655          0.234504
               656          0.234421
               657          0.234612
               658           0.23462
               659           0.23475
               660          0.234818
               661          0.235038
               662          0.235166
               663          0.235294
               664          0.235482
               665          0.235699
               666          0.235856
               667          0.235982
               668          0.235898
               669          0.235785
               670          0.235731
               671          0.235589
               672          0.235476
               673          0.235275
               674          0.235252
               675          0.235259
               676          0.235237
               677          0.235244
               678           0.23531
               679          0.235317
               680          0.235294
               681          0.235154
               682          0.235044
               683          0.234905
               684          0.235029
               685          0.234978
               686          0.234956
               687          0.235226
               688          0.235233
               689           0.23521
               690          0.235159
               691          0.235137
               692          0.235058
               693          0.234978
               694           0.23487
               695          0.234849
               696          0.234943
               697          0.234835
               698           0.23467
               699          0.234535
               700          0.234514
               701          0.234465
               702          0.234444
               703          0.234367
               704          0.234375
               705          0.234241
               706          0.234164
               707          0.234031
               708          0.234096
               709          0.233992
               710          0.233944
               711          0.233952
               712          0.233933
               713          0.233885
               714          0.233697
               715          0.233622
               716          0.233436
               717          0.233584
               718          0.233454
               719          0.233602
               720          0.233667
               721          0.233481
               722          0.233407
               723          0.233223
               724          0.233011
               725          0.232772
               726            0.2327
               727          0.232517
               728          0.232418
               729          0.232181
               730          0.232164
               731          0.232148
               732          0.232322
               733          0.232387
               734           0.23248
               735          0.232816
               736          0.232908
               737          0.232972
               738            0.2329
               739          0.232936
               740          0.232946
               741          0.232901
               742          0.232749
               743          0.232759
               744          0.233091
               745          0.233262
               746          0.233217
               747          0.233119
               748          0.233102
               749          0.233164
               750           0.23328
               751          0.233475
               752          0.233564
               753          0.233679
               754          0.233554
               755          0.233536
               756          0.233466
               757          0.233342
               758          0.233193
               759          0.233228
               760          0.233079
               761          0.232852
               762           0.23273
               763          0.232687
               764          0.232461
               765          0.232444
               766          0.232298
               767          0.232099
               768          0.231927
               769          0.231704
               770          0.231506
               771          0.231388
               772          0.231321
               773          0.231281
               774          0.231266
               775          0.231277
               776           0.23116
               777          0.231094
               778          0.230951
               779          0.230963
               780          0.230974
               781          0.231088
               782           0.23133
               783          0.231443
               784          0.231607
               785          0.231592
               786          0.231527
               787          0.231537
               788          0.231497
               789          0.231559
               790          0.231544
               791          0.231631
               792          0.231641
               793          0.231778
               794           0.23199
               795           0.23205
               796          0.232161
               797          0.232196
               798          0.232281
               799          0.232315
               800           0.23235
               801          0.232385
               802          0.232444
               803          0.232478
               804          0.232413
               805          0.232323
               806          0.232233
               807          0.232218
               808          0.232228
               809          0.232138
               810          0.232074
               811          0.232207
               812          0.232266
               813          0.232325
               814          0.232334
               815          0.232294
               816          0.232328
               817          0.232509
               818          0.232665
               819          0.232747
               820          0.232854
               821           0.23296
               822          0.232968
               823           0.23305
               824          0.233131
               825          0.233115
               826          0.233075
               827          0.232987
               828          0.232874
               829          0.232979
               830          0.233084
               831          0.232996
               832          0.232957
               833          0.232965
               834          0.233094
               835          0.233222
               836          0.233397
               837          0.233429
               838          0.233437
               839          0.233349
               840          0.233381
               841          0.233294
               842          0.233302
               843          0.233262
               844           0.23327
               845          0.233278
               846          0.233168
               847          0.233152
               848          0.233113
               849          0.233098
               850          0.232941
               851          0.232926
               852          0.232934
               853          0.232872
               854          0.232787
               855          0.232772
               856          0.232734
               857          0.232602
               858          0.232517
               859          0.232619
               860          0.232698
               861           0.23259
               862          0.232738
               863          0.232677
               864          0.232755
               865          0.232624
               866          0.232517
               867           0.23248
               868           0.23235
               869          0.232244
               870          0.232161
               871          0.232124
               872          0.232087
               873          0.232142
               874          0.232174
               875          0.232114
               876          0.231986
               877          0.231927
               878          0.231913
               879          0.231991
               880          0.231818
               881          0.231691
               882          0.231723
               883          0.231755
               884          0.231629
               885          0.231525
               886          0.231467
               887          0.231635
               888          0.231824
               889          0.231901
               890          0.231775
               891           0.23174
               892          0.231704
               893          0.231646
               894          0.231678
               895          0.231799
               896          0.231853
               897          0.231795
               898          0.231581
               899          0.231546
               900            0.2314
               901          0.231321
               902          0.231242
               903          0.231229
               904          0.231239
               905           0.23105
               906           0.23117
               907          0.231025
               908          0.230881
               909          0.230891
               910          0.230879
               911          0.230867
               912          0.230855
               913          0.230734
               914          0.230635
               915          0.230492
               916          0.230459
               917          0.230403
               918          0.230283
               919          0.230207
               920          0.230217
               921          0.230228
               922          0.230174
               923          0.230184
               924          0.230173
               925          0.230249
               926          0.230238
               927          0.230227
               928          0.230345
               929          0.230312
               930          0.230323
               931           0.23029
               932          0.230193
               933          0.230161
               934          0.230193
               935          0.230225
               936          0.230256
               937          0.230395
               938          0.230661
               939          0.230863
               940          0.231021
               941           0.23101
               942          0.230977
               943          0.230859
               944          0.230826
               945          0.230794
               946           0.23074
               947          0.230834
               948          0.230823
               949          0.230875
               950          0.230884
               951          0.230789
               952          0.230651
               953          0.230619
               954          0.230671
               955          0.230618
               956           0.23069
               957          0.230721
               958          0.230772
               959          0.230678
               960          0.230708
               961          0.230697
               962          0.230644
               963           0.23053
               964          0.230394
               965          0.230238
               966          0.230062
               967           0.22999
               968          0.229876
               969          0.229804
               970           0.22967
               971          0.229619
               972          0.229547
               973          0.229435
               974          0.229405
               975          0.229354
               976          0.229262
               977          0.229273
               978          0.229284
               979          0.229193
               980          0.229184
               981          0.229134
               982          0.229246
               983          0.229379
               984           0.22939
               985           0.22936
               986           0.22927
               987          0.229321
               988          0.229352
               989          0.229323
               990          0.229293
               991          0.229364
               992          0.229476
               993          0.229607
               994          0.229638
               995          0.229648
               996          0.229679
               997          0.229709
               998           0.22976
               999           0.22999
              1000            0.2302
