#     BLOCK:   ACTUAL_M:     M_AVE:       ERROR:
                 1              0.48              0.48                 0
                 2              0.64              0.56         0.0565685
                 3              0.68               0.6         0.0498888
                 4              0.56              0.59         0.0384057
                 5               0.6             0.592         0.0307766
                 6              0.48          0.573333          0.030792
                 7              0.68          0.588571          0.029927
                 8              0.72             0.605         0.0303624
                 9              0.88          0.635556         0.0394753
                10              0.92             0.664         0.0446139
                11              0.68          0.665455         0.0405818
                12              0.68          0.666667         0.0372181
                13              0.56          0.658462          0.035248
                14              0.52          0.648571         0.0340896
                15              0.56          0.642667         0.0323243
                16              0.48            0.6325         0.0318627
                17              0.28          0.611765         0.0361105
                18              0.32          0.595556         0.0375666
                19               0.4          0.585263         0.0369725
                20               0.2             0.566         0.0398271
                21                 0          0.539048         0.0461581
                22             -0.08          0.510909         0.0519333
                23             -0.04          0.486957          0.054922
                24             -0.08          0.463333         0.0574899
                25                 0            0.4448         0.0581009
                26             -0.04          0.426154         0.0587822
                27                 0           0.41037         0.0586858
                28              0.08          0.398571         0.0577638
                29              0.16          0.390345         0.0563548
                30                 0          0.377333         0.0559582
                31              0.16          0.370323         0.0545905
                32                 0           0.35875         0.0540973
                33                 0          0.347879         0.0535391
                34                 0          0.337647         0.0529331
                35                 0             0.328         0.0522924
                36              0.12          0.322222         0.0511581
                37             -0.16          0.309189         0.0514088
                38              0.12          0.304211         0.0502964
                39               0.2          0.301538         0.0490777
                40              0.28             0.301         0.0478537
                41              0.36          0.302439         0.0467082
                42               0.2               0.3         0.0456597
                43              0.24          0.298605         0.0446192
                44              0.08          0.293636         0.0438808
                45             -0.04          0.286222         0.0435275
                46                 0              0.28         0.0430237
                47              0.04          0.274894         0.0424103
                48             -0.08            0.2675         0.0421663
                49               0.2          0.266122         0.0413282
                50               0.2            0.2648         0.0405228
                51              0.24          0.264314         0.0397312
                52              0.36          0.266154         0.0390097
                53              0.52          0.270943         0.0385666
                54              0.48          0.274815         0.0380462
                55               0.6          0.280727         0.0378111
                56              0.68          0.287857         0.0378021
                57              0.68          0.294737         0.0377598
                58              0.64           0.30069          0.037575
                59              0.68          0.307119         0.0374841
                60               0.8          0.315333         0.0377488
                61               0.8          0.323279         0.0379569
                62              0.64          0.328387         0.0376869
                63              0.68          0.333968         0.0374997
                64              0.76          0.340625         0.0374999
                65              0.64          0.345231         0.0372048
                66              0.64          0.349697         0.0369082
                67              0.88          0.357612         0.0371963
                68              0.84          0.364706         0.0373196
                69              0.72          0.369855         0.0371323
                70               0.6          0.373143         0.0367471
                71              0.56          0.375775         0.0363236
                72              0.48          0.377222          0.035848
                73              0.48           0.37863         0.0353846
                74              0.48              0.38         0.0349329
                75              0.56            0.3824         0.0345495
                76              0.32          0.381579         0.0341046
                77              0.28           0.38026         0.0336872
                78              0.28          0.378974         0.0332798
                79              0.28          0.377722         0.0328821
                80              0.28            0.3765         0.0324938
                81              0.48          0.377778         0.0321178
                82               0.2           0.37561         0.0317992
                83              0.28          0.374458         0.0314369
                84              0.16          0.371905         0.0311661
                85              0.08          0.368471         0.0309881
                86              0.04          0.364651         0.0308623
                87              0.08          0.361379         0.0306805
                88              0.16          0.359091         0.0304171
                89             -0.16          0.353258         0.0306294
                90                 0          0.349333         0.0305395
                91              0.04          0.345934         0.0303925
                92             -0.04          0.341739         0.0303503
                93             -0.12          0.336774         0.0304273
                94             -0.04          0.332766         0.0303665
                95             -0.36          0.325474           0.03091
                96             -0.32           0.31875         0.0313108
                97             -0.12          0.314227          0.031313
                98             -0.24          0.308571         0.0315001
                99             -0.32          0.302222         0.0318153
               100             -0.16            0.2976         0.0318312
               101             -0.08          0.293861         0.0317348
               102              0.04          0.291373         0.0315211
               103             -0.04          0.288155         0.0313788
               104              0.04          0.285769         0.0311677
               105              -0.2          0.281143         0.0312123
               106              -0.2          0.276604         0.0312462
               107              -0.2           0.27215           0.03127
               108             -0.28          0.267037         0.0313957
               109             -0.32          0.261651         0.0315662
               110             -0.32          0.256364          0.031719
               111             -0.28          0.251532         0.0317992
               112             -0.36          0.246071         0.0319806
               113             -0.56          0.238938         0.0324834
               114             -0.28          0.234386         0.0325158
               115             -0.36          0.229217         0.0326413
               116             -0.32          0.224483         0.0327015
               117             -0.36          0.219487         0.0328013
               118             -0.12           0.21661         0.0326493
               119             -0.28          0.212437         0.0326405
               120             -0.52          0.206333         0.0329343
               121             -0.68          0.199008         0.0334668
               122             -0.64          0.192131         0.0338917
               123             -0.56          0.186016         0.0341633
               124             -0.32          0.181935         0.0341307
               125              -0.4           0.17728         0.0341737
               126             -0.44          0.172381         0.0342518
               127             -0.32          0.168504         0.0342008
               128             -0.08          0.166563         0.0339887
               129             -0.16          0.164031         0.0338193
               130              -0.2          0.161231         0.0336749
               131             -0.36          0.157252         0.0336521
               132             -0.24          0.154242         0.0335315
               133             -0.24          0.151278         0.0334101
               134             -0.04          0.149851         0.0331913
               135              0.08          0.149333         0.0329494
               136              0.16          0.149412         0.0327072
               137              0.32          0.150657         0.0324922
               138              0.32          0.151884         0.0322799
               139              0.36          0.153381         0.0320824
               140              0.28          0.154286          0.031866
               141              0.08          0.153759         0.0316443
               142             -0.36          0.150141         0.0316276
               143             -0.28          0.147133         0.0315492
               144             -0.16             0.145         0.0314021
               145             -0.12          0.143172         0.0312387
               146             -0.12           0.14137         0.0310767
               147             -0.24          0.138776         0.0309734
               148             -0.12          0.137027         0.0308134
               149              -0.4          0.133423         0.0308167
               150              -0.4          0.129867         0.0308157
               151             -0.08          0.128477          0.030643
               152             -0.16          0.126579         0.0305001
               153             -0.12          0.124967         0.0303433
               154             -0.24          0.122597         0.0302387
               155             -0.24          0.120258         0.0301339
               156             -0.36          0.117179         0.0300976
               157             -0.16          0.115414         0.0299576
               158             -0.16          0.113671         0.0298187
               159              0.12          0.113711         0.0296312
               160               0.2           0.11425         0.0294509
               161              0.12          0.114286          0.029268
               162                 0           0.11358         0.0290958
               163             -0.04          0.112638         0.0289326
               164             -0.16          0.110976         0.0288039
               165              0.08          0.110788         0.0286299
               166               0.2          0.111325         0.0284625
               167              0.12          0.111377         0.0282921
               168              0.08           0.11119         0.0281243
               169              0.08          0.111006         0.0279585
               170             -0.04          0.110118         0.0278082
               171                 0          0.109474          0.027653
               172              0.12          0.109535         0.0274923
               173              0.08          0.109364         0.0273339
               174              0.28          0.110345         0.0271944
               175              0.36          0.111771         0.0270764
               176              0.32          0.112955         0.0269484
               177              0.36           0.11435         0.0268323
               178              0.44           0.11618         0.0267438
               179              0.64          0.119106          0.026754
               180              0.48          0.121111         0.0266804
               181              0.48          0.123094         0.0266066
               182              0.16          0.123297         0.0264612
               183              0.08           0.12306         0.0263176
               184             -0.28           0.12087         0.0262656
               185             -0.12          0.119568         0.0261559
               186             -0.28          0.117419         0.0261033
               187             -0.16          0.115936         0.0260059
               188              0.12          0.115957         0.0258675
               189              0.08          0.115767         0.0257314
               190              0.04          0.115368          0.025599
               191                 0          0.114764         0.0254721
               192              -0.2          0.113125         0.0253922
               193             -0.08          0.112124         0.0252803
               194               0.2          0.112577         0.0251541
               195              0.12          0.112615         0.0250251
               196                 0          0.112041          0.024904
               197             -0.04          0.111269         0.0247896
               198                 0          0.110707         0.0246707
               199             -0.24          0.108945         0.0246096
               200             -0.32            0.1068         0.0245798
               201             -0.24          0.105075          0.024518
               202             -0.16          0.103762         0.0244318
               203              0.04          0.103448         0.0243134
               204             -0.16          0.102157         0.0242285
               205             -0.12          0.101073         0.0241345
               206              -0.2         0.0996117         0.0240616
               207                 0         0.0991304         0.0239502
               208             -0.04         0.0984615         0.0238444
               209             -0.16         0.0972249         0.0237623
               210              0.08         0.0971429         0.0236493
               211             -0.08         0.0963033         0.0235521
               212             -0.04         0.0956604         0.0234498
               213             -0.16         0.0944601         0.0233704
               214             -0.24         0.0928972         0.0233134
               215             -0.28         0.0911628         0.0232694
               216             -0.24         0.0896296         0.0232121
               217             -0.12         0.0886636         0.0231252
               218             -0.24          0.087156         0.0230683
               219             -0.36         0.0851142         0.0230531
               220             -0.24         0.0836364         0.0229956
               221             -0.24         0.0821719         0.0229382
               222             -0.28         0.0805405         0.0228928
               223              -0.2         0.0792825         0.0228247
               224             -0.28         0.0776786         0.0227791
               225             -0.28         0.0760889         0.0227332
               226              -0.2         0.0748673         0.0226654
               227             -0.24         0.0734802          0.022608
               228             -0.32         0.0717544         0.0225746
               229             -0.32         0.0700437         0.0225407
               230              -0.4             0.068         0.0225352
               231              -0.4          0.065974         0.0225285
               232             -0.32         0.0643103         0.0224928
               233             -0.56         0.0616309         0.0225553
               234             -0.56         0.0589744         0.0226148
               235             -0.68         0.0558298         0.0227361
               236              -0.8         0.0522034         0.0229272
               237             -0.76         0.0487764         0.0230851
               238             -0.68         0.0457143         0.0231903
               239              -0.6         0.0430126         0.0232501
               240             -0.56            0.0405         0.0232886
               241             -0.44         0.0385062         0.0232772
               242             -0.32         0.0370248         0.0232281
               243             -0.12         0.0363786         0.0231415
               244                 0         0.0362295         0.0230471
               245              0.12         0.0365714         0.0229556
               246              0.08          0.036748          0.022863
               247              0.12          0.037085         0.0227729
               248             -0.04         0.0367742         0.0226832
               249             -0.32         0.0353414         0.0226373
               250              -0.4            0.0336         0.0226136
               251             -0.36         0.0320319         0.0225778
               252             -0.36         0.0304762         0.0225418
               253              -0.4         0.0287747         0.0225168
               254             -0.28         0.0275591         0.0224609
               255             -0.28         0.0263529         0.0224052
               256              -0.2         0.0254688         0.0223351
               257             -0.12         0.0249027         0.0222554
               258             -0.04         0.0246512         0.0221705
               259             -0.08         0.0242471         0.0220886
               260                 0         0.0241538         0.0220039
               261              0.04         0.0242146         0.0219196
               262             -0.12         0.0236641         0.0218429
               263             -0.28         0.0225095         0.0217903
               264             -0.24         0.0215152         0.0217305
               265             -0.24         0.0205283         0.0216709
               266             -0.16         0.0198496            0.0216
               267             -0.24         0.0188764          0.021541
               268             -0.32         0.0176119         0.0214977
               269             -0.28         0.0165056         0.0214463
               270             -0.28         0.0154074         0.0213949
               271             -0.28         0.0143173         0.0213437
               272             -0.44         0.0126471         0.0213305
               273             -0.28         0.0115751         0.0212793
               274             -0.32          0.010365          0.021236
               275             -0.52        0.00843636         0.0212462
               276             -0.56        0.00637681         0.0212688
               277              -0.6        0.00418773         0.0213044
               278             -0.76        0.00143885         0.0214044
               279             -0.76       -0.00129032         0.0215009
               280              -0.6       -0.00342857         0.0215302
               281             -0.44       -0.00498221         0.0215096
               282             -0.48       -0.00666667         0.0214992
               283             -0.28       -0.00763251         0.0214449
               284             -0.32       -0.00873239         0.0213975
               285              -0.2       -0.00940351          0.021333
               286             -0.36        -0.0106294         0.0212936
               287             -0.48        -0.0122648         0.0212821
               288             -0.48        -0.0138889         0.0212701
               289             -0.32        -0.0149481         0.0212228
               290             -0.28        -0.0158621         0.0211693
               291              -0.2        -0.0164948          0.021106
               292                 0        -0.0164384         0.0210338
               293                 0        -0.0163823         0.0209621
               294              0.04        -0.0161905         0.0208917
               295              0.08        -0.0158644         0.0208234
               296              0.04        -0.0156757         0.0207539
               297             -0.16        -0.0161616         0.0206897
               298                 0        -0.0161074         0.0206204
               299              0.24        -0.0152508         0.0205692
               300              0.04        -0.0150667         0.0205015
               301             -0.04        -0.0151495         0.0204335
               302               0.2        -0.0144371         0.0203783
               303              0.36        -0.0132013         0.0203485
               304              0.44        -0.0117105         0.0203361
               305              0.32         -0.010623         0.0202984
               306              0.04        -0.0104575         0.0202328
               307              0.12        -0.0100326         0.0201713
               308              0.32       -0.00896104         0.0201343
               309              0.32       -0.00789644         0.0200973
               310              0.24       -0.00709677         0.0200483
               311              0.32       -0.00604502         0.0200114
               312              0.32            -0.005         0.0199746
               313              0.64        -0.0029393         0.0200168
               314              0.64       -0.00089172         0.0200575
               315              0.64        0.00114286         0.0200967
               316              0.76         0.0035443         0.0201761
               317              0.76         0.0059306         0.0202531
               318               0.6        0.00779874         0.0202754
               319              0.68        0.00990596          0.020321
               320              0.68             0.012         0.0203651
               321              0.72         0.0142056         0.0204208
               322               0.8          0.016646         0.0205026
               323              0.72         0.0188235         0.0205545
               324               0.6         0.0206173         0.0205691
               325              0.48         0.0220308         0.0205544
               326              0.44         0.0233129         0.0205313
               327               0.4         0.0244648         0.0205008
               328               0.2             0.025         0.0204453
               329              0.16         0.0254103         0.0203872
               330              0.36         0.0264242         0.0203506
               331              0.36          0.027432         0.0203141
               332              0.24         0.0280723          0.020263
               333             -0.08         0.0277477         0.0202047
               334             -0.12         0.0273054         0.0201491
               335                 0         0.0272239         0.0200891
               336               0.2         0.0277381         0.0200359
               337              0.04         0.0277745         0.0199765
               338               0.2          0.028284         0.0199239
               339              0.04         0.0283186         0.0198651
               340             -0.04         0.0281176         0.0198077
               341              0.08         0.0282698         0.0197502
               342              0.28         0.0290058         0.0197062
               343               0.2         0.0295044          0.019655
               344              0.12         0.0297674         0.0195997
               345             -0.12         0.0293333         0.0195477
               346             -0.08         0.0290173         0.0194937
               347             -0.12         0.0285879         0.0194423
               348             -0.16          0.028046         0.0193939
               349             -0.36         0.0269341         0.0193702
               350             -0.52         0.0253714         0.0193778
               351              -0.6         0.0235897         0.0194043
               352              -0.6         0.0218182         0.0194299
               353             -0.48         0.0203966         0.0194268
               354             -0.36          0.019322         0.0194016
               355             -0.16         0.0188169         0.0193535
               356             -0.24         0.0180899         0.0193128
               357              -0.4         0.0169188         0.0192942
               358              -0.4         0.0157542         0.0192754
               359             -0.36         0.0147075         0.0192501
               360              0.08         0.0148889         0.0191975
               361             -0.08          0.014626         0.0191461
               362             -0.28         0.0138122         0.0191105
               363             -0.56         0.0122314         0.0191232
               364             -0.76         0.0101099         0.0191879
               365             -0.68        0.00821918         0.0192283
               366             -0.48        0.00688525          0.019222
               367             -0.12        0.00653951         0.0191727
               368             -0.16        0.00608696          0.019126
               369             -0.16        0.00563686         0.0190794
               370             -0.24        0.00497297         0.0190394
               371              -0.4         0.0038814         0.0190193
               372             -0.48        0.00258065         0.0190126
               373             -0.64       0.000857909         0.0190396
               374             -0.64      -0.000855615         0.0190656
               375             -0.72       -0.00277333          0.019111
               376             -0.56       -0.00425532         0.0191175
               377             -0.28       -0.00498674         0.0190808
               378             -0.44       -0.00613757          0.019065
               379             -0.52        -0.0074934         0.0190628
               380              -0.4       -0.00852632         0.0190406
               381             -0.32       -0.00934383         0.0190082
               382              -0.4        -0.0103665         0.0189859
               383             -0.48        -0.0115927         0.0189759
               384             -0.56        -0.0130208         0.0189802
               385              -0.6        -0.0145455          0.018992
               386             -0.24        -0.0151295         0.0189518
               387             -0.36        -0.0160207         0.0189237
               388              -0.6        -0.0175258         0.0189347
               389             -0.52        -0.0188175         0.0189301
               390             -0.28        -0.0194872         0.0188934
               391             -0.36        -0.0203581         0.0188651
               392             -0.28        -0.0210204         0.0188286
               393             -0.36         -0.021883         0.0188004
               394             -0.28        -0.0225381         0.0187641
               395              -0.2        -0.0229873          0.018722
               396             -0.08        -0.0231313         0.0186753
               397             -0.16        -0.0234761         0.0186314
               398             -0.24        -0.0240201         0.0185926
               399             -0.44        -0.0250627         0.0185752
               400             -0.32           -0.0258         0.0185434
               401             -0.32        -0.0265337         0.0185116
               402             -0.16        -0.0268657         0.0184685
               403             -0.08        -0.0269975         0.0184232
               404             -0.16        -0.0273267         0.0183805
               405              -0.2        -0.0277531         0.0183401
               406              -0.2        -0.0281773         0.0182998
               407             -0.12        -0.0284029         0.0182562
               408             -0.04        -0.0284314         0.0182115
               409                 0        -0.0283619         0.0181671
               410             -0.08        -0.0284878         0.0181233
               411             -0.12        -0.0287105         0.0180805
               412             -0.08         -0.028835         0.0180371
               413             -0.08        -0.0289588         0.0179938
               414             -0.12        -0.0291787         0.0179517
               415             -0.12        -0.0293976         0.0179098
               416                 0        -0.0293269         0.0178669
               417             -0.08        -0.0294484         0.0178244
               418              0.08        -0.0291866         0.0177837
               419              0.16        -0.0287351          0.017747
               420              0.12         -0.028381         0.0177083
               421              0.16        -0.0279335         0.0176719
               422              0.28        -0.0272038         0.0176451
               423              0.36        -0.0262884         0.0176271
               424              0.44        -0.0251887         0.0176198
               425              0.36        -0.0242824         0.0176016
               426              0.16        -0.0238498         0.0175656
               427              0.28        -0.0231382         0.0175389
               428              0.28        -0.0224299         0.0175122
               429               0.2        -0.0219114          0.017479
               430              0.12        -0.0215814         0.0174415
               431               0.4        -0.0206032         0.0174284
               432              0.36        -0.0197222         0.0174104
               433              0.12        -0.0193995         0.0173731
               434              0.16        -0.0189862          0.017338
               435              0.16        -0.0185747          0.017303
               436              0.24        -0.0179817         0.0172735
               437              0.28        -0.0172998         0.0172474
               438              0.12        -0.0169863         0.0172109
               439              0.24        -0.0164009         0.0171817
               440              0.32        -0.0156364         0.0171596
               441              0.28         -0.014966         0.0171338
               442              0.32        -0.0142081         0.0171118
               443              0.32        -0.0134537         0.0170898
               444              0.44        -0.0124324         0.0170818
               445              0.68        -0.0108764         0.0171141
               446              0.68       -0.00932735         0.0171457
               447              0.56       -0.00805369         0.0171546
               448              0.28       -0.00741071         0.0171283
               449              0.28        -0.0067706         0.0171022
               450              0.32       -0.00604444         0.0170796
               451              0.28        -0.0054102         0.0170535
               452             -0.04       -0.00548673         0.0170159
               453             -0.04       -0.00556291         0.0169785
               454             -0.24        -0.0060793          0.016949
               455              0.04       -0.00597802          0.016912
               456              0.24        -0.0054386         0.0168835
               457              0.32       -0.00472648         0.0168616
               458               0.2       -0.00427948         0.0168307
               459              0.24       -0.00374728         0.0168025
               460             -0.04       -0.00382609         0.0167661
               461              -0.2       -0.00425163         0.0167351
               462             -0.12       -0.00450216         0.0167008
               463             -0.24        -0.0050108         0.0166725
               464              -0.2       -0.00543103         0.0166418
               465             -0.24       -0.00593548         0.0166137
               466             -0.16       -0.00626609         0.0165813
               467             -0.12       -0.00650964         0.0165476
               468                 0       -0.00649573         0.0165122
               469              0.08        -0.0063113         0.0164781
               470               0.2       -0.00587234         0.0164489
               471              0.12        -0.0056051         0.0164161
               472               0.4       -0.00474576         0.0164038
               473              0.36       -0.00397463         0.0163872
               474               0.4       -0.00312236         0.0163748
               475              0.52       -0.00202105         0.0163773
               476              0.68      -0.000588235         0.0164055
               477              0.48       0.000419287          0.016402
               478              0.56        0.00158996         0.0164094
               479              0.44        0.00250522         0.0164007
               480              0.48            0.0035         0.0163966
               481              0.36        0.00424116         0.0163793
               482              0.48        0.00522822          0.016375
               483              0.36        0.00596273         0.0163576
               484              0.48        0.00694215         0.0163531
               485              0.44        0.00783505         0.0163437
               486              0.32        0.00847737         0.0163227
               487              0.32        0.00911704         0.0163017
               488              0.24        0.00959016         0.0162752
               489              0.24         0.0100613         0.0162487
               490              0.12         0.0102857         0.0162171
               491               0.4         0.0110794         0.0162035
               492              0.48         0.0120325         0.0161986
               493              0.56          0.013144         0.0162038
               494              0.56          0.014251         0.0162088
               495              0.48         0.0151919         0.0162033
               496              0.52         0.0162097         0.0162026
               497              0.32         0.0168209         0.0161815
               498               0.4         0.0175904         0.0161673
               499               0.4         0.0183567          0.016153
               500               0.4           0.01912         0.0161387
               501              0.24         0.0195609         0.0161126
               502              0.16         0.0198406         0.0160829
               503              0.04         0.0198807          0.016051
               504              0.08              0.02         0.0160196
               505              0.12          0.020198         0.0159891
               506              0.12         0.0203953         0.0159587
               507              0.12         0.0205917         0.0159284
               508              0.04         0.0206299         0.0158971
               509               0.2         0.0209823         0.0158698
               510              0.28         0.0214902         0.0158468
               511              0.16         0.0217613         0.0158181
               512              0.24         0.0221875         0.0157929
               513              0.08         0.0223002         0.0157626
               514             -0.12         0.0220233         0.0157343
               515             -0.12         0.0217476         0.0157062
               516              0.04         0.0217829         0.0156758
               517              0.04         0.0218182         0.0156455
               518              0.04         0.0218533         0.0156153
               519              0.16         0.0221195         0.0155875
               520              0.04         0.0221538         0.0155576
               521             -0.32         0.0214971         0.0155416
               522              0.04         0.0215326         0.0155118
               523              0.12         0.0217208         0.0154833
               524              0.12         0.0219084         0.0154549
               525              0.04         0.0219429         0.0154255
               526                 0         0.0219011         0.0153962
               527              -0.2         0.0214801         0.0153728
               528             -0.44         0.0206061         0.0153685
               529              -0.4          0.019811           0.01536
               530             -0.32         0.0191698         0.0153444
               531             -0.36         0.0184557         0.0153321
               532             -0.36         0.0177444         0.0153198
               533              -0.2         0.0173358         0.0152965
               534             -0.44         0.0164794         0.0152918
               535              -0.4         0.0157009          0.015283
               536              -0.4         0.0149254         0.0152742
               537             -0.24         0.0144507         0.0152531
               538              -0.4         0.0136803         0.0152442
               539             -0.24         0.0132096         0.0152232
               540             -0.24         0.0127407         0.0152022
               541             -0.52          0.011756          0.015206
               542             -0.36         0.0110701         0.0151934
               543             -0.16         0.0107551         0.0151686
               544              -0.4              0.01         0.0151595
               545             -0.36         0.0093211         0.0151469
               546             -0.56        0.00827839          0.015155
               547             -0.48        0.00738574         0.0151536
               548             -0.52        0.00642336         0.0151565
               549             -0.12        0.00619308         0.0151306
               550             -0.16        0.00589091         0.0151061
               551             -0.16        0.00558984         0.0150817
               552             -0.12        0.00536232         0.0150561
               553                 0        0.00535262         0.0150289
               554             -0.16        0.00505415         0.0150047
               555             -0.04        0.00497297         0.0149779
               556             -0.04        0.00489209         0.0149512
               557             -0.08        0.00473968         0.0149251
               558             -0.08        0.00458781         0.0148991
               559             -0.04        0.00450805         0.0148727
               560              -0.2        0.00414286         0.0148506
               561             -0.32        0.00356506         0.0148354
               562             -0.28         0.0030605         0.0148176
               563             -0.28        0.00255773         0.0147998
               564             -0.16         0.0022695         0.0147763
               565              -0.2         0.0019115         0.0147545
               566             -0.16        0.00162544         0.0147312
               567             -0.12        0.00141093         0.0147068
               568              0.04        0.00147887         0.0146811
               569               0.2        0.00182777         0.0146594
               570              0.24        0.00224561         0.0146396
               571               0.4        0.00294221         0.0146306
               572              0.28        0.00342657          0.014613
               573              0.12        0.00363002         0.0145889
               574              0.12        0.00383275         0.0145649
               575              0.04        0.00389565         0.0145397
               576              0.04        0.00395833         0.0145146
               577             -0.16        0.00367418         0.0144922
               578             -0.24         0.0032526         0.0144733
               579             -0.36        0.00262522         0.0144619
               580             -0.44        0.00186207         0.0144571
               581              -0.6       0.000826162         0.0144693
               582             -0.72      -0.000412371         0.0144973
               583             -0.76       -0.00171527         0.0145309
               584             -0.72       -0.00294521          0.014558
               585             -0.64       -0.00403419         0.0145737
               586             -0.52       -0.00491468         0.0145754
               587             -0.64       -0.00599659         0.0145907
               588             -0.72       -0.00721088         0.0146163
               589             -0.48       -0.00801358         0.0146135
               590             -0.56       -0.00894915         0.0146187
               591             -0.76          -0.01022         0.0146491
               592              -0.8        -0.0115541          0.014685
               593             -0.88        -0.0130185          0.014733
               594             -0.68        -0.0141414          0.014751
               595             -0.68        -0.0152605         0.0147686
               596             -0.84        -0.0166443         0.0148085
               597             -0.72        -0.0178224         0.0148305
               598              -0.8        -0.0191304         0.0148632
               599             -0.84        -0.0205008         0.0149015
               600              -0.8           -0.0218         0.0149332
               601              -0.8        -0.0230948         0.0149643
               602             -0.72        -0.0242525         0.0149842
               603             -0.68          -0.02534         0.0149988
               604             -0.48        -0.0260927         0.0149928
               605             -0.48         -0.026843         0.0149868
               606             -0.52        -0.0276568         0.0149841
               607             -0.72        -0.0287974         0.0150028
               608             -0.72        -0.0299342         0.0150211
               609             -0.72        -0.0310673         0.0150391
               610             -0.72        -0.0321967         0.0150568
               611             -0.52        -0.0329951         0.0150533
               612             -0.68        -0.0340523         0.0150658
               613              -0.4        -0.0346493         0.0150531
               614             -0.48        -0.0353746          0.015046
               615             -0.72        -0.0364878         0.0150627
               616             -0.72        -0.0375974          0.015079
               617             -0.76        -0.0387682            0.0151
               618              -0.6        -0.0396764         0.0151028
               619             -0.44        -0.0403231         0.0150923
               620             -0.36        -0.0408387         0.0150767
               621             -0.52        -0.0416103         0.0150722
               622             -0.56        -0.0424437          0.015071
               623             -0.36        -0.0429535         0.0150554
               624             -0.56        -0.0437821         0.0150541
               625             -0.56         -0.044608         0.0150526
               626              -0.6        -0.0454952         0.0150547
               627             -0.64        -0.0464434         0.0150605
               628              -0.4        -0.0470064         0.0150471
               629             -0.28        -0.0473768         0.0150277
               630             -0.24        -0.0476825         0.0150069
               631             -0.08        -0.0477338         0.0149832
               632             -0.32        -0.0481646         0.0149657
               633             -0.52          -0.04891         0.0149606
               634             -0.68        -0.0499054         0.0149701
               635             -0.68        -0.0508976         0.0149794
               636             -0.44        -0.0515094         0.0149683
               637             -0.52        -0.0522449         0.0149629
               638             -0.24        -0.0525392         0.0149423
               639             -0.36        -0.0530203         0.0149267
               640              -0.4        -0.0535625         0.0149132
               641             -0.48        -0.0542278         0.0149048
               642             -0.56        -0.0550156         0.0149024
               643             -0.72        -0.0560498          0.014915
               644             -0.68        -0.0570186         0.0149233
               645             -0.52        -0.0577364         0.0149174
               646             -0.56        -0.0585139         0.0149146
               647             -0.52        -0.0592272         0.0149086
               648             -0.28        -0.0595679         0.0148895
               649             -0.36        -0.0600308         0.0148737
               650             -0.32        -0.0604308         0.0148562
               651              -0.4        -0.0609524         0.0148425
               652              -0.2        -0.0611656         0.0148213
               653              0.04        -0.0610107         0.0147994
               654              0.04        -0.0608563         0.0147776
               655              0.12        -0.0605802         0.0147576
               656              0.24         -0.060122         0.0147422
               657              0.16        -0.0597869         0.0147236
               658                 0         -0.059696         0.0147015
               659              0.08        -0.0594841         0.0146807
               660             -0.08        -0.0595152         0.0146585
               661             -0.04        -0.0594856         0.0146364
               662             -0.12         -0.059577         0.0146145
               663              0.12        -0.0593062          0.014595
               664             -0.28        -0.0596386         0.0145768
               665             -0.48        -0.0602707         0.0145686
               666             -0.52         -0.060961         0.0145631
               667             -0.44        -0.0615292         0.0145523
               668              -0.4        -0.0620359         0.0145393
               669              -0.4        -0.0625411         0.0145264
               670             -0.32        -0.0629254         0.0145098
               671             -0.36        -0.0633681         0.0144949
               672             -0.36        -0.0638095         0.0144801
               673             -0.32        -0.0641902         0.0144636
               674              -0.2        -0.0643917         0.0144435
               675             -0.12        -0.0644741         0.0144223
               676              0.08        -0.0642604         0.0144026
               677              0.08        -0.0640473         0.0143829
               678              0.24        -0.0635988         0.0143687
               679              0.24        -0.0631517         0.0143545
               680              0.12        -0.0628824         0.0143359
               681                 0          -0.06279         0.0143151
               682                 0        -0.0626979         0.0142944
               683               0.2        -0.0623133         0.0142787
               684               0.2        -0.0619298         0.0142629
               685              0.44        -0.0611971         0.0142609
               686               0.4        -0.0605248          0.014256
               687              0.12         -0.060262         0.0142376
               688              -0.2        -0.0604651         0.0142184
               689             -0.16        -0.0606096         0.0141985
               690             -0.16        -0.0607536         0.0141787
               691             -0.44        -0.0613025         0.0141688
               692             -0.32        -0.0616763         0.0141532
               693             -0.04         -0.061645         0.0141328
               694              0.04        -0.0614986         0.0141132
               695             -0.16        -0.0616403         0.0140936
               696              0.04        -0.0614943         0.0140741
               697              0.04        -0.0613486         0.0140547
               698               0.2        -0.0609742         0.0140395
               699              0.24        -0.0605436         0.0140261
               700              0.36        -0.0599429         0.0140189
               701               0.2         -0.059572         0.0140038
               702              0.24        -0.0591453         0.0139903
               703              0.36        -0.0585491         0.0139831
               704              0.36        -0.0579545         0.0139759
               705              0.24        -0.0575319         0.0139625
               706              0.44        -0.0568272         0.0139605
               707              0.48        -0.0560679         0.0139614
               708               0.4        -0.0554237         0.0139565
               709               0.4        -0.0547814         0.0139516
               710               0.4        -0.0541408         0.0139466
               711              0.56        -0.0532771         0.0139537
               712              0.52        -0.0524719         0.0139573
               713              0.68        -0.0514446         0.0139755
               714              0.72        -0.0503641         0.0139977
               715              0.68        -0.0493427         0.0140153
               716              0.64        -0.0483799         0.0140288
               717              0.52        -0.0475872         0.0140316
               718              0.48        -0.0468524         0.0140312
               719              0.44        -0.0461752         0.0140281
               720              0.44           -0.0455         0.0140248
               721              0.48        -0.0447712         0.0140243
               722              0.36        -0.0442105         0.0140161
               723              0.56        -0.0433748         0.0140216
               724              0.56        -0.0425414          0.014027
               725              0.68        -0.0415448          0.014043
               726              0.48        -0.0408264          0.014042
               727              0.36        -0.0402751         0.0140335
               728              0.68        -0.0392857         0.0140491
               729              0.64        -0.0383539         0.0140606
               730              0.44        -0.0376986         0.0140566
               731              0.48        -0.0369904         0.0140552
               732               0.4        -0.0363934         0.0140487
               733              0.48        -0.0356889         0.0140472
               734              0.28        -0.0352589         0.0140346
               735             -0.04        -0.0352653         0.0140156
               736                 0        -0.0352174         0.0139966
               737             -0.08        -0.0352782         0.0139777
               738             -0.04        -0.0352846         0.0139588
               739              0.08        -0.0351286         0.0139408
               740              0.08         -0.034973         0.0139228
               741              0.16        -0.0347099         0.0139065
               742              0.24        -0.0343396         0.0138927
               743              0.08        -0.0341857         0.0138748
               744              0.24        -0.0338172         0.0138611
               745              0.08        -0.0336644         0.0138433
               746              0.24        -0.0332976         0.0138296
               747              0.32        -0.0328246         0.0138192
               748              0.28        -0.0324064         0.0138071
               749               0.2        -0.0320961         0.0137921
               750              0.28          -0.03168           0.01378
               751              0.48        -0.0309987         0.0137785
               752              0.36        -0.0304787           0.01377
               753              0.44        -0.0298539         0.0137658
               754              0.48        -0.0291777         0.0137642
               755              0.36        -0.0286623         0.0137556
               756              0.48        -0.0279894         0.0137538
               757              0.44        -0.0273712         0.0137496
               758              0.52        -0.0266491         0.0137504
               759              0.64        -0.0257708         0.0137603
               760              0.64        -0.0248947           0.01377
               761               0.6        -0.0240736         0.0137764
               762              0.56        -0.0233071         0.0137796
               763               0.8         -0.022228         0.0138038
               764              0.76        -0.0212042         0.0138236
               765               0.8        -0.0201307         0.0138472
               766               0.8        -0.0190601         0.0138704
               767               0.8        -0.0179922         0.0138934
               768              0.84         -0.016875         0.0139201
               769              0.88        -0.0157087         0.0139508
               770              0.88        -0.0145455         0.0139811
               771              0.84        -0.0134371         0.0140068
               772              0.64        -0.0125907         0.0140142
               773              0.56        -0.0118499         0.0140157
               774              0.52        -0.0111628         0.0140144
               775              0.68         -0.010271         0.0140247
               776              0.72        -0.0093299         0.0140381
               777               0.6       -0.00854569         0.0140419
               778              0.68       -0.00766067         0.0140518
               779               0.6       -0.00688062         0.0140553
               780               0.6       -0.00610256         0.0140588
               781              0.52       -0.00542894          0.014057
               782              0.32       -0.00501279         0.0140452
               783              0.48       -0.00439336         0.0140409
               784              0.48       -0.00377551         0.0140365
               785              0.44       -0.00321019           0.01403
               786              0.16       -0.00300254         0.0140137
               787              0.16       -0.00279543         0.0139975
               788              0.32       -0.00238579         0.0139857
               789               0.4       -0.00187579         0.0139773
               790              0.28       -0.00151899         0.0139641
               791              0.32       -0.00111252         0.0139524
               792              0.08        -0.0010101         0.0139351
               793             -0.28       -0.00136192          0.013922
               794             -0.12       -0.00151134         0.0139053
               795             -0.04       -0.00155975         0.0138879
               796               0.2       -0.00130653         0.0138727
               797              0.16       -0.00110414         0.0138568
               798              0.12      -0.000952381         0.0138403
               799                 0      -0.000951189         0.0138229
               800             -0.04            -0.001         0.0138058
               801                 0      -0.000998752         0.0137885
               802                 0      -0.000997506         0.0137713
               803             -0.12        -0.0011457          0.013755
               804                 0       -0.00114428         0.0137379
               805              0.08       -0.00104348         0.0137212
               806              0.08      -0.000942928         0.0137045
               807             -0.04      -0.000991326         0.0136876
               808              0.04      -0.000940594         0.0136708
               809               0.2      -0.000692213         0.0136561
               810              0.08      -0.000592593         0.0136396
               811              0.28      -0.000246609         0.0136272
               812              0.44       0.000295567         0.0136212
               813              0.52       0.000934809         0.0136194
               814               0.6        0.00167076         0.0136226
               815              0.52        0.00230675         0.0136207
               816              0.48        0.00289216         0.0136166
               817              0.28        0.00323133         0.0136041
               818              0.44        0.00376528          0.013598
               819               0.4        0.00424908           0.01359
               820              0.32        0.00463415         0.0135789
               821              0.24        0.00492083         0.0135653
               822                 0        0.00491484         0.0135488
               823             -0.12        0.00476306         0.0135332
               824             -0.24        0.00446602         0.0135201
               825             -0.28        0.00412121         0.0135081
               826             -0.28        0.00377724         0.0134961
               827             -0.36        0.00333736         0.0134869
               828             -0.24        0.00304348         0.0134739
               829             -0.32         0.0026538         0.0134632
               830             -0.48        0.00207229         0.0134596
               831              -0.4        0.00158845         0.0134521
               832             -0.16        0.00139423         0.0134373
               833             -0.24        0.00110444         0.0134243
               834             -0.12       0.000959233          0.013409
               835              0.08        0.00105389         0.0133933
               836              0.36        0.00148325         0.0133841
               837               0.4        0.00195938         0.0133766
               838              0.24        0.00224344         0.0133637
               839              0.16        0.00243147          0.013349
               840             -0.04        0.00238095         0.0133333
               841              0.04        0.00242568         0.0133175
               842             -0.36        0.00199525         0.0133086
               843              -0.2        0.00175563          0.013295
               844              -0.2        0.00151659         0.0132814
               845             -0.12        0.00137278         0.0132664
               846             -0.08         0.0012766         0.0132511
               847             -0.12        0.00113341         0.0132362
               848             -0.04        0.00108491         0.0132207
               849                 0        0.00108363         0.0132051
               850             -0.12       0.000941176         0.0131904
               851              0.16        0.00112808         0.0131762
               852              0.16        0.00131455         0.0131621
               853              0.12        0.00145369         0.0131474
               854               0.2        0.00168618          0.013134
               855              0.16        0.00187135           0.01312
               856               0.4        0.00233645         0.0131129
               857              0.48        0.00289382         0.0131094
               858               0.4        0.00335664         0.0131023
               859              0.48        0.00391153         0.0130988
               860               0.2        0.00413953         0.0130855
               861              0.24        0.00441347         0.0130732
               862              0.24        0.00468677         0.0130609
               863              0.12        0.00482039         0.0130465
               864              0.24        0.00509259         0.0130342
               865              0.16        0.00527168         0.0130204
               866             -0.04         0.0052194         0.0130054
               867             -0.04        0.00516724         0.0129905
               868             -0.04        0.00511521         0.0129757
               869                 0        0.00510932         0.0129607
               870             -0.32        0.00473563         0.0129512
               871             -0.56        0.00408726         0.0129526
               872              -0.4        0.00362385          0.012946
               873             -0.24        0.00334479         0.0129342
               874             -0.36        0.00292906         0.0129261
               875             -0.32           0.00256         0.0129166
               876             -0.24        0.00228311         0.0129048
               877             -0.36        0.00187001         0.0128967
               878             -0.16        0.00168565         0.0128833
               879              -0.2         0.0014562         0.0128707
               880              -0.2        0.00122727         0.0128581
               881             -0.04        0.00118048         0.0128436
               882             -0.08        0.00108844         0.0128294
               883             -0.04         0.0010419         0.0128149
               884              -0.2        0.00081448         0.0128024
               885             -0.16       0.000632768         0.0127893
               886             -0.04       0.000586907         0.0127749
               887             -0.08       0.000496054         0.0127608
               888             -0.24       0.000225225         0.0127493
               889              0.12       0.000359955         0.0127357
               890              0.04       0.000404494         0.0127215
               891              0.12       0.000538721         0.0127079
               892              0.28       0.000852018         0.0126975
               893              0.32        0.00120941         0.0126883
               894               0.2        0.00143177         0.0126761
               895                 0        0.00143017         0.0126619
               896              0.08        0.00151786         0.0126481
               897              0.12        0.00164994         0.0126347
               898               0.2        0.00187082         0.0126225
               899              0.44        0.00235818         0.0126179
               900              0.32        0.00271111         0.0126088
               901               0.4        0.00315205         0.0126025
               902              0.32        0.00350333         0.0125935
               903              0.28        0.00380952         0.0125832
               904               0.6        0.00446903         0.0125866
               905              0.56        0.00508287         0.0125876
               906              0.36        0.00547461         0.0125798
               907              0.32        0.00582139         0.0125707
               908               0.2        0.00603524         0.0125587
               909              0.04        0.00607261          0.012545
               910                 0        0.00606593         0.0125312
               911              0.12          0.006191          0.012518
               912              0.16        0.00635965         0.0125055
               913              0.24        0.00661555         0.0124944
               914              0.28        0.00691466         0.0124843
               915              0.24         0.0071694         0.0124732
               916               0.4        0.00759825          0.012467
               917              0.52        0.00815703         0.0124659
               918              0.52         0.0087146         0.0124648
               919              0.44         0.0091839         0.0124601
               920              0.44        0.00965217         0.0124553
               921              0.28        0.00994571         0.0124453
               922              0.32          0.010282         0.0124363
               923              0.32         0.0106176         0.0124274
               924              0.28         0.0109091         0.0124173
               925              0.24         0.0111568         0.0124064
               926              0.12         0.0112743         0.0123935
               927             -0.24         0.0110032         0.0123831
               928             -0.12         0.0108621         0.0123706
               929             -0.28          0.010549         0.0123612
               930              -0.2         0.0103226           0.01235
               931             -0.12         0.0101826         0.0123375
               932                 0         0.0101717         0.0123243
               933             -0.08          0.010075         0.0123115
               934             -0.04         0.0100214         0.0122984
               935                 0         0.0100107         0.0122853
               936             -0.04        0.00995726         0.0122723
               937              0.04        0.00998933         0.0122592
               938              0.04         0.0100213         0.0122462
               939              0.08         0.0100958         0.0122334
               940             -0.04         0.0100426         0.0122205
               941              0.16         0.0102019         0.0122085
               942              0.16         0.0103609         0.0121966
               943              0.32         0.0106893         0.0121881
               944               0.4         0.0111017         0.0121821
               945              0.16         0.0112593         0.0121703
               946              0.04         0.0112896         0.0121574
               947              0.12         0.0114044         0.0121451
               948                 0         0.0113924         0.0121323
               949             -0.24         0.0111275         0.0121224
               950             -0.08         0.0110316         0.0121101
               951             -0.28         0.0107256         0.0121012
               952             -0.24         0.0104622         0.0120913
               953             -0.32         0.0101154         0.0120836
               954             -0.48        0.00960168         0.0120819
               955             -0.44        0.00913089         0.0120784
               956             -0.32        0.00878661         0.0120707
               957             -0.28        0.00848485         0.0120618
               958             -0.44         0.0080167         0.0120583
               959              -0.4        0.00759124         0.0120532
               960              -0.2          0.007375         0.0120426
               961             -0.16        0.00720083         0.0120314
               962             -0.28        0.00690229         0.0120226
               963             -0.36        0.00652129         0.0120161
               964             -0.24        0.00626556         0.0120064
               965             -0.08        0.00617617         0.0119943
               966              0.04        0.00621118         0.0119819
               967              0.12        0.00632885         0.0119701
               968              0.04        0.00636364         0.0119578
               969             -0.12        0.00623323         0.0119461
               970             -0.24        0.00597938         0.0119365
               971              -0.2        0.00576725         0.0119261
               972             -0.28        0.00547325         0.0119175
               973             -0.28        0.00517986         0.0119088
               974             -0.28        0.00488706         0.0119002
               975             -0.16        0.00471795         0.0118892
               976              -0.2         0.0045082         0.0118789
               977             -0.28        0.00421699         0.0118703
               978             -0.12        0.00408998         0.0118588
               979             -0.24        0.00384065         0.0118493
               980              0.04        0.00387755         0.0118373
               981              0.08        0.00395515         0.0118255
               982              0.04        0.00399185         0.0118135
               983              0.36        0.00435402          0.011807
               984              0.28        0.00463415         0.0117983
               985              0.28        0.00491371         0.0117897
               986              0.08        0.00498986          0.011778
               987              0.16        0.00514691         0.0117671
               988             -0.04        0.00510121         0.0117553
               989             -0.12        0.00497472         0.0117441
               990             -0.28        0.00468687         0.0117357
               991             -0.08        0.00460141         0.0117242
               992             -0.12        0.00447581          0.011713
               993              -0.2        0.00426989         0.0117031
               994             -0.32        0.00394366         0.0116958
               995             -0.32        0.00361809         0.0116886
               996             -0.28        0.00333333         0.0116803
               997             -0.16        0.00316951         0.0116698
               998              0.16        0.00332665         0.0116591
               999             -0.04        0.00328328         0.0116475
              1000             -0.28             0.003         0.0116393
