#     BLOCK:   ACTUAL_X:     X_AVE:       ERROR:
                 1             11.52             11.52                 0
                 2             20.48                16           3.16784
                 3             23.12           18.3733           2.86622
                 4             15.68              17.7           2.22735
                 5                18             17.76           1.78269
                 6             11.52             16.72           1.76303
                 7             23.12           17.6343           1.73209
                 8             25.92             18.67           1.79877
                 9             38.72           20.8978           2.63971
                10             42.32             23.04           3.12639
                11             23.12           23.0473           2.84218
                12             23.12           23.0533           2.60534
                13             15.68           22.4862            2.4659
                14             13.52           21.8457           2.37147
                15             15.68           21.4347           2.24871
                16             11.52            20.815           2.19189
                17              3.92           19.8212           2.27714
                18              5.12           19.0044           2.29242
                19                 8           18.4253           2.24374
                20                 2            17.604            2.2769
                21                 0           16.7657           2.31766
                22              0.32           16.0182           2.32975
                23              0.08           15.3252           2.32923
                24              0.32              14.7           2.31457
                25                 0            14.112           2.29546
                26              0.08           13.5723           2.26973
                27                 0           13.0696           2.24064
                28              0.32           12.6143            2.2064
                29              1.28           12.2234           2.16466
                30                 0            11.816           2.13051
                31              1.28           11.4761           2.08871
                32                 0           11.1175             2.054
                33                 0           10.7806           2.01919
                34                 0           10.4635           1.98455
                35                 0           10.1646           1.95023
                36              0.72           9.90222           1.91362
                37              1.28           9.66919           1.87604
                38              0.72           9.43368           1.84139
                39                 2           9.24308           1.80402
                40              3.92              9.11           1.76382
                41              6.48           9.04585           1.72196
                42                 2            8.8781           1.68912
                43              2.88            8.7386           1.65558
                44              0.32           8.54727           1.62898
                45              0.08           8.35911           1.60361
                46                 0           8.17739           1.57901
                47              0.08           8.00511           1.55478
                48              0.32             7.845           1.53061
                49                 2           7.72571           1.50402
                50                 2            7.6112           1.47829
                51              2.88           7.51843           1.45221
                52              6.48           7.49846           1.42442
                53             13.52           7.61208           1.40207
                54             11.52           7.68444           1.37797
                55                18             7.872           1.36562
                56             23.12           8.14429           1.36811
                57             23.12           8.40702            1.3691
                58             20.48           8.61517           1.36123
                59             23.12           8.86102           1.36018
                60                32           9.24667           1.39111
                61                32           9.61967           1.41743
                62             20.48           9.79484           1.40535
                63             23.12           10.0063           1.39887
                64             28.88           10.3012           1.40775
                65             20.48           10.4578           1.39478
                66             20.48           10.6097           1.38188
                67             38.72           11.0293           1.42353
                68             35.28           11.3859           1.44657
                69             25.92           11.5965           1.44086
                70                18            11.688           1.42318
                71             15.68           11.7442           1.40425
                72             11.52           11.7411           1.38475
                73             11.52           11.7381           1.36578
                74             11.52           11.7351           1.34733
                75             15.68           11.7877           1.33039
                76              5.12              11.7           1.31577
                77              3.92            11.599           1.30256
                78              3.92           11.5005           1.28957
                79              3.92           11.4046           1.27682
                80              3.92            11.311           1.26428
                81             11.52           11.3136           1.24867
                82                 2              11.2            1.2386
                83              3.92           11.1123           1.22678
                84              1.28           10.9952           1.21775
                85              0.32           10.8696           1.20988
                86              0.08           10.7442            1.2023
                87              0.32           10.6244           1.19443
                88              1.28           10.5182           1.18557
                89              1.28           10.4144           1.17679
                90                 0           10.2987           1.16939
                91              0.08           10.1864           1.16191
                92              0.08           10.0765           1.15447
                93              0.72           9.97591           1.14643
                94              0.08           9.87064           1.13905
                95              6.48           9.83495           1.12762
                96              5.12           9.78583           1.11695
                97              0.72           9.69237           1.10934
                98              2.88           9.62286           1.10019
                99              5.12           9.57737           1.09002
               100              1.28            9.4944           1.08227
               101              0.32           9.40356           1.07536
               102              0.08           9.31216            1.0687
               103              0.08           9.22252           1.06207
               104              0.08           9.13462           1.05549
               105                 2           9.06667           1.04762
               106                 2                 9           1.03986
               107                 2           8.93458            1.0322
               108              3.92           8.88815           1.02368
               109              5.12           8.85358           1.01488
               110              5.12           8.81964           1.00622
               111              3.92            8.7755           0.99812
               112              6.48             8.755          0.989419
               113             15.68           8.81628          0.982559
               114              3.92           8.77333          0.974878
               115              6.48           8.75339          0.966605
               116              5.12           8.72207           0.95878
               117              6.48           8.70291          0.950776
               118              0.72           8.63525          0.945123
               119              3.92           8.59563          0.938011
               120             13.52           8.63667          0.931091
               121             23.12           8.75636          0.931058
               122             20.48           8.85246          0.928373
               123             15.68           8.90797          0.922483
               124              5.12           8.87742          0.915549
               125                 8            8.8704          0.908252
               126              9.68           8.87683          0.901066
               127              5.12           8.84724          0.894456
               128              0.32           8.78062          0.889946
               129              1.28           8.72248          0.884944
               130                 2           8.67077          0.879647
               131              6.48           8.65405          0.873091
               132              2.88            8.6103          0.867572
               133              2.88           8.56722          0.862118
               134              0.08           8.50388          0.858007
               135              0.32           8.44326          0.853791
               136              1.28           8.39059          0.849136
               137              5.12           8.36672          0.843273
               138              5.12           8.34319          0.837491
               139              6.48           8.32978          0.831573
               140              3.92           8.29829           0.82623
               141              0.32            8.2417          0.822305
               142              6.48            8.2293          0.816608
               143              3.92           8.19916          0.811453
               144              1.28           8.15111          0.807239
               145              0.72           8.09986          0.803297
               146              0.72           8.04932          0.799384
               147              2.88           8.01415          0.794719
               148              0.72           7.96486          0.790876
               149                 8            7.9651          0.785568
               150                 8           7.96533          0.780331
               151              0.32            7.9147          0.776804
               152              1.28           7.87105          0.772919
               153              0.72           7.82431          0.769279
               154              2.88           7.79221          0.764954
               155              2.88           7.76052          0.760675
               156              6.48           7.75231          0.755843
               157              1.28           7.71108          0.752152
               158              1.28           7.67038          0.748492
               159              0.72           7.62667           0.74506
               160                 2            7.5915          0.741233
               161              0.72           7.54882          0.737856
               162                 0           7.50222          0.734772
               163              0.08           7.45669          0.731673
               164              1.28           7.41902          0.728181
               165              0.32             7.376          0.725037
               166                 2           7.34361          0.721393
               167              0.72           7.30395          0.718162
               168              0.32           7.26238           0.71509
               169              0.32            7.2213          0.712037
               170              0.08           7.17929          0.709087
               171                 0           7.13731          0.706182
               172              0.72               7.1          0.703061
               173              0.32           7.06081          0.700089
               174              3.92           7.04276          0.696298
               175              6.48           7.03954          0.692327
               176              5.12           7.02864          0.688479
               177              6.48           7.02554          0.684596
               178              9.68           7.04045          0.680913
               179             20.48           7.11553          0.681235
               180             11.52              7.14           0.67789
               181             11.52            7.1642          0.674577
               182              1.28           7.13187          0.671644
               183              0.32           7.09464          0.669005
               184              3.92           7.07739          0.665592
               185              0.72           7.04303           0.66288
               186              3.92           7.02624          0.659529
               187              1.28           6.99551          0.656718
               188              0.72           6.96213          0.654072
               189              0.32           6.92698          0.651555
               190              0.08           6.89095          0.649121
               191                 0           6.85487          0.646725
               192                 2           6.82958          0.643851
               193              0.32           6.79585          0.641397
               194                 2           6.77113          0.638567
               195              0.72            6.7401          0.636046
               196                 0           6.70571           0.63373
               197              0.08           6.67208          0.631405
               198                 0           6.63838          0.629115
               199              2.88            6.6195          0.626237
               200              5.12             6.612           0.62315
               201              2.88           6.59343          0.620327
               202              1.28           6.56713          0.617813
               203              0.08           6.53517          0.615596
               204              1.28           6.50941          0.613117
               205              0.72           6.48117          0.610776
               206                 2           6.45942          0.608198
               207                 0           6.42821           0.60606
               208              0.08           6.39769          0.603914
               209              1.28           6.37321          0.601521
               210              0.32           6.34438          0.599347
               211              0.32           6.31583          0.597186
               212              0.08           6.28642          0.595093
               213              1.28           6.26291          0.592763
               214              2.88            6.2471          0.590204
               215              3.92           6.23628          0.587558
               216              2.88           6.22074          0.585044
               217              0.72           6.19539          0.582896
               218              2.88           6.18018          0.580421
               219              6.48           6.18155          0.577772
               220              2.88           6.16655          0.575341
               221              2.88           6.15167           0.57293
               222              3.92           6.14162          0.570437
               223                 2           6.12305          0.568181
               224              3.92           6.11321           0.56573
               225              3.92           6.10347            0.5633
               226                 2           6.08531            0.5611
               227              2.88           6.07119          0.558805
               228              5.12           6.06702           0.55637
               229              5.12           6.06288          0.553956
               230                 8            6.0713          0.551611
               231                 8           6.07965          0.549287
               232              5.12           6.07552          0.546935
               233             15.68           6.11674          0.546138
               234             15.68           6.15761          0.545331
               235             23.12           6.22979          0.547767
               236                32           6.33898          0.556223
               237             28.88           6.43409          0.561949
               238             23.12            6.5042          0.563944
               239                18            6.5523          0.563632
               240             15.68           6.59033          0.562566
               241              9.68           6.60315          0.560377
               242              5.12           6.59702          0.558095
               243              0.72           6.57284          0.556322
               244                 0            6.5459          0.554694
               245              0.72           6.52212           0.55294
               246              0.32           6.49691          0.551266
               247              0.72           6.47352           0.54953
               248              0.08           6.44774          0.547919
               249              5.12           6.44241          0.545744
               250                 8           6.44864          0.543597
               251              6.48           6.44876          0.541431
               252              6.48           6.44889          0.539283
               253                 8           6.45502          0.537186
               254              3.92           6.44504          0.535164
               255              3.92           6.43514          0.533157
               256                 2           6.41781          0.531356
               257              0.72           6.39564           0.52975
               258              0.08           6.37116          0.528262
               259              0.32            6.3478          0.526739
               260                 0           6.32338          0.525279
               261              0.08           6.29946          0.523811
               262              0.72           6.27817          0.522244
               263              3.92            6.2692          0.520335
               264              2.88           6.25636          0.518523
               265              2.88           6.24362          0.516722
               266              1.28           6.22496          0.515117
               267              2.88           6.21243           0.51334
               268              5.12           6.20836           0.51144
               269              3.92           6.19985           0.50961
               270              3.92           6.19141          0.507792
               271              3.92           6.18303          0.505988
               272              9.68           6.19588          0.504291
               273              3.92           6.18755          0.502513
               274              5.12           6.18365          0.500694
               275             13.52           6.21033          0.499583
               276             15.68           6.24464           0.49895
               277                18           6.28708           0.49895
               278             28.88           6.36835          0.503731
               279             28.88           6.44903          0.508346
               280                18           6.49029          0.508202
               281              9.68           6.50164           0.50652
               282             11.52           6.51943          0.505036
               283              3.92           6.51025          0.503335
               284              5.12           6.50535          0.501587
               285                 2           6.48954          0.500076
               286              6.48           6.48951          0.498327
               287             11.52           6.50704          0.496899
               288             11.52           6.52444          0.495479
               289              5.12           6.51958          0.493788
               290              3.92           6.51062          0.492167
               291                 2           6.49512          0.490719
               292                 0           6.47288          0.489543
               293                 0           6.45078           0.48837
               294              0.08           6.42912          0.487189
               295              0.32           6.40841          0.485978
               296              0.08           6.38703          0.484806
               297              1.28           6.36983          0.483479
               298                 0           6.34846          0.482329
               299              2.88           6.33686          0.480855
               300              0.08             6.316          0.479704
               301              0.08           6.29528          0.478558
               302                 2           6.28106          0.477184
               303              6.48           6.28172           0.47561
               304              9.68           6.29289          0.474177
               305              5.12           6.28905          0.472638
               306              0.08           6.26876          0.471528
               307              0.72           6.25068          0.470339
               308              5.12           6.24701          0.468826
               309              5.12           6.24337          0.467323
               310              2.88           6.23252          0.465941
               311              5.12           6.22894          0.464457
               312              5.12           6.22538          0.462982
               313             20.48           6.27093          0.463737
               314             20.48           6.31618          0.464463
               315             20.48           6.36114           0.46516
               316             28.88           6.43241          0.469115
               317             28.88           6.50322          0.472949
               318                18           6.53937          0.472842
               319             23.12           6.59135          0.474208
               320             23.12             6.643           0.47553
               321             25.92           6.70305          0.477826
               322                32           6.78161          0.482757
               323             25.92           6.84087          0.484885
               324                18           6.87531           0.48461
               325             11.52            6.8896           0.48333
               326              9.68           6.89816          0.481923
               327                 8           6.90153          0.480461
               328                 2           6.88659          0.479229
               329              1.28           6.86954          0.478075
               330              6.48           6.86836          0.476628
               331              6.48           6.86719          0.475189
               332              2.88           6.85518           0.47391
               333              0.32           6.83556          0.472893
               334              0.72           6.81725          0.471831
               335                 0            6.7969          0.470861
               336                 2           6.78262          0.469676
               337              0.08           6.76273          0.468703
               338                 2           6.74864          0.467529
               339              0.08           6.72897          0.466563
               340              0.08           6.70941            0.4656
               341              0.32           6.69067          0.464612
               342              3.92           6.68257          0.463324
               343                 2           6.66892          0.462174
               344              0.72           6.65163          0.461154
               345              0.72           6.63443          0.460138
               346              0.32           6.61618           0.45917
               347              0.72           6.59919          0.458161
               348              1.28           6.58391          0.457099
               349              6.48           6.58361           0.45579
               350             13.52           6.60343          0.454918
               351                18            6.6359          0.454779
               352                18           6.66818          0.454632
               353             11.52           6.68193          0.453551
               354              6.48           6.68136          0.452271
               355              1.28           6.66614          0.451252
               356              2.88           6.65551           0.45011
               357                 8           6.65927          0.448865
               358                 8           6.66302          0.447627
               359              6.48           6.66251           0.44638
               360              0.32           6.64489          0.445488
               361              0.32           6.62737          0.444598
               362              3.92           6.61989          0.443433
               363             15.68           6.64485          0.442913
               364             28.88           6.70593          0.445889
               365             23.12            6.7509          0.446929
               366             11.52           6.76393          0.445898
               367              0.72           6.74747          0.444987
               368              1.28           6.73261          0.444026
               369              1.28           6.71783          0.443068
               370              2.88           6.70746          0.441992
               371                 8           6.71094          0.440815
               372             11.52           6.72387          0.439819
               373             20.48           6.76075          0.440184
               374             20.48           6.79743          0.440532
               375             25.92           6.84843          0.442299
               376             15.68           6.87191          0.441746
               377              3.92           6.86408          0.440644
               378              9.68           6.87153          0.439541
               379             13.52           6.88908          0.438731
               380                 8             6.892          0.437586
               381              5.12           6.88735          0.436463
               382                 8           6.89026           0.43533
               383             11.52           6.90235          0.434361
               384             15.68           6.92521          0.433831
               385                18           6.95397          0.433657
               386              2.88           6.94342          0.432662
               387              6.48           6.94222          0.431545
               388                18           6.97072          0.431373
               389             13.52           6.98756          0.430592
               390              3.92           6.97969           0.42956
               391              6.48           6.97841          0.428464
               392              3.92           6.97061          0.427442
               393              6.48           6.96936          0.426356
               394              3.92           6.96162          0.425344
               395                 2           6.94906          0.424452
               396              0.32           6.93232          0.423711
               397              1.28           6.91809          0.422882
               398              2.88           6.90794          0.421942
               399              9.68           6.91489          0.420941
               400              5.12            6.9104          0.419913
               401              5.12           6.90594          0.418889
               402              1.28           6.89194          0.418081
               403              0.32           6.87563          0.417362
               404              1.28           6.86178          0.416558
               405                 2           6.84978          0.415703
               406                 2           6.83783           0.41485
               407              0.72            6.8228          0.414103
               408              0.08           6.80627          0.413418
               409                 0           6.78963          0.412742
               410              0.32           6.77385          0.412037
               411              0.72           6.75912          0.411298
               412              0.32            6.7435          0.410596
               413              0.32           6.72794          0.409896
               414              0.72           6.71343          0.409163
               415              0.72           6.69899          0.408432
               416                 0           6.68288          0.407767
               417              0.32           6.66763          0.407075
               418              0.32           6.65244          0.406384
               419              1.28           6.63962          0.405617
               420              0.72           6.62552          0.404896
               421              1.28           6.61283          0.404133
               422              3.92           6.60645          0.403226
               423              6.48           6.60615          0.402273
               424              9.68            6.6134          0.401389
               425              6.48           6.61308          0.400445
               426              1.28           6.60056            0.3997
               427              3.92           6.59429          0.398814
               428              3.92           6.58804          0.397931
               429                 2           6.57734          0.397147
               430              0.72           6.56372          0.396457
               431                 8           6.56705          0.395551
               432              6.48           6.56685          0.394635
               433              0.72           6.55335          0.393955
               434              1.28            6.5412          0.393235
               435              1.28            6.5291          0.392517
               436              2.88           6.52073          0.391705
               437              3.92           6.51478          0.390854
               438              0.72           6.50155          0.390186
               439              2.88            6.4933          0.389384
               440              5.12           6.49018          0.388512
               441              3.92           6.48435          0.387674
               442              5.12           6.48127           0.38681
               443              5.12           6.47819          0.385949
               444              9.68           6.48541          0.385147
               445             23.12           6.52279          0.386091
               446             23.12              6.56          0.387015
               447             15.68            6.5804          0.386686
               448              3.92           6.57446          0.385869
               449              3.92           6.56855          0.385055
               450              5.12           6.56533          0.384212
               451              3.92           6.55947          0.383405
               452              0.08           6.54513          0.382825
               453              0.08           6.53086          0.382246
               454              2.88           6.52282          0.381488
               455              0.08           6.50866          0.380913
               456              2.88            6.5007           0.38016
               457              5.12           6.49768          0.379341
               458                 2           6.48786          0.378639
               459              2.88              6.48          0.377896
               460              0.08           6.46609          0.377331
               461                 2            6.4564          0.376636
               462              0.72           6.44398          0.376026
               463              2.88           6.43629          0.375292
               464                 2           6.42672          0.374605
               465              2.88            6.4191          0.373877
               466              1.28           6.40807          0.373238
               467              0.72           6.39589          0.372637
               468                 0           6.38222          0.372092
               469              0.32            6.3693          0.371523
               470                 2              6.36          0.370848
               471              0.72           6.34803          0.370254
               472                 8           6.35153          0.369486
               473              6.48            6.3518          0.368705
               474                 8           6.35527          0.367944
               475             13.52           6.37036          0.367478
               476             23.12           6.40555          0.368387
               477             11.52           6.41627          0.367771
               478             15.68           6.43565          0.367512
               479              9.68           6.44242          0.366807
               480             11.52             6.453          0.366195
               481              6.48           6.45306          0.365434
               482             11.52           6.46357          0.364827
               483              6.48            6.4636          0.364072
               484             11.52           6.47405          0.363469
               485              9.68           6.48066           0.36278
               486              5.12           6.47786          0.362044
               487              5.12           6.47507          0.361312
               488              2.88            6.4677          0.360646
               489              2.88           6.46037          0.359983
               490              0.72           6.44865          0.359439
               491                 8           6.45181          0.358721
               492             11.52           6.46211           0.35814
               493             15.68           6.48081          0.357901
               494             15.68           6.49943          0.357661
               495             11.52           6.50958          0.357082
               496             13.52           6.52371          0.356642
               497              5.12           6.52089          0.355935
               498                 8           6.52386          0.355233
               499                 8           6.52681          0.354533
               500                 8           6.52976          0.353837
               501              2.88           6.52248          0.353205
               502              1.28           6.51203          0.352656
               503              0.08           6.49924          0.352187
               504              0.32           6.48698          0.351701
               505              0.72           6.47556           0.35119
               506              0.72           6.46419           0.35068
               507              0.72           6.45286          0.350172
               508              0.08           6.44031          0.349707
               509                 2           6.43159          0.349129
               510              3.92           6.42667          0.348479
               511              1.28           6.41659          0.347942
               512              2.88           6.40969          0.347331
               513              0.32           6.39782          0.346857
               514              0.72           6.38677          0.346358
               515              0.72           6.37577           0.34586
               516              0.08           6.36357          0.345405
               517              0.08           6.35141          0.344951
               518              0.08           6.33931          0.344497
               519              1.28           6.32956          0.343972
               520              0.08           6.31754           0.34352
               521              5.12           6.31524          0.342868
               522              0.08            6.3033          0.342419
               523              0.72           6.29262          0.341931
               524              0.72           6.28198          0.341444
               525              0.08           6.27017          0.340998
               526                 0           6.25825          0.340558
               527                 2           6.25017          0.340007
               528              9.68           6.25667          0.339426
               529                 8           6.25996            0.3388
               530              5.12           6.25781          0.338168
               531              6.48           6.25823          0.337531
               532              6.48           6.25865          0.336897
               533                 2           6.25066          0.336359
               534              9.68           6.25708          0.335791
               535                 8           6.26034          0.335179
               536                 8           6.26358          0.334569
               537              2.88           6.25728          0.334006
               538                 8           6.26052            0.3334
               539              2.88           6.25425          0.332841
               540              2.88             6.248          0.332283
               541             13.52           6.26144          0.331941
               542              6.48           6.26185          0.331329
               543              1.28           6.25267          0.330845
               544                 8           6.25588          0.330253
               545              6.48           6.25629          0.329647
               546             15.68           6.27355          0.329495
               547             11.52           6.28314          0.329032
               548             13.52           6.29635          0.328697
               549              0.72           6.28619          0.328255
               550              1.28           6.27709          0.327784
               551              1.28           6.26802          0.327315
               552              0.72           6.25797          0.326876
               553                 0           6.24665          0.326481
               554              1.28           6.23769          0.326014
               555              0.08           6.22659          0.325616
               556              0.08           6.21554          0.325218
               557              0.32           6.20496          0.324806
               558              0.32           6.19441          0.324395
               559              0.08           6.18347          0.323999
               560                 2             6.176          0.323507
               561              5.12           6.17412          0.322936
               562              3.92           6.17011          0.322386
               563              3.92           6.16611          0.321838
               564              1.28           6.15745          0.321384
               565                 2           6.15009          0.320899
               566              1.28           6.14148          0.320448
               567              0.72           6.13192          0.320025
               568              0.08           6.12127          0.319639
               569                 2           6.11402          0.319159
               570              2.88           6.10835           0.31865
               571                 8           6.11166          0.318109
               572              3.92           6.10783          0.317576
               573              0.72           6.09843          0.317161
               574              0.72           6.08906          0.316747
               575              0.08           6.07861          0.316368
               576              0.08           6.06819           0.31599
               577              1.28            6.0599          0.315552
               578              2.88           6.05439          0.315054
               579              6.48           6.05513           0.31451
               580              9.68           6.06138           0.31403
               581                18           6.08193          0.314161
               582             25.92           6.11601          0.315465
               583             28.88           6.15506          0.317331
               584             25.92            6.1889          0.318588
               585             20.48           6.21333          0.318978
               586             13.52            6.2258          0.318678
               587             20.48           6.25009          0.319059
               588             25.92           6.28354          0.320265
               589             11.52           6.29243          0.319844
               590             15.68           6.30834          0.319698
               591             28.88           6.34653           0.32143
               592                32           6.38986          0.323795
               593             38.72           6.44438          0.327807
               594             23.12           6.47246          0.328455
               595             23.12           6.50044          0.329092
               596             35.28           6.54872          0.332064
               597             25.92           6.58117          0.333089
               598                32           6.62368          0.335233
               599             35.28           6.67152           0.33807
               600                32           6.71373          0.340132
               601                32           6.75581          0.342158
               602             25.92           6.78764          0.343068
               603             23.12           6.81473          0.343566
               604             11.52           6.82252          0.343086
               605             11.52           6.83028          0.342607
               606             13.52           6.84132          0.342219
               607             25.92           6.87275          0.343096
               608             25.92           6.90408          0.343959
               609             25.92            6.9353          0.344808
               610             25.92           6.96643          0.345645
               611             13.52           6.97715          0.345245
               612             23.12           7.00353          0.345687
               613                 8           7.00515          0.345127
               614             11.52           7.01251          0.344643
               615             25.92           7.04325          0.345452
               616             25.92            7.0739          0.346247
               617             28.88           7.10924          0.347485
               618                18           7.12686          0.347369
               619              9.68           7.13099          0.346833
               620              6.48           7.12994          0.346275
               621             13.52           7.14023           0.34587
               622             15.68           7.15395          0.345587
               623              6.48           7.15287          0.345033
               624             15.68           7.16654          0.344751
               625             15.68           7.18016          0.344468
               626                18           7.19744          0.344352
               627             20.48           7.21863          0.344453
               628                 8           7.21987          0.343907
               629              3.92           7.21463            0.3434
               630              2.88           7.20775          0.342924
               631              0.32           7.19683          0.342554
               632              5.12           7.19354          0.342028
               633             13.52           7.20354          0.341634
               634             23.12           7.22864          0.342016
               635             23.12           7.25367          0.342392
               636              9.68           7.25748          0.341875
               637             13.52           7.26732          0.341479
               638              2.88           7.26044          0.341013
               639              6.48           7.25922          0.340482
               640                 8           7.26038          0.339952
               641             11.52           7.26702          0.339486
               642             15.68           7.28012          0.339211
               643             25.92           7.30911          0.339919
               644             23.12           7.33366          0.340277
               645             13.52           7.34326          0.339885
               646             15.68           7.35616          0.339603
               647             13.52           7.36569          0.339212
               648              3.92           7.36037           0.33873
               649              6.48           7.35901          0.338211
               650              5.12           7.35557          0.337708
               651                 8           7.35656          0.337191
               652                 2           7.34834          0.336774
               653              0.08           7.33721          0.336442
               654              0.08           7.32612          0.336111
               655              0.72           7.31603          0.335749
               656              2.88           7.30927          0.335305
               657              1.28           7.30009           0.33492
               658                 0             7.289          0.334595
               659              0.32           7.27842          0.334254
               660              0.32           7.26788          0.333914
               661              0.08             7.257          0.333586
               662              0.72           7.24713          0.333228
               663              0.72           7.23729          0.332871
               664              3.92           7.23229          0.332407
               665             11.52           7.23874           0.33197
               666             13.52           7.24817          0.331605
               667              9.68           7.25181          0.331128
               668                 8           7.25293          0.330634
               669                 8           7.25405          0.330142
               670              5.12           7.25087          0.329665
               671              6.48           7.24972          0.329175
               672              6.48           7.24857          0.328687
               673              5.12           7.24541          0.328214
               674                 2           7.23763           0.32782
               675              0.72           7.22797          0.327476
               676              0.32           7.21775          0.327151
               677              0.32           7.20756          0.326826
               678              2.88           7.20118          0.326407
               679              2.88           7.19482          0.325988
               680              0.72           7.18529          0.325648
               681                 0           7.17474           0.32534
               682                 0           7.16422          0.325033
               683                 2           7.15666          0.324645
               684                 2           7.14912          0.324258
               685              9.68           7.15282          0.323806
               686                 8           7.15405          0.323336
               687              0.72           7.14469          0.323001
               688                 2           7.13721          0.322618
               689              1.28           7.12871          0.322262
               690              1.28           7.12023          0.321906
               691              9.68           7.12394          0.321462
               692              5.12           7.12104           0.32101
               693              0.08           7.11088          0.320708
               694              0.08           7.10075          0.320406
               695              1.28           7.09237          0.320054
               696              0.08            7.0823          0.319753
               697              0.08           7.07225          0.319452
               698                 2           7.06499          0.319077
               699              2.88             7.059          0.318677
               700              6.48           7.05817          0.318222
               701                 2           7.05096           0.31785
               702              2.88           7.04501          0.317453
               703              6.48           7.04421          0.317003
               704              6.48           7.04341          0.316553
               705              2.88            7.0375          0.316159
               706              9.68           7.04125          0.315734
               707             11.52           7.04758          0.315351
               708                 8           7.04893          0.314908
               709                 8           7.05027          0.314467
               710                 8           7.05161          0.314027
               711             15.68           7.06374          0.313819
               712             13.52           7.07281           0.31351
               713             23.12           7.09532          0.313877
               714             25.92           7.12168          0.314543
               715             23.12           7.14406          0.314897
               716             20.48           7.16268          0.315008
               717             13.52           7.17155          0.314693
               718             11.52            7.1776          0.314313
               719              9.68           7.18108          0.313896
               720              9.68           7.18456          0.313479
               721             11.52           7.19057          0.313102
               722              6.48           7.18958           0.31267
               723             15.68           7.20133          0.312457
               724             15.68           7.21304          0.312245
               725             23.12           7.23498          0.312585
               726             11.52           7.24088           0.31221
               727              6.48           7.23983          0.311782
               728             23.12           7.26165          0.312116
               729             20.48           7.27978          0.312214
               730              9.68           7.28307          0.311804
               731             11.52           7.28886          0.311431
               732                 8           7.28984          0.311007
               733             11.52           7.29561          0.310636
               734              3.92           7.29101          0.310247
               735              0.08            7.2812           0.30998
               736                 0            7.2713          0.309717
               737              0.32           7.26187           0.30944
               738              0.08           7.25214          0.309174
               739              0.32           7.24276          0.308898
               740              0.32           7.23341          0.308622
               741              1.28           7.22537           0.30831
               742              2.88           7.21951           0.30795
               743              0.32           7.21023          0.307675
               744              2.88           7.20441          0.307317
               745              0.32           7.19517          0.307043
               746              2.88           7.18938          0.306686
               747              5.12           7.18661          0.306288
               748              3.92           7.18225           0.30591
               749                 2           7.17533           0.30558
               750              3.92           7.17099          0.305203
               751             11.52           7.17678          0.304852
               752              6.48           7.17585          0.304448
               753              9.68           7.17918          0.304061
               754             11.52           7.18493          0.303713
               755              6.48             7.184          0.303312
               756             11.52           7.18974          0.302965
               757              9.68           7.19303          0.302583
               758             13.52           7.20137          0.302298
               759             20.48           7.21887          0.302406
               760             20.48           7.23632          0.302511
               761                18           7.25046          0.302444
               762             15.68           7.26152          0.302249
               763                32           7.29394          0.303587
               764             28.88            7.3222          0.304502
               765                32           7.35446          0.305808
               766                32           7.38663          0.307096
               767                32           7.41872          0.308368
               768             35.28             7.455          0.310093
               769             38.72           7.49566          0.312344
               770             38.72           7.53621           0.31456
               771             35.28           7.57219          0.316203
               772             20.48           7.58891          0.316235
               773             15.68           7.59938          0.315999
               774             13.52           7.60703          0.315684
               775             23.12           7.62705           0.31591
               776             25.92           7.65062          0.316381
               777                18           7.66394          0.316255
               778             23.12            7.6838          0.316471
               779                18           7.69705          0.316342
               780                18           7.71026          0.316212
               781             13.52            7.7177          0.315895
               782              5.12           7.71437          0.315508
               783             11.52           7.71923          0.315143
               784             11.52           7.72408          0.314778
               785              9.68           7.72657          0.314387
               786              1.28           7.71837          0.314094
               787              1.28           7.71019          0.313801
               788              5.12            7.7069           0.31342
               789                 8           7.70728          0.313023
               790              3.92           7.70248          0.312664
               791              5.12           7.69922          0.312286
               792              0.32            7.6899           0.31203
               793              3.92           7.68515          0.311673
               794              0.72           7.67637          0.311404
               795              0.08           7.66682          0.311159
               796                 2            7.6597          0.310849
               797              1.28           7.65169          0.310562
               798              0.72           7.64301          0.310295
               799                 0           7.63344          0.310054
               800              0.08             7.624           0.30981
               801                 0           7.61448          0.309569
               802                 0           7.60499          0.309329
               803              0.72           7.59641          0.309062
               804                 0           7.58697          0.308822
               805              0.32           7.57794          0.308571
               806              0.32           7.56893          0.308319
               807              0.08           7.55965          0.308077
               808              0.08            7.5504          0.307834
               809                 2           7.54354           0.30753
               810              0.32           7.53462           0.30728
               811              3.92           7.53016          0.306933
               812              9.68           7.53281          0.306567
               813             13.52           7.54017          0.306278
               814                18           7.55302          0.306171
               815             13.52           7.56034          0.305883
               816             11.52            7.5652          0.305547
               817              3.92           7.56073          0.305205
               818              9.68           7.56333          0.304843
               819                 8           7.56386          0.304472
               820              5.12           7.56088          0.304115
               821              2.88           7.55518          0.303798
               822                 0           7.54599          0.303567
               823              0.72           7.53769          0.303312
               824              2.88           7.53204          0.302996
               825              3.92           7.52766          0.302661
               826              3.92           7.52329          0.302326
               827              6.48           7.52203          0.301963
               828              2.88           7.51643           0.30165
               829              5.12           7.51353            0.3013
               830             11.52           7.51836          0.300976
               831                 8           7.51894          0.300614
               832              1.28           7.51144          0.300346
               833              2.88           7.50588          0.300037
               834              0.72           7.49775          0.299788
               835              0.32           7.48915          0.299552
               836              6.48           7.48794          0.299196
               837                 8           7.48855          0.298839
               838              2.88           7.48305          0.298533
               839              1.28           7.47566          0.298269
               840              0.08           7.46686          0.298044
               841              0.08           7.45807          0.297819
               842              6.48           7.45691          0.297467
               843                 2           7.45044          0.297185
               844                 2           7.44398          0.296903
               845              0.72           7.43602          0.296658
               846              0.32           7.42761          0.296427
               847              0.72           7.41969          0.296183
               848              0.08           7.41104           0.29596
               849                 0           7.40231           0.29574
               850              0.72           7.39445          0.295496
               851              1.28           7.38726          0.295236
               852              1.28           7.38009          0.294977
               853              0.72           7.37229          0.294734
               854                 2             7.366          0.294456
               855              1.28           7.35888          0.294198
               856                 8           7.35963          0.293855
               857             11.52           7.36448          0.293553
               858                 8           7.36522          0.293211
               859             11.52           7.37006           0.29291
               860                 2           7.36381          0.292636
               861              2.88           7.35861          0.292342
               862              2.88           7.35341          0.292049
               863              0.72           7.34572          0.291812
               864              2.88           7.34056           0.29152
               865              1.28           7.33355          0.291267
               866              0.08           7.32517          0.291051
               867              0.08           7.31682          0.290836
               868              0.08           7.30848           0.29062
               869                 0           7.30007          0.290407
               870              5.12           7.29756          0.290084
               871             15.68           7.30719          0.289911
               872                 8           7.30798          0.289579
               873              2.88           7.30291          0.289292
               874              6.48           7.30197          0.288963
               875              5.12           7.29947          0.288643
               876              2.88           7.29443          0.288358
               877              6.48            7.2935           0.28803
               878              1.28           7.28665          0.287784
               879                 2           7.28064          0.287519
               880                 2           7.27464          0.287255
               881              0.08           7.26647          0.287045
               882              0.32           7.25859          0.286828
               883              0.08           7.25046          0.286618
               884                 2           7.24452          0.286355
               885              1.28           7.23779          0.286111
               886              0.08           7.22971          0.285902
               887              0.32           7.22192          0.285686
               888              2.88           7.21703          0.285406
               889              0.72           7.20972          0.285179
               890              0.08           7.20171          0.284971
               891              0.72           7.19443          0.284744
               892              3.92           7.19076          0.284448
               893              5.12           7.18844          0.284139
               894                 2           7.18264          0.283881
               895                 0           7.17461          0.283677
               896              0.32           7.16696          0.283463
               897              0.72           7.15978          0.283238
               898                 2           7.15403          0.282981
               899              9.68           7.15684           0.28268
               900              5.12           7.15458          0.282375
               901                 8           7.15552          0.282064
               902              5.12           7.15326           0.28176
               903              3.92           7.14968          0.281471
               904                18           7.16168          0.281415
               905             15.68           7.17109          0.281261
               906              6.48           7.17033          0.280952
               907              5.12           7.16807          0.280651
               908                 2           7.16238            0.2804
               909              0.08           7.15459            0.2802
               910                 0           7.14673          0.280002
               911              0.72           7.13967          0.279784
               912              1.28           7.13325          0.279551
               913              2.88           7.12859          0.279283
               914              3.92           7.12508             0.279
               915              2.88           7.12044          0.278733
               916                 8            7.1214          0.278431
               917             13.52           7.12838          0.278215
               918             13.52           7.13534          0.277999
               919              9.68           7.13811           0.27771
               920              9.68           7.14087          0.277422
               921              3.92           7.13737          0.277143
               922              5.12           7.13518          0.276851
               923              5.12             7.133          0.276559
               924              3.92           7.12952          0.276282
               925              2.88           7.12493          0.276021
               926              0.72           7.11801           0.27581
               927              2.88           7.11344           0.27555
               928              0.72           7.10655          0.275339
               929              3.92           7.10312          0.275064
               930                 2           7.09763          0.274823
               931              0.72           7.09078          0.274614
               932                 0           7.08318          0.274424
               933              0.32           7.07593          0.274226
               934              0.08           7.06844          0.274035
               935                 0           7.06088          0.273846
               936              0.08           7.05342          0.273655
               937              0.08           7.04598          0.273464
               938              0.08           7.03855          0.273273
               939              0.32            7.0314          0.273076
               940              0.08             7.024          0.272885
               941              1.28            7.0179          0.272664
               942              1.28            7.0118          0.272442
               943              5.12            7.0098          0.272161
               944                 8           7.01085          0.271874
               945              1.28           7.00478          0.271654
               946              0.08           6.99746          0.271466
               947              0.72           6.99083           0.27126
               948                 0           6.98346          0.271074
               949              2.88           6.97914          0.270823
               950              0.32           6.97213          0.270629
               951              3.92           6.96892          0.270363
               952              2.88           6.96462          0.270113
               953              5.12           6.96269          0.269837
               954             11.52           6.96746          0.269596
               955              9.68            6.9703          0.269329
               956              5.12           6.96837          0.269054
               957              3.92           6.96518          0.268792
               958              9.68           6.96802          0.268526
               959                 8           6.96909          0.268248
               960                 2           6.96392          0.268019
               961              1.28             6.958          0.267805
               962              3.92           6.95484          0.267545
               963              6.48           6.95435          0.267268
               964              2.88           6.95012          0.267024
               965              0.32           6.94325          0.266836
               966              0.08           6.93615          0.266654
               967              0.72           6.92972          0.266456
               968              0.08           6.92264          0.266274
               969              0.72           6.91624          0.266077
               970              2.88           6.91208          0.265835
               971                 2           6.90702          0.265609
               972              3.92           6.90395          0.265354
               973              3.92           6.90088          0.265099
               974              3.92           6.89782          0.264844
               975              1.28           6.89206          0.264635
               976                 2           6.88705          0.264412
               977              3.92           6.88401          0.264158
               978              0.72           6.87771          0.263963
               979              2.88           6.87363          0.263725
               980              0.08           6.86669          0.263547
               981              0.32           6.86002          0.263363
               982              0.08           6.85312          0.263186
               983              6.48           6.85274          0.262918
               984              3.92           6.84976          0.262668
               985              3.92           6.84678          0.262418
               986              0.32           6.84016          0.262235
               987              1.28           6.83453           0.26203
               988              0.08           6.82769          0.261854
               989              0.72           6.82152          0.261662
               990              3.92           6.81859          0.261414
               991              0.32           6.81203          0.261233
               992              0.72           6.80589          0.261041
               993                 2           6.80105          0.260823
               994              5.12           6.79936          0.260567
               995              5.12           6.79767           0.26031
               996              3.92           6.79478          0.260065
               997              1.28           6.78925          0.259863
               998              1.28           6.78373          0.259661
               999              0.08           6.77702          0.259488
              1000              3.92           6.77416          0.259244
