#     BLOCK:   ACTUAL_TE:    TE_AVE:      ERROR:
                 1              -0.6              -0.6                 0
                 2              -0.6              -0.6                 0
                 3             -0.68         -0.626667         0.0217732
                 4             -0.84             -0.68         0.0489898
                 5             -0.84            -0.712         0.0485304
                 6             -0.68         -0.706667          0.040734
                 7             -0.76         -0.714286         0.0356203
                 8             -0.92             -0.74           0.03937
                 9             -0.92             -0.76         0.0397523
                10             -0.92            -0.776         0.0388639
                11             -0.84         -0.781818         0.0357636
                12             -0.76             -0.78         0.0328295
                13             -0.68         -0.772308         0.0311924
                14             -0.76         -0.771429         0.0289767
                15             -0.76         -0.770667          0.027055
                16             -0.76             -0.77         0.0253722
                17             -0.84         -0.774118         0.0242116
                18             -0.84         -0.777778         0.0231415
                19             -0.84         -0.781053          0.022154
                20             -0.84            -0.784         0.0212415
                21             -0.68         -0.779048         0.0207993
                22             -0.68         -0.774545         0.0203353
                23             -0.68         -0.770435         0.0198623
                24              -0.6         -0.763333         0.0202645
                25             -0.76           -0.7632         0.0194543
                26             -0.76         -0.763077         0.0187065
                27             -0.68             -0.76         0.0182649
                28             -0.76             -0.76         0.0176126
                29             -0.76             -0.76         0.0170053
                30             -0.76             -0.76         0.0164384
                31              -0.6         -0.754839         0.0166988
                32             -0.68           -0.7525         0.0163399
                33             -0.68         -0.750303         0.0159918
                34             -0.76         -0.750588          0.015524
                35             -0.68         -0.748571         0.0152109
                36             -0.68         -0.746667         0.0149071
                37             -0.68         -0.744865         0.0146127
                38             -0.68         -0.743158         0.0143275
                39             -0.76          -0.74359         0.0139667
                40             -0.84            -0.746         0.0138239
                41             -0.76         -0.746341         0.0134909
                42              -0.6         -0.742857         0.0136122
                43             -0.68         -0.741395         0.0133739
                44             -0.76         -0.741818         0.0130767
                45             -0.84            -0.744         0.0129668
                46             -0.76         -0.744348         0.0126896
                47             -0.84         -0.746383         0.0125817
                48             -0.76         -0.746667         0.0123228
                49             -0.76         -0.746939         0.0120743
                50             -0.68           -0.7456         0.0119068
                51             -0.68         -0.744314         0.0117426
                52             -0.76         -0.744615         0.0115207
                53             -0.76         -0.744906          0.011307
                54             -0.76         -0.745185          0.011101
                55             -0.84         -0.746909         0.0110323
                56             -0.84         -0.748571         0.0109598
                57             -0.92         -0.751579         0.0111725
                58             -0.92         -0.754483          0.011351
                59             -0.84         -0.755932         0.0112508
                60             -0.92         -0.758667         0.0113907
                61             -0.84             -0.76         0.0112817
                62             -0.84          -0.76129         0.0111733
                63             -0.76          -0.76127          0.010996
                64             -0.76          -0.76125         0.0108242
                65             -0.84         -0.762462         0.0107253
                66             -0.84         -0.763636         0.0106269
                67             -0.92          -0.76597         0.0107215
                68             -0.92         -0.768235         0.0108004
                69             -0.84         -0.769275         0.0106939
                70             -0.84         -0.770286         0.0105887
                71             -0.76         -0.770141         0.0104406
                72             -0.76             -0.77         0.0102965
                73             -0.76         -0.769863         0.0101564
                74             -0.84         -0.770811         0.0100633
                75             -0.84         -0.771733        0.00997129
                76             -0.84         -0.772632        0.00988046
                77             -0.84         -0.773506        0.00979081
                78             -0.84         -0.774359        0.00970232
                79             -0.76         -0.774177        0.00958121
                80             -0.76            -0.774        0.00946309
                81             -0.84         -0.774815        0.00938127
                82             -0.76         -0.774634        0.00926861
                83             -0.76         -0.774458        0.00915861
                84             -0.76         -0.774286         0.0090512
                85              -0.6         -0.772235        0.00917402
                86             -0.52         -0.769302        0.00952466
                87             -0.76         -0.769195        0.00941578
                88             -0.76         -0.769091        0.00930936
                89             -0.84         -0.769888        0.00923879
                90             -0.76         -0.769778        0.00913679
                91             -0.84         -0.770549        0.00906891
                92             -0.68         -0.769565        0.00902359
                93             -0.76         -0.769462        0.00892715
                94             -0.76         -0.769362        0.00883275
                95             -0.84         -0.770105        0.00877101
                96             -0.76             -0.77        0.00868028
                97             -0.76         -0.769897         0.0085914
                98             -0.76         -0.769796        0.00850433
                99             -0.84         -0.770505        0.00844794
               100             -0.84           -0.7712          0.008392
               101             -0.92         -0.772673        0.00843724
               102             -0.84         -0.773333         0.0083803
               103             -0.76         -0.773204        0.00829994
               104             -0.84         -0.773846        0.00824494
               105             -0.84         -0.774476        0.00819046
               106             -0.92         -0.775849        0.00822744
               107             -0.92         -0.777196        0.00826011
               108             -0.92         -0.778519        0.00828879
               109             -0.92         -0.779817        0.00831375
               110             -0.92         -0.781091        0.00833527
               111             -0.92         -0.782342         0.0083536
               112             -0.92         -0.783571        0.00836894
               113             -0.92         -0.784779        0.00838151
               114             -0.84         -0.785263        0.00832198
               115             -0.84         -0.785739        0.00826321
               116             -0.84         -0.786207        0.00820521
               117             -0.84         -0.786667        0.00814795
               118             -0.76         -0.786441        0.00808203
               119             -0.68         -0.785546        0.00806346
               120             -0.76         -0.785333        0.00799907
               121             -0.84         -0.785785        0.00794571
               122             -0.84          -0.78623          0.007893
               123             -0.76         -0.786016        0.00783171
               124             -0.84         -0.786452        0.00778064
               125             -0.84          -0.78688        0.00773018
               126             -0.84         -0.787302        0.00768032
               127             -0.76         -0.787087        0.00762285
               128             -0.76         -0.786875        0.00756624
               129             -0.76         -0.786667        0.00751045
               130             -0.76         -0.786462        0.00745548
               131             -0.76          -0.78626         0.0074013
               132              -0.6         -0.784848        0.00747853
               133             -0.84         -0.785263        0.00743379
               134             -0.68         -0.784478         0.0074197
               135             -0.76         -0.784296        0.00736696
               136             -0.76         -0.784118        0.00731495
               137             -0.76         -0.783942        0.00726368
               138             -0.76         -0.783768        0.00721311
               139              -0.6         -0.782446        0.00728137
               140              -0.6         -0.781143        0.00734506
               141             -0.52         -0.779291        0.00752284
               142              -0.6         -0.778028        0.00757508
               143              -0.6         -0.776783        0.00762373
               144              -0.6         -0.775556        0.00766899
               145             -0.68         -0.774897        0.00764436
               146             -0.76         -0.774795        0.00759269
               147             -0.76         -0.774694         0.0075417
               148             -0.76         -0.774595         0.0074914
               149             -0.68          -0.77396        0.00746797
               150             -0.68         -0.773333        0.00744441
               151             -0.76         -0.773245        0.00739563
               152             -0.76         -0.773158        0.00734749
               153             -0.84         -0.773595        0.00731245
               154             -0.84         -0.774026        0.00727766
               155             -0.76         -0.773935        0.00723127
               156             -0.76         -0.773846        0.00718547
               157              -0.6         -0.772739        0.00722452
               158              -0.6         -0.771646        0.00726105
               159             -0.76         -0.771572        0.00721575
               160             -0.76           -0.7715        0.00717101
               161             -0.76         -0.771429        0.00712683
               162              -0.6          -0.77037        0.00716097
               163              -0.6         -0.769325        0.00719291
               164             -0.76         -0.769268        0.00714928
               165             -0.76         -0.769212        0.00710617
               166             -0.84         -0.769639        0.00707614
               167             -0.84          -0.77006         0.0070463
               168             -0.84         -0.770476        0.00701665
               169             -0.68         -0.769941        0.00699552
               170             -0.76         -0.769882        0.00695462
               171             -0.84         -0.770292        0.00692602
               172             -0.84         -0.770698         0.0068976
               173             -0.84         -0.771098        0.00686936
               174             -0.84         -0.771494        0.00684128
               175             -0.84         -0.771886        0.00681338
               176             -0.68         -0.771364        0.00679464
               177             -0.68         -0.770847        0.00677583
               178             -0.76         -0.770787        0.00673804
               179             -0.84         -0.771173        0.00671148
               180             -0.84         -0.771556        0.00668508
               181             -0.76         -0.771492        0.00664845
               182             -0.68         -0.770989         0.0066309
               183             -0.76         -0.770929        0.00659493
               184             -0.76          -0.77087        0.00655936
               185             -0.76         -0.770811        0.00652417
               186             -0.68         -0.770323        0.00650733
               187             -0.76         -0.770267        0.00647277
               188             -0.76         -0.770213        0.00643857
               189             -0.76         -0.770159        0.00640473
               190             -0.76         -0.770105        0.00637124
               191             -0.76         -0.770052        0.00633811
               192              -0.6         -0.769167        0.00636668
               193             -0.76         -0.769119        0.00633387
               194             -0.76         -0.769072        0.00630139
               195             -0.68         -0.768615        0.00628561
               196             -0.76         -0.768571         0.0062537
               197             -0.68         -0.768122        0.00623809
               198             -0.76         -0.768081        0.00620672
               199             -0.76          -0.76804        0.00617566
               200             -0.76            -0.768        0.00614492
               201             -0.76          -0.76796        0.00611447
               202             -0.68         -0.767525        0.00609969
               203             -0.84         -0.767882        0.00608008
               204             -0.76         -0.767843         0.0060504
               205             -0.68         -0.767415        0.00603604
               206             -0.84         -0.767767        0.00601701
               207             -0.84         -0.768116        0.00599806
               208             -0.68         -0.767692        0.00598416
               209             -0.68         -0.767273        0.00597022
               210             -0.68         -0.766857        0.00595624
               211             -0.76         -0.766825         0.0059281
               212             -0.76         -0.766792        0.00590022
               213             -0.76         -0.766761        0.00587261
               214             -0.76         -0.766729        0.00584525
               215             -0.84          -0.76707        0.00582799
               216             -0.84         -0.767407        0.00581078
               217             -0.68         -0.767005        0.00579795
               218             -0.84         -0.767339        0.00578101
               219             -0.84         -0.767671        0.00576413
               220             -0.76         -0.767636        0.00573803
               221             -0.84         -0.767964         0.0057214
               222             -0.84         -0.768288        0.00570483
               223             -0.76         -0.768251        0.00567936
               224             -0.68         -0.767857        0.00566766
               225             -0.44           -0.7664        0.00582677
               226              -0.6         -0.765664        0.00584733
               227             -0.68         -0.765286        0.00583373
               228             -0.84         -0.765614        0.00581734
               229             -0.76          -0.76559        0.00579199
               230             -0.76         -0.765565        0.00576686
               231             -0.76         -0.765541        0.00574194
               232             -0.76         -0.765517        0.00571724
               233             -0.76         -0.765494        0.00569275
               234             -0.76          -0.76547        0.00566847
               235             -0.76         -0.765447         0.0056444
               236             -0.84         -0.765763        0.00562932
               237             -0.76         -0.765738        0.00560562
               238             -0.84          -0.76605        0.00559074
               239             -0.76         -0.766025        0.00556741
               240             -0.76            -0.766        0.00554427
               241             -0.68         -0.765643        0.00553273
               242             -0.68         -0.765289        0.00552118
               243             -0.68         -0.764938         0.0055096
               244             -0.68          -0.76459        0.00549801
               245             -0.68         -0.764245         0.0054864
               246             -0.68         -0.763902        0.00547477
               247              -0.6         -0.763239        0.00549267
               248             -0.68         -0.762903        0.00548077
               249             -0.84         -0.763213         0.0054675
               250             -0.76           -0.7632        0.00544564
               251             -0.84         -0.763506        0.00543254
               252             -0.84          -0.76381        0.00541945
               253             -0.84         -0.764111        0.00540639
               254             -0.84         -0.764409        0.00539336
               255             -0.84         -0.764706        0.00538035
               256             -0.84            -0.765        0.00536736
               257             -0.84         -0.765292        0.00535441
               258              -0.6         -0.764651        0.00537184
               259              -0.6         -0.764015        0.00538859
               260             -0.76            -0.764        0.00536789
               261             -0.76         -0.763985        0.00534734
               262             -0.76         -0.763969        0.00532695
               263             -0.84         -0.764259        0.00531454
               264             -0.76         -0.764242        0.00529443
               265             -0.68         -0.763925        0.00528399
               266             -0.76          -0.76391        0.00526414
               267             -0.84         -0.764195        0.00525214
               268             -0.84         -0.764478        0.00524015
               269             -0.68         -0.764164        0.00523007
               270             -0.68         -0.763852        0.00521998
               271             -0.76         -0.763838        0.00520074
               272             -0.84         -0.764118        0.00518915
               273             -0.76         -0.764103        0.00517016
               274             -0.84          -0.76438        0.00515871
               275             -0.84         -0.764655        0.00514728
               276             -0.84         -0.764928        0.00513586
               277             -0.76          -0.76491        0.00511735
               278             -0.84          -0.76518        0.00510607
               279             -0.84         -0.765448         0.0050948
               280             -0.76         -0.765429        0.00507664
               281             -0.76         -0.765409        0.00505861
               282             -0.76          -0.76539        0.00504071
               283             -0.76         -0.765371        0.00502294
               284             -0.76         -0.765352        0.00500528
               285             -0.68         -0.765053        0.00499667
               286             -0.76         -0.765035        0.00497923
               287             -0.76         -0.765017        0.00496192
               288             -0.84         -0.765278        0.00495151
               289             -0.92         -0.765813        0.00496324
               290             -0.76         -0.765793        0.00494616
               291             -0.76         -0.765773        0.00492921
               292             -0.76         -0.765753        0.00491237
               293             -0.84         -0.766007        0.00490213
               294             -0.76         -0.765986         0.0048855
               295             -0.68         -0.765695        0.00487763
               296             -0.76         -0.765676        0.00486119
               297             -0.76         -0.765657        0.00484486
               298             -0.76         -0.765638        0.00482864
               299             -0.84         -0.765886        0.00481889
               300             -0.84         -0.766133        0.00480915
               301             -0.76         -0.766113        0.00479322
               302             -0.76         -0.766093        0.00477739
               303              -0.6         -0.765545        0.00479297
               304             -0.68         -0.765263        0.00478545
               305              -0.6         -0.764721        0.00480034
               306              -0.6         -0.764183        0.00481474
               307             -0.76         -0.764169        0.00479908
               308             -0.68         -0.763896        0.00479127
               309             -0.68         -0.763625        0.00478345
               310              -0.6         -0.763097        0.00479705
               311             -0.52         -0.762315         0.0048449
               312              -0.6         -0.761795        0.00485722
               313             -0.76         -0.761789         0.0048417
               314             -0.76         -0.761783        0.00482629
               315             -0.76         -0.761778        0.00481097
               316             -0.76         -0.761772        0.00479575
               317             -0.84         -0.762019        0.00478696
               318             -0.84         -0.762264        0.00477819
               319             -0.84         -0.762508        0.00476942
               320             -0.92            -0.763        0.00477984
               321             -0.92         -0.763489        0.00478991
               322             -0.92         -0.763975        0.00479963
               323             -0.84         -0.764211        0.00479054
               324             -0.84         -0.764444        0.00478146
               325             -0.76         -0.764431        0.00476677
               326             -0.92         -0.764908        0.00477597
               327             -0.92         -0.765382        0.00478486
               328             -0.84          -0.76561        0.00477568
               329             -0.76         -0.765593        0.00476119
               330             -0.76         -0.765576        0.00474679
               331             -0.92         -0.766042        0.00475532
               332             -0.76         -0.766024        0.00474104
               333             -0.76         -0.766006        0.00472683
               334             -0.76         -0.765988        0.00471272
               335             -0.68         -0.765731        0.00470563
               336             -0.68         -0.765476        0.00469854
               337              -0.6         -0.764985        0.00471019
               338              -0.6         -0.764497        0.00472147
               339             -0.52         -0.763776        0.00476231
               340             -0.68         -0.763529        0.00475468
               341             -0.68         -0.763284        0.00474704
               342             -0.76         -0.763275        0.00473317
               343             -0.84         -0.763499        0.00472465
               344             -0.84         -0.763721        0.00471615
               345             -0.76          -0.76371        0.00470249
               346             -0.84         -0.763931        0.00469407
               347             -0.84          -0.76415        0.00468566
               348             -0.84         -0.764368        0.00467726
               349             -0.84         -0.764585        0.00466887
               350             -0.84           -0.7648         0.0046605
               351             -0.76         -0.764786        0.00464725
               352             -0.84            -0.765        0.00463895
               353             -0.76         -0.764986        0.00462583
               354             -0.84         -0.765198        0.00461762
               355             -0.76         -0.765183        0.00460463
               356             -0.84         -0.765393        0.00459649
               357             -0.76         -0.765378        0.00458364
               358             -0.84         -0.765587        0.00457557
               359             -0.76         -0.765571        0.00456286
               360             -0.76         -0.765556        0.00455021
               361             -0.84         -0.765762        0.00454227
               362             -0.76         -0.765746        0.00452975
               363             -0.76          -0.76573         0.0045173
               364             -0.84         -0.765934         0.0045095
               365             -0.76         -0.765918        0.00449717
               366             -0.68         -0.765683        0.00449101
               367             -0.68          -0.76545        0.00448484
               368             -0.68         -0.765217        0.00447866
               369             -0.76         -0.765203        0.00446654
               370             -0.76         -0.765189        0.00445449
               371             -0.84         -0.765391        0.00444705
               372             -0.84         -0.765591        0.00443961
               373             -0.84         -0.765791        0.00443219
               374             -0.84         -0.765989        0.00442478
               375             -0.84         -0.766187        0.00441738
               376             -0.84         -0.766383        0.00440999
               377             -0.84         -0.766578        0.00440261
               378             -0.76         -0.766561          0.004391
               379             -0.84         -0.766755        0.00438369
               380             -0.84         -0.766947        0.00437639
               381             -0.84         -0.767139         0.0043691
               382             -0.84          -0.76733        0.00436182
               383             -0.84          -0.76752        0.00435456
               384             -0.76           -0.7675        0.00434326
               385             -0.76         -0.767481        0.00433203
               386             -0.76         -0.767461        0.00432085
               387             -0.68         -0.767235        0.00431559
               388             -0.68          -0.76701        0.00431032
               389             -0.76         -0.766992        0.00429927
               390             -0.68         -0.766769        0.00429403
               391             -0.68         -0.766547        0.00428878
               392             -0.68         -0.766327        0.00428352
               393             -0.76          -0.76631        0.00427265
               394             -0.84         -0.766497         0.0042659
               395             -0.76         -0.766481        0.00425513
               396             -0.76         -0.766465        0.00424442
               397             -0.68         -0.766247        0.00423931
               398             -0.68          -0.76603        0.00423419
               399             -0.76         -0.766015        0.00422361
               400             -0.84           -0.7662         0.0042171
               401             -0.84         -0.766384        0.00421059
               402             -0.84         -0.766567         0.0042041
               403             -0.92         -0.766948        0.00421087
               404             -0.92         -0.767327        0.00421746
               405             -0.84         -0.767506        0.00421086
               406             -0.76         -0.767488        0.00420053
               407             -0.76         -0.767469        0.00419025
               408             -0.76         -0.767451        0.00418002
               409             -0.68         -0.767237        0.00417526
               410             -0.84         -0.767415        0.00416885
               411             -0.84         -0.767591        0.00416244
               412             -0.76         -0.767573        0.00415238
               413             -0.92         -0.767942         0.0041587
               414             -0.84         -0.768116        0.00415229
               415             -0.76         -0.768096        0.00414233
               416             -0.68         -0.767885        0.00413779
               417             -0.76         -0.767866        0.00412791
               418             -0.84         -0.768038        0.00412164
               419             -0.84          -0.76821        0.00411538
               420             -0.84         -0.768381        0.00410913
               421             -0.84         -0.768551        0.00410289
               422             -0.84          -0.76872        0.00409665
               423             -0.84         -0.768889        0.00409043
               424             -0.84         -0.769057        0.00408422
               425             -0.76         -0.769035        0.00407467
               426             -0.68         -0.768826        0.00407046
               427             -0.76         -0.768806        0.00406098
               428             -0.84         -0.768972         0.0040549
               429             -0.84         -0.769138        0.00404882
               430             -0.84         -0.769302        0.00404276
               431             -0.84         -0.769466        0.00403671
               432             -0.84          -0.76963        0.00403066
               433             -0.76         -0.769607        0.00402142
               434             -0.76         -0.769585        0.00401221
               435             -0.68         -0.769379        0.00400827
               436             -0.68         -0.769174        0.00400432
               437             -0.68          -0.76897        0.00400035
               438             -0.76          -0.76895        0.00399127
               439              -0.6         -0.768565        0.00400069
               440             -0.84         -0.768727        0.00399489
               441             -0.76         -0.768707        0.00398588
               442             -0.76         -0.768688        0.00397691
               443             -0.68         -0.768488        0.00397297
               444             -0.76         -0.768468        0.00396407
               445             -0.84         -0.768629        0.00395842
               446             -0.84         -0.768789        0.00395277
               447             -0.68         -0.768591        0.00394892
               448             -0.76         -0.768571        0.00394015
               449             -0.92         -0.768909        0.00394578
               450             -0.92         -0.769244        0.00395127
               451             -0.84         -0.769401        0.00394563
               452             -0.68         -0.769204        0.00394185
               453             -0.76         -0.769183         0.0039332
               454             -0.68         -0.768987        0.00392944
               455             -0.68         -0.768791        0.00392567
               456             -0.76         -0.768772        0.00391711
               457             -0.76         -0.768753        0.00390858
               458             -0.68         -0.768559        0.00390485
               459              -0.6         -0.768192        0.00391357
               460             -0.68            -0.768        0.00390976
               461             -0.68         -0.767809        0.00390593
               462             -0.76         -0.767792        0.00389752
               463             -0.76         -0.767775        0.00388913
               464             -0.76         -0.767759        0.00388079
               465             -0.84         -0.767914        0.00387555
               466             -0.76         -0.767897        0.00386727
               467             -0.84         -0.768051        0.00386207
               468             -0.84         -0.768205        0.00385688
               469             -0.84         -0.768358        0.00385169
               470             -0.84         -0.768511        0.00384651
               471             -0.84         -0.768662        0.00384134
               472             -0.76         -0.768644        0.00383324
               473             -0.84         -0.768795        0.00382811
               474             -0.76         -0.768776        0.00382007
               475             -0.84         -0.768926        0.00381497
               476             -0.84         -0.769076        0.00380988
               477             -0.84         -0.769224        0.00380479
               478             -0.76         -0.769205        0.00379688
               479             -0.76         -0.769186          0.003789
               480             -0.76         -0.769167        0.00378116
               481             -0.76         -0.769148        0.00377335
               482             -0.68         -0.768963        0.00377005
               483             -0.84          -0.76911        0.00376511
               484             -0.68         -0.768926        0.00376183
               485             -0.76         -0.768907        0.00375412
               486             -0.52         -0.768395        0.00378117
               487             -0.76         -0.768378        0.00377344
               488             -0.76         -0.768361        0.00376575
               489             -0.84         -0.768507         0.0037609
               490             -0.76          -0.76849        0.00375326
               491             -0.84         -0.768635        0.00374844
               492             -0.84          -0.76878        0.00374363
               493             -0.92         -0.769087        0.00374858
               494             -0.92         -0.769393        0.00375342
               495             -0.76         -0.769374        0.00374588
               496             -0.84         -0.769516        0.00374104
               497             -0.76         -0.769497        0.00373356
               498             -0.76         -0.769478        0.00372611
               499             -0.76         -0.769459        0.00371869
               500             -0.84           -0.7696        0.00371393
               501             -0.76         -0.769581        0.00370657
               502             -0.84         -0.769721        0.00370184
               503             -0.76         -0.769702        0.00369453
               504             -0.76         -0.769683        0.00368725
               505             -0.84         -0.769822        0.00368257
               506             -0.92         -0.770119        0.00368724
               507             -0.92         -0.770414         0.0036918
               508             -0.92         -0.770709        0.00369625
               509             -0.92         -0.771002        0.00370061
               510             -0.84         -0.771137        0.00369583
               511             -0.76         -0.771115        0.00368866
               512              -0.6         -0.770781        0.00369656
               513             -0.84         -0.770916        0.00369182
               514             -0.68         -0.770739        0.00368887
               515             -0.84         -0.770874        0.00368416
               516             -0.76         -0.770853        0.00367708
               517             -0.68         -0.770677        0.00367416
               518             -0.76         -0.770656        0.00366713
               519             -0.68         -0.770482        0.00366422
               520             -0.68         -0.770308         0.0036613
               521              -0.6         -0.769981        0.00366884
               522              -0.6         -0.769655        0.00367623
               523              -0.6         -0.769331        0.00368349
               524             -0.68          -0.76916         0.0036804
               525             -0.84         -0.769295        0.00367586
               526             -0.84          -0.76943        0.00367133
               527             -0.76         -0.769412        0.00366441
               528             -0.84         -0.769545        0.00365991
               529             -0.84         -0.769679        0.00365541
               530             -0.76          -0.76966        0.00364856
               531             -0.76         -0.769642        0.00364173
               532             -0.84         -0.769774        0.00363729
               533             -0.76         -0.769756        0.00363051
               534             -0.76         -0.769738        0.00362376
               535             -0.84         -0.769869        0.00361936
               536             -0.84             -0.77        0.00361498
               537             -0.84          -0.77013        0.00361059
               538             -0.84          -0.77026        0.00360622
               539             -0.84          -0.77039        0.00360185
               540             -0.68         -0.770222        0.00359907
               541             -0.68         -0.770055        0.00359627
               542             -0.76         -0.770037        0.00358969
               543             -0.68         -0.769871         0.0035869
               544              -0.6         -0.769559        0.00359388
               545             -0.68         -0.769394        0.00359104
               546             -0.76         -0.769377         0.0035845
               547             -0.76          -0.76936        0.00357799
               548             -0.68         -0.769197        0.00357517
               549              -0.6         -0.768889        0.00358192
               550              -0.6         -0.768582        0.00358855
               551             -0.76         -0.768566        0.00358207
               552             -0.84         -0.768696        0.00357792
               553             -0.84         -0.768825        0.00357377
               554             -0.76         -0.768809        0.00356735
               555             -0.76         -0.768793        0.00356096
               556             -0.68         -0.768633        0.00355813
               557             -0.68         -0.768474         0.0035553
               558             -0.76         -0.768459        0.00354896
               559             -0.76         -0.768444        0.00354265
               560             -0.76         -0.768429        0.00353635
               561             -0.76         -0.768414        0.00353008
               562             -0.76         -0.768399        0.00352383
               563             -0.76         -0.768384         0.0035176
               564             -0.76         -0.768369         0.0035114
               565             -0.76         -0.768354        0.00350522
               566             -0.84         -0.768481        0.00350131
               567             -0.84         -0.768607         0.0034974
               568             -0.84         -0.768732         0.0034935
               569             -0.76         -0.768717         0.0034874
               570             -0.76         -0.768702        0.00348131
               571             -0.76         -0.768687        0.00347525
               572             -0.84         -0.768811        0.00347141
               573             -0.92         -0.769075        0.00347536
               574             -0.92         -0.769338        0.00347924
               575             -0.92           -0.7696        0.00348304
               576             -0.84         -0.769722        0.00347914
               577             -0.84         -0.769844        0.00347524
               578             -0.76         -0.769827        0.00346927
               579             -0.68         -0.769672        0.00346675
               580             -0.76         -0.769655        0.00346081
               581             -0.84         -0.769776        0.00345697
               582             -0.84         -0.769897        0.00345314
               583             -0.92         -0.770154         0.0034568
               584             -0.92         -0.770411        0.00346039
               585             -0.92         -0.770667        0.00346391
               586             -0.68         -0.770512        0.00346145
               587             -0.92         -0.770767        0.00346491
               588             -0.92          -0.77102         0.0034683
               589             -0.84         -0.771138        0.00346439
               590             -0.84         -0.771254        0.00346048
               591             -0.76         -0.771235        0.00345468
               592             -0.84         -0.771351        0.00345079
               593             -0.84         -0.771467        0.00344692
               594             -0.76         -0.771448        0.00344117
               595             -0.76         -0.771429        0.00343544
               596             -0.76         -0.771409        0.00342973
               597             -0.76          -0.77139        0.00342404
               598             -0.76         -0.771371        0.00341836
               599             -0.84         -0.771486        0.00341458
               600             -0.84           -0.7716        0.00341079
               601             -0.84         -0.771714        0.00340702
               602             -0.76         -0.771694        0.00340141
               603             -0.76         -0.771675        0.00339583
               604             -0.76         -0.771656        0.00339026
               605             -0.84         -0.771769        0.00338654
               606             -0.84         -0.771881        0.00338282
               607             -0.76         -0.771862         0.0033773
               608             -0.76         -0.771842        0.00337181
               609             -0.76         -0.771823        0.00336632
               610             -0.84         -0.771934        0.00336266
               611             -0.76         -0.771915        0.00335721
               612             -0.76         -0.771895        0.00335179
               613             -0.68         -0.771746        0.00334967
               614             -0.76         -0.771726        0.00334427
               615             -0.76         -0.771707        0.00333888
               616             -0.84         -0.771818         0.0033353
               617             -0.76         -0.771799        0.00332995
               618             -0.76          -0.77178        0.00332462
               619              -0.6         -0.771502        0.00333081
               620             -0.76         -0.771484        0.00332549
               621             -0.84         -0.771594        0.00332196
               622             -0.84         -0.771704        0.00331844
               623             -0.68         -0.771557        0.00331638
               624              -0.6         -0.771282        0.00332244
               625             -0.68         -0.771136        0.00332033
               626             -0.68          -0.77099        0.00331822
               627             -0.76         -0.770973        0.00331297
               628             -0.76         -0.770955        0.00330775
               629             -0.68         -0.770811        0.00330565
               630             -0.76         -0.770794        0.00330044
               631             -0.76         -0.770777        0.00329526
               632              -0.6         -0.770506         0.0033011
               633             -0.76          -0.77049        0.00329593
               634             -0.68         -0.770347        0.00329382
               635             -0.76         -0.770331        0.00328867
               636              -0.6         -0.770063        0.00329439
               637             -0.76         -0.770047        0.00328926
               638             -0.76         -0.770031        0.00328414
               639             -0.84         -0.770141        0.00328082
               640             -0.84          -0.77025        0.00327751
               641             -0.84         -0.770359        0.00327421
               642             -0.84         -0.770467         0.0032709
               643             -0.76         -0.770451        0.00326586
               644             -0.84         -0.770559        0.00326257
               645             -0.84         -0.770667        0.00325929
               646             -0.76          -0.77065        0.00325428
               647             -0.76         -0.770634         0.0032493
               648             -0.76         -0.770617        0.00324432
               649             -0.76         -0.770601        0.00323936
               650             -0.76         -0.770585        0.00323442
               651              -0.6         -0.770323        0.00324005
               652             -0.68         -0.770184        0.00323804
               653             -0.76         -0.770168        0.00323312
               654             -0.76         -0.770153        0.00322821
               655             -0.76         -0.770137        0.00322332
               656             -0.76         -0.770122        0.00321845
               657             -0.68         -0.769985        0.00321647
               658             -0.68         -0.769848        0.00321449
               659             -0.68         -0.769712         0.0032125
               660             -0.68         -0.769576        0.00321051
               661              -0.6         -0.769319        0.00321588
               662             -0.76         -0.769305        0.00321106
               663             -0.68          -0.76917        0.00320904
               664              -0.6         -0.768916         0.0032143
               665             -0.68         -0.768782        0.00321225
               666             -0.68         -0.768649        0.00321019
               667             -0.76         -0.768636         0.0032054
               668             -0.76         -0.768623        0.00320063
               669             -0.84         -0.768729        0.00319762
               670             -0.84         -0.768836        0.00319462
               671             -0.84         -0.768942        0.00319162
               672             -0.84         -0.769048        0.00318862
               673             -0.84         -0.769153        0.00318563
               674             -0.76         -0.769139        0.00318093
               675             -0.84         -0.769244        0.00317795
               676             -0.84         -0.769349        0.00317497
               677             -0.76         -0.769335        0.00317031
               678             -0.76         -0.769322        0.00316566
               679             -0.84         -0.769426        0.00316271
               680             -0.84         -0.769529        0.00315976
               681             -0.84         -0.769633        0.00315682
               682             -0.84         -0.769736        0.00315387
               683             -0.76         -0.769722        0.00314929
               684             -0.76         -0.769708        0.00314472
               685             -0.76         -0.769693        0.00314016
               686              -0.6         -0.769446        0.00314531
               687             -0.68         -0.769316        0.00314342
               688             -0.68         -0.769186        0.00314153
               689             -0.76         -0.769173          0.003137
               690             -0.84         -0.769275        0.00313414
               691             -0.84         -0.769378        0.00313127
               692             -0.84          -0.76948        0.00312841
               693             -0.76         -0.769466        0.00312392
               694             -0.84         -0.769568        0.00312108
               695             -0.76         -0.769554        0.00311662
               696             -0.84         -0.769655        0.00311378
               697             -0.84         -0.769756        0.00311095
               698             -0.84         -0.769857        0.00310812
               699             -0.76         -0.769843         0.0031037
               700             -0.84         -0.769943        0.00310089
               701             -0.76         -0.769929         0.0030965
               702             -0.68         -0.769801        0.00309473
               703             -0.68         -0.769673        0.00309297
               704             -0.84         -0.769773        0.00309019
               705             -0.84         -0.769872        0.00308741
               706             -0.84         -0.769972        0.00308463
               707             -0.84         -0.770071        0.00308186
               708             -0.76         -0.770056        0.00307754
               709             -0.76         -0.770042        0.00307323
               710             -0.76         -0.770028        0.00306894
               711             -0.84         -0.770127         0.0030662
               712             -0.68             -0.77         0.0030645
               713             -0.76         -0.769986        0.00306024
               714             -0.84         -0.770084        0.00305752
               715             -0.84         -0.770182        0.00305481
               716             -0.84         -0.770279         0.0030521
               717             -0.84         -0.770377        0.00304939
               718             -0.76         -0.770362        0.00304518
               719             -0.76         -0.770348        0.00304098
               720             -0.84         -0.770444        0.00303829
               721             -0.84         -0.770541        0.00303561
               722             -0.92         -0.770748        0.00303845
               723             -0.92         -0.770954        0.00304125
               724             -0.92          -0.77116        0.00304401
               725             -0.92         -0.771366        0.00304673
               726             -0.92          -0.77157         0.0030494
               727             -0.92         -0.771774        0.00305204
               728             -0.92         -0.771978        0.00305463
               729             -0.92         -0.772181        0.00305718
               730             -0.68         -0.772055         0.0030556
               731             -0.68         -0.771929        0.00305401
               732             -0.68         -0.771803        0.00305242
               733             -0.68         -0.771678        0.00305083
               734              -0.6         -0.771444        0.00305562
               735              -0.6         -0.771211        0.00306035
               736              -0.6         -0.770978        0.00306502
               737             -0.68         -0.770855        0.00306335
               738             -0.76          -0.77084        0.00305924
               739             -0.76         -0.770825        0.00305513
               740             -0.68         -0.770703        0.00305347
               741             -0.76         -0.770688        0.00304938
               742             -0.68         -0.770566        0.00304772
               743             -0.76         -0.770552        0.00304365
               744              -0.6         -0.770323        0.00304818
               745             -0.68         -0.770201         0.0030465
               746             -0.76         -0.770188        0.00304244
               747             -0.84         -0.770281        0.00303981
               748             -0.76         -0.770267        0.00303577
               749              -0.6          -0.77004        0.00304022
               750              -0.6         -0.769813        0.00304461
               751             -0.76           -0.7698        0.00304058
               752             -0.68         -0.769681        0.00303888
               753             -0.76         -0.769668        0.00303487
               754             -0.68         -0.769549        0.00303318
               755             -0.76         -0.769536        0.00302919
               756             -0.84          -0.76963        0.00302661
               757             -0.84         -0.769723        0.00302404
               758             -0.84         -0.769815        0.00302148
               759             -0.84         -0.769908        0.00301891
               760             -0.92         -0.770105        0.00302139
               761             -0.92         -0.770302        0.00302383
               762             -0.84         -0.770394        0.00302125
               763             -0.92          -0.77059        0.00302364
               764             -0.92         -0.770785          0.003026
               765             -0.84         -0.770876         0.0030234
               766             -0.76         -0.770862        0.00301949
               767             -0.84         -0.770952         0.0030169
               768             -0.84         -0.771042        0.00301431
               769             -0.84         -0.771131        0.00301172
               770             -0.84         -0.771221        0.00300914
               771             -0.84          -0.77131        0.00300656
               772             -0.84         -0.771399        0.00300398
               773             -0.76         -0.771384        0.00300013
               774             -0.76          -0.77137        0.00299629
               775             -0.76         -0.771355        0.00299246
               776             -0.84         -0.771443        0.00298991
               777             -0.84         -0.771532        0.00298736
               778             -0.84          -0.77162        0.00298482
               779             -0.76         -0.771605        0.00298102
               780             -0.84         -0.771692        0.00297849
               781             -0.76         -0.771677        0.00297472
               782              -0.6         -0.771458          0.002979
               783             -0.76         -0.771443        0.00297523
               784             -0.68         -0.771327        0.00297372
               785             -0.76         -0.771312        0.00296997
               786             -0.76         -0.771298        0.00296623
               787             -0.76         -0.771283        0.00296249
               788             -0.76         -0.771269        0.00295877
               789             -0.68         -0.771153        0.00295728
               790             -0.68         -0.771038        0.00295578
               791             -0.76         -0.771024        0.00295208
               792             -0.68         -0.770909        0.00295059
               793             -0.68         -0.770794        0.00294909
               794             -0.68          -0.77068         0.0029476
               795             -0.68         -0.770566        0.00294609
               796             -0.76         -0.770553        0.00294242
               797             -0.76          -0.77054        0.00293876
               798             -0.76         -0.770526        0.00293511
               799             -0.76         -0.770513        0.00293146
               800             -0.76           -0.7705        0.00292783
               801             -0.76         -0.770487         0.0029242
               802             -0.68         -0.770374        0.00292273
               803             -0.76         -0.770361        0.00291912
               804             -0.84         -0.770448        0.00291678
               805             -0.76         -0.770435        0.00291318
               806             -0.84         -0.770521        0.00291085
               807             -0.84         -0.770607        0.00290851
               808             -0.76         -0.770594        0.00290494
               809             -0.76         -0.770581        0.00290138
               810             -0.68         -0.770469        0.00289995
               811             -0.68         -0.770358        0.00289852
               812             -0.52         -0.770049         0.0029113
               813              -0.6          -0.76984        0.00291523
               814             -0.84         -0.769926        0.00291292
               815             -0.76         -0.769914        0.00290937
               816             -0.76         -0.769902        0.00290583
               817              -0.6         -0.769694        0.00290971
               818             -0.68         -0.769584        0.00290821
               819             -0.68         -0.769475        0.00290672
               820             -0.68         -0.769366        0.00290522
               821             -0.68         -0.769257        0.00290372
               822             -0.76         -0.769246        0.00290021
               823             -0.68         -0.769137        0.00289871
               824             -0.76         -0.769126        0.00289522
               825             -0.76         -0.769115        0.00289173
               826             -0.76         -0.769104        0.00288825
               827             -0.84          -0.76919        0.00288603
               828             -0.84         -0.769275        0.00288381
               829             -0.76         -0.769264        0.00288035
               830             -0.84         -0.769349        0.00287814
               831             -0.76         -0.769338         0.0028747
               832             -0.68         -0.769231        0.00287325
               833             -0.68         -0.769124         0.0028718
               834              -0.6         -0.768921        0.00287551
               835              -0.6         -0.768719        0.00287917
               836             -0.68         -0.768612        0.00287768
               837             -0.68         -0.768507        0.00287619
               838             -0.76         -0.768496        0.00287278
               839             -0.68         -0.768391        0.00287129
               840             -0.76         -0.768381        0.00286789
               841             -0.76         -0.768371        0.00286449
               842             -0.76         -0.768361        0.00286111
               843             -0.68         -0.768256        0.00285963
               844             -0.76         -0.768246        0.00285626
               845             -0.84         -0.768331        0.00285414
               846             -0.84         -0.768416        0.00285203
               847             -0.76         -0.768406        0.00284868
               848             -0.84         -0.768491        0.00284657
               849             -0.76         -0.768481        0.00284323
               850             -0.84         -0.768565        0.00284113
               851             -0.84         -0.768649        0.00283903
               852             -0.76         -0.768638        0.00283572
               853             -0.84         -0.768722        0.00283363
               854             -0.84         -0.768806        0.00283154
               855             -0.76         -0.768795        0.00282825
               856             -0.84         -0.768879        0.00282617
               857             -0.76         -0.768868        0.00282289
               858             -0.68         -0.768765         0.0028215
               859             -0.76         -0.768754        0.00281823
               860             -0.76         -0.768744        0.00281497
               861             -0.68         -0.768641        0.00281359
               862             -0.68         -0.768538         0.0028122
               863             -0.76         -0.768528        0.00280896
               864             -0.84         -0.768611        0.00280693
               865             -0.92         -0.768786        0.00280914
               866             -0.84         -0.768868         0.0028071
               867             -0.92         -0.769043        0.00280926
               868             -0.92         -0.769217        0.00281141
               869             -0.84         -0.769298        0.00280935
               870             -0.84         -0.769379         0.0028073
               871             -0.76         -0.769369        0.00280409
               872             -0.76         -0.769358         0.0028009
               873             -0.76         -0.769347        0.00279771
               874             -0.76         -0.769336        0.00279453
               875             -0.76         -0.769326        0.00279136
               876             -0.84         -0.769406        0.00278934
               877             -0.76         -0.769396        0.00278618
               878             -0.68         -0.769294        0.00278486
               879             -0.76         -0.769283        0.00278172
               880             -0.76         -0.769273        0.00277857
               881             -0.76         -0.769262        0.00277544
               882             -0.68         -0.769161        0.00277414
               883             -0.76         -0.769151        0.00277102
               884             -0.84         -0.769231        0.00276904
               885             -0.68          -0.76913        0.00276775
               886             -0.52         -0.768849        0.00277887
               887             -0.68         -0.768749        0.00277754
               888             -0.76         -0.768739        0.00277443
               889             -0.84         -0.768819        0.00277247
               890             -0.92         -0.768989        0.00277455
               891             -0.84         -0.769068        0.00277258
               892             -0.76         -0.769058        0.00276949
               893             -0.76         -0.769048        0.00276641
               894             -0.76         -0.769038        0.00276333
               895             -0.76         -0.769028        0.00276026
               896             -0.84         -0.769107        0.00275832
               897             -0.84         -0.769186        0.00275638
               898             -0.84         -0.769265        0.00275443
               899             -0.84         -0.769344        0.00275249
               900             -0.84         -0.769422        0.00275056
               901             -0.76         -0.769412        0.00274752
               902             -0.76         -0.769401         0.0027445
               903             -0.68         -0.769302        0.00274324
               904             -0.92         -0.769469        0.00274527
               905             -0.84         -0.769547        0.00274334
               906             -0.84         -0.769625        0.00274141
               907             -0.84         -0.769702        0.00273949
               908             -0.84          -0.76978        0.00273757
               909             -0.84         -0.769857        0.00273564
               910             -0.84         -0.769934        0.00273372
               911             -0.84         -0.770011         0.0027318
               912             -0.84         -0.770088        0.00272989
               913             -0.84         -0.770164        0.00272797
               914             -0.84         -0.770241        0.00272606
               915             -0.84         -0.770317        0.00272414
               916             -0.76         -0.770306        0.00272119
               917             -0.84         -0.770382        0.00271929
               918             -0.84         -0.770458        0.00271738
               919             -0.84         -0.770533        0.00271548
               920             -0.76         -0.770522        0.00271255
               921             -0.76          -0.77051        0.00270963
               922             -0.76         -0.770499        0.00270671
               923             -0.76         -0.770488        0.00270381
               924             -0.76         -0.770476         0.0027009
               925             -0.68         -0.770378        0.00269975
               926             -0.84         -0.770454        0.00269788
               927             -0.76         -0.770442          0.002695
               928             -0.76         -0.770431        0.00269212
               929             -0.84         -0.770506        0.00269026
               930             -0.84         -0.770581        0.00268841
               931             -0.84         -0.770655        0.00268655
               932             -0.84          -0.77073         0.0026847
               933             -0.84         -0.770804        0.00268285
               934             -0.76         -0.770792           0.00268
               935             -0.76         -0.770781        0.00267716
               936             -0.68         -0.770684        0.00267606
               937             -0.52         -0.770416        0.00268654
               938              -0.6         -0.770235        0.00268981
               939             -0.68         -0.770138        0.00268866
               940             -0.68         -0.770043        0.00268751
               941             -0.76         -0.770032        0.00268468
               942             -0.84         -0.770106        0.00268285
               943             -0.84          -0.77018        0.00268103
               944             -0.84         -0.770254        0.00267921
               945             -0.76         -0.770243         0.0026764
               946             -0.68         -0.770148        0.00267527
               947             -0.68         -0.770053        0.00267414
               948             -0.76         -0.770042        0.00267134
               949             -0.68         -0.769947        0.00267021
               950             -0.76         -0.769937        0.00266742
               951             -0.84         -0.770011        0.00266563
               952             -0.84         -0.770084        0.00266384
               953             -0.76         -0.770073        0.00266107
               954             -0.76         -0.770063         0.0026583
               955             -0.84         -0.770136        0.00265653
               956             -0.68         -0.770042        0.00265542
               957             -0.68         -0.769948        0.00265431
               958             -0.76         -0.769937        0.00265156
               959             -0.76         -0.769927        0.00264882
               960             -0.84             -0.77        0.00264706
               961             -0.76          -0.76999        0.00264433
               962             -0.76         -0.769979         0.0026416
               963             -0.84         -0.770052        0.00263986
               964             -0.92         -0.770207         0.0026417
               965             -0.92         -0.770363        0.00264352
               966             -0.84         -0.770435        0.00264176
               967             -0.84         -0.770507        0.00264001
               968             -0.84         -0.770579        0.00263826
               969             -0.76         -0.770568        0.00263556
               970             -0.84         -0.770639        0.00263381
               971             -0.84         -0.770711        0.00263207
               972             -0.84         -0.770782        0.00263033
               973             -0.84         -0.770853        0.00262859
               974             -0.76         -0.770842        0.00262591
               975             -0.84         -0.770913        0.00262418
               976             -0.84         -0.770984        0.00262244
               977             -0.76         -0.770972        0.00261978
               978             -0.84         -0.771043        0.00261805
               979             -0.84         -0.771113        0.00261633
               980             -0.84         -0.771184         0.0026146
               981             -0.84         -0.771254        0.00261288
               982              -0.6         -0.771079        0.00261603
               983             -0.76         -0.771068        0.00261339
               984             -0.84         -0.771138        0.00261167
               985             -0.84         -0.771208        0.00260996
               986             -0.84         -0.771278        0.00260824
               987             -0.76         -0.771266        0.00260563
               988             -0.76         -0.771255        0.00260301
               989             -0.68         -0.771163        0.00260202
               990             -0.68         -0.771071        0.00260102
               991             -0.76          -0.77106        0.00259842
               992              -0.6         -0.770887        0.00260151
               993             -0.76         -0.770876        0.00259892
               994             -0.76         -0.770865        0.00259633
               995             -0.76         -0.770854        0.00259374
               996             -0.68         -0.770763        0.00259274
               997             -0.68         -0.770672        0.00259174
               998             -0.68         -0.770581        0.00259073
               999             -0.68          -0.77049        0.00258972
              1000             -0.76          -0.77048        0.00258715
