#     BLOCK:   ACTUAL_M:     M_AVE:       ERROR:
                 1              0.44              0.44                 0
                 2              0.16               0.3         0.0989949
                 3              0.32          0.306667         0.0662207
                 4               0.2              0.28         0.0547723
                 5              0.16             0.256         0.0487934
                 6              0.24          0.253333          0.040734
                 7              0.16              0.24         0.0370328
                 8              0.04             0.215         0.0399609
                 9              0.16          0.208889         0.0359851
                10              0.16             0.204          0.032717
                11              0.24          0.207273         0.0299059
                12               0.2          0.206667         0.0274199
                13              0.32          0.215385         0.0266606
                14              0.52          0.237143         0.0324419
                15              0.56          0.258667         0.0367317
                16              0.56            0.2775         0.0389661
                17               0.6          0.296471         0.0410329
                18              0.48          0.306667              0.04
                19              0.48          0.315789         0.0389212
                20              0.56             0.328         0.0388433
                21              0.64          0.342857         0.0397335
                22              0.64          0.356364         0.0401575
                23              0.52          0.363478         0.0390366
                24              0.44          0.366667         0.0375401
                25               0.4             0.368         0.0360622
                26              0.36          0.367692         0.0346765
                27              0.36          0.367407         0.0333933
                28              0.32          0.365714         0.0322436
                29              0.24          0.361379         0.0314218
                30              0.28          0.358667         0.0304913
                31              0.44           0.36129         0.0296204
                32              0.36           0.36125         0.0286947
                33              0.44          0.363636         0.0279243
                34              0.48          0.367059         0.0273119
                35              0.56          0.372571         0.0270822
                36              0.56          0.377778         0.0268257
                37              0.64          0.384865         0.0270206
                38               0.6          0.390526         0.0268961
                39              0.44          0.391795         0.0262363
                40               0.4             0.392         0.0255812
                41              0.44          0.393171         0.0249841
                42              0.48          0.395238         0.0244746
                43               0.4          0.395349         0.0239057
                44               0.4          0.395455         0.0233626
                45              0.36          0.394667         0.0228567
                46              0.44          0.395652         0.0223811
                47              0.52          0.398298         0.0220607
                48              0.44          0.399167         0.0216182
                49              0.36          0.398367         0.0211918
                50              0.44            0.3992         0.0207843
                51              0.48          0.400784         0.0204371
                52              0.48          0.402308         0.0201007
                53              0.52          0.404528         0.0198438
                54              0.48          0.405926         0.0195254
                55              0.48          0.407273         0.0192168
                56               0.4          0.407143         0.0188741
                57              0.36          0.406316         0.0185611
                58              0.32          0.404828         0.0183006
                59              0.32           0.40339         0.0180468
                60              0.36          0.402667         0.0177605
                61              0.32          0.401311          0.017521
                62              0.32               0.4         0.0172874
                63              0.32           0.39873         0.0170596
                64              0.32            0.3975         0.0168373
                65              0.44          0.398154          0.016591
                66              0.44          0.398788         0.0163517
                67               0.4          0.398806         0.0161077
                68              0.32          0.397647         0.0159124
                69              0.32          0.396522         0.0157216
                70              0.24          0.394286         0.0156552
                71              0.24          0.392113         0.0155848
                72              0.32          0.391111         0.0154005
                73              0.32          0.390137         0.0152203
                74              0.36           0.38973           0.01502
                75              0.24          0.387733         0.0149519
                76              0.28          0.386316         0.0148222
                77               0.4          0.386494         0.0146307
                78              0.44          0.387179         0.0144592
                79              0.36          0.386835         0.0142803
                80              0.36            0.3865         0.0141057
                81              0.36          0.386173         0.0139354
                82               0.4          0.386341         0.0137665
                83              0.48           0.38747         0.0136468
                84              0.52          0.389048         0.0135752
                85              0.64             0.392         0.0137328
                86              0.68          0.395349         0.0139755
                87              0.76           0.39954         0.0144297
                88              0.64          0.402273         0.0145221
                89              0.68          0.405393         0.0146904
                90              0.72          0.408889         0.0149373
                91              0.76          0.412747         0.0152633
                92              0.72          0.416087         0.0154585
                93               0.8          0.420215         0.0158338
                94              0.88          0.425106         0.0164035
                95                 1          0.431158         0.0173111
                96                 1          0.437083         0.0181166
                97                 1          0.442887         0.0188364
                98                 1          0.448571         0.0194831
                99                 1          0.454141         0.0200667
               100                 1            0.4596         0.0205951
               101                 1           0.46495         0.0210748
               102                 1          0.470196         0.0215111
               103                 1           0.47534         0.0219086
               104                 1          0.480385         0.0222712
               105                 1          0.485333         0.0226022
               106                 1          0.490189         0.0229045
               107                 1          0.494953         0.0231807
               108                 1           0.49963          0.023433
               109                 1           0.50422         0.0236634
               110                 1          0.508727         0.0238737
               111                 1          0.513153         0.0240653
               112                 1            0.5175         0.0242399
               113                 1           0.52177         0.0243985
               114                 1          0.525965         0.0245425
               115                 1          0.530087         0.0246728
               116                 1          0.534138         0.0247905
               117                 1           0.53812         0.0248963
               118                 1          0.542034         0.0249911
               119                 1          0.545882         0.0250757
               120                 1          0.549667         0.0251506
               121                 1          0.553388         0.0252166
               122                 1          0.557049         0.0252743
               123                 1           0.56065         0.0253241
               124                 1          0.564194         0.0253665
               125                 1           0.56768          0.025402
               126                 1          0.571111         0.0254311
               127                 1          0.574488         0.0254541
               128                 1          0.577812         0.0254714
               129                 1          0.581085         0.0254833
               130                 1          0.584308         0.0254902
               131                 1          0.587481         0.0254924
               132                 1          0.590606         0.0254901
               133                 1          0.593684         0.0254836
               134                 1          0.596716         0.0254732
               135                 1          0.599704         0.0254591
               136                 1          0.602647         0.0254414
               137                 1          0.605547         0.0254205
               138                 1          0.608406         0.0253965
               139                 1          0.611223         0.0253696
               140                 1             0.614         0.0253399
               141                 1          0.616738         0.0253076
               142                 1          0.619437         0.0252729
               143                 1          0.622098         0.0252359
               144                 1          0.624722         0.0251967
               145                 1           0.62731         0.0251555
               146                 1          0.629863         0.0251124
               147                 1          0.632381         0.0250675
               148                 1          0.634865         0.0250209
               149                 1          0.637315         0.0249727
               150                 1          0.639733          0.024923
               151                 1          0.642119         0.0248719
               152                 1          0.644474         0.0248194
               153                 1          0.646797         0.0247657
               154                 1          0.649091         0.0247109
               155                 1          0.651355          0.024655
               156                 1           0.65359          0.024598
               157                 1          0.655796         0.0245401
               158              0.96          0.657722         0.0244602
               159              0.96          0.659623         0.0243801
               160              0.96            0.6615         0.0242999
               161              0.96          0.663354         0.0242196
               162              0.92          0.664938         0.0241219
               163              0.88          0.666258         0.0240099
               164              0.88          0.667561         0.0238989
               165               0.8          0.668364         0.0237675
               166              0.76          0.668916         0.0236307
               167              0.76          0.669461         0.0234955
               168              0.72          0.669762         0.0233576
               169              0.68          0.669822         0.0232195
               170              0.64          0.669647         0.0230836
               171              0.64          0.669474         0.0229492
               172               0.6           0.66907         0.0228193
               173              0.56          0.668439         0.0226961
               174              0.52          0.667586         0.0225817
               175              0.48          0.666514         0.0224781
               176              0.64          0.666364         0.0223509
               177              0.56          0.665763         0.0222327
               178               0.6          0.665393         0.0221109
               179              0.52          0.664581         0.0220023
               180              0.48          0.663556         0.0219039
               181              0.56          0.662983         0.0217904
               182              0.56          0.662418          0.021678
               183              0.48          0.661421         0.0215824
               184              0.52          0.660652         0.0214788
               185               0.4          0.659243         0.0214089
               186               0.4          0.657849         0.0213391
               187              0.36          0.656257         0.0212843
               188              0.28          0.654255          0.021265
               189              0.24          0.652063         0.0212652
               190              0.36          0.650526         0.0212087
               191              0.36          0.649005         0.0211522
               192              0.52          0.648333         0.0210527
               193              0.52          0.647668         0.0209541
               194              0.52           0.64701         0.0208564
               195              0.44          0.645949         0.0207764
               196              0.48          0.645102         0.0206877
               197               0.4          0.643858         0.0206201
               198              0.44          0.642828         0.0205416
               199              0.36          0.641407         0.0204875
               200              0.36              0.64         0.0204333
               201               0.4          0.638806         0.0203665
               202               0.4          0.637624            0.0203
               203              0.44           0.63665         0.0202233
               204               0.4           0.63549         0.0201574
               205               0.4          0.634341         0.0200918
               206              0.36           0.63301         0.0200383
               207              0.44          0.632077         0.0199632
               208              0.44          0.631154         0.0198886
               209              0.44          0.630239         0.0198144
               210              0.52          0.629714          0.019727
               211              0.56          0.629384         0.0196363
               212              0.56          0.629057         0.0195464
               213              0.48          0.628357         0.0194672
               214               0.4           0.62729         0.0194054
               215              0.24          0.625488         0.0193986
               216              0.16          0.623333         0.0194281
               217              0.16          0.621198         0.0194556
               218              0.04          0.618532         0.0195481
               219              0.08          0.616073         0.0196129
               220              0.08          0.613636         0.0196746
               221              0.04          0.611041          0.019756
               222             -0.12          0.607748         0.0199396
               223             -0.12          0.604484         0.0201155
               224             -0.08          0.601429         0.0202564
               225                 0          0.598756          0.020342
               226             -0.08          0.595752         0.0204725
               227             -0.12          0.592599         0.0206237
               228                 0              0.59         0.0206964
               229              0.08          0.587773         0.0207255
               230             -0.08           0.58487         0.0208377
               231             -0.08          0.581991         0.0209454
               232             -0.12          0.578966         0.0210725
               233             -0.16          0.575794         0.0212194
               234             -0.32          0.571966         0.0214712
               235             -0.32           0.56817         0.0217128
               236             -0.28          0.564576         0.0219162
               237             -0.28          0.561013         0.0221115
               238              -0.2          0.557815         0.0222486
               239             -0.24          0.554477         0.0224046
               240             -0.36          0.550667         0.0226329
               241             -0.36          0.546888         0.0228522
               242             -0.44           0.54281         0.0231188
               243              -0.4           0.53893          0.023347
               244             -0.48          0.534754         0.0236218
               245             -0.56          0.530286         0.0239443
               246              -0.6          0.525691         0.0242838
               247              -0.6          0.521134         0.0246094
               248             -0.52          0.516935         0.0248657
               249              -0.6           0.51245         0.0251672
               250             -0.64           0.50784         0.0254852
               251             -0.64          0.503267         0.0257907
               252             -0.56          0.499048         0.0260312
               253              -0.6          0.494704         0.0262883
               254              -0.6          0.490394         0.0265357
               255             -0.56          0.486275         0.0267495
               256             -0.56          0.482187         0.0269554
               257             -0.56          0.478132         0.0271538
               258             -0.52          0.474264         0.0273228
               259             -0.48          0.470579         0.0274646
               260             -0.44          0.467077         0.0275813
               261             -0.44          0.463602         0.0276938
               262              -0.4          0.460305         0.0277835
               263              -0.4          0.457034         0.0278698
               264              -0.4          0.453788         0.0279526
               265              -0.4          0.450566         0.0280322
               266              -0.4          0.447368         0.0281086
               267              -0.4          0.444195         0.0281819
               268              -0.4          0.441045         0.0282523
               269             -0.44           0.43777         0.0283365
               270             -0.44          0.434519         0.0284174
               271             -0.44          0.431292         0.0284952
               272              -0.4          0.428235         0.0285538
               273             -0.44          0.425055         0.0286258
               274             -0.44          0.421898         0.0286949
               275             -0.36          0.419055         0.0287311
               276             -0.28          0.416522         0.0287384
               277             -0.28          0.414007         0.0287445
               278             -0.28          0.411511         0.0287493
               279             -0.28          0.409032         0.0287529
               280             -0.32          0.406429         0.0287678
               281             -0.28          0.403986          0.028769
               282             -0.28           0.40156          0.028769
               283             -0.28          0.399152          0.028768
               284             -0.28          0.396761         0.0287659
               285             -0.24          0.394526         0.0287516
               286             -0.16          0.392587         0.0287164
               287             -0.16          0.390662         0.0286808
               288             -0.16           0.38875         0.0286449
               289             -0.12           0.38699         0.0285998
               290             -0.16          0.385103         0.0285633
               291             -0.16           0.38323         0.0285265
               292             -0.12          0.381507         0.0284808
               293             -0.16          0.379659         0.0284435
               294             -0.08          0.378095         0.0283897
               295             -0.04          0.376678         0.0283288
               296             -0.08          0.375135         0.0282751
               297              -0.2          0.373199         0.0282461
               298             -0.24          0.371141         0.0282262
               299              -0.2          0.369231         0.0281964
               300             -0.24            0.3672         0.0281754
               301             -0.24          0.365183         0.0281539
               302              -0.2          0.363311         0.0281228
               303              -0.2          0.361452         0.0280914
               304             -0.16          0.359737         0.0280513
               305             -0.12          0.358164         0.0280034
               306             -0.12          0.356601         0.0279555
               307             -0.16          0.354919          0.027915
               308             -0.16          0.353247         0.0278744
               309             -0.04          0.351974         0.0278132
               310             -0.12          0.350452         0.0277651
               311              -0.2          0.348682         0.0277322
               312             -0.12          0.347179          0.027684
               313             -0.12          0.345687         0.0276357
               314             -0.08          0.344331          0.027581
               315             -0.04          0.343111         0.0275204
               316             -0.04          0.341899           0.02746
               317             -0.12          0.340442          0.027412
               318             -0.08          0.339119         0.0273577
               319             -0.04          0.337931         0.0272977
               320              0.04             0.337         0.0272283
               321                 0           0.33595         0.0271637
               322              0.04          0.335031         0.0270949
               323                 0          0.333994         0.0270308
               324             -0.04           0.33284          0.026972
               325             -0.04          0.331692         0.0269134
               326             -0.08          0.330429         0.0268605
               327             -0.08          0.329174         0.0268076
               328             -0.04          0.328049         0.0267495
               329             -0.08          0.326809          0.026697
               330             -0.12          0.325455         0.0266504
               331             -0.12          0.324109         0.0266038
               332             -0.08          0.322892         0.0265515
               333             -0.12          0.321562         0.0265051
               334             -0.16           0.32012         0.0264649
               335              -0.2          0.318567         0.0264314
               336             -0.28          0.316786         0.0264127
               337             -0.32          0.314896         0.0264018
               338             -0.32          0.313018         0.0263905
               339             -0.24          0.311386          0.026363
               340              -0.2          0.309882         0.0263283
               341              -0.2          0.308387         0.0262935
               342              -0.2          0.306901         0.0262586
               343             -0.24          0.305306         0.0262304
               344             -0.28          0.303605         0.0262093
               345             -0.24          0.302029         0.0261807
               346             -0.32          0.300231         0.0261667
               347             -0.36          0.298329         0.0261603
               348             -0.32          0.296552         0.0261454
               349             -0.28            0.2949         0.0261226
               350             -0.24          0.293371         0.0260927
               351             -0.12          0.292194         0.0260449
               352             -0.24          0.290682         0.0260148
               353             -0.28          0.289065         0.0259912
               354             -0.24          0.287571         0.0259608
               355             -0.32          0.285859          0.025944
               356             -0.36          0.284045         0.0259345
               357             -0.28          0.282465         0.0259099
               358             -0.24          0.281006         0.0258786
               359             -0.24          0.279554         0.0258472
               360              -0.2          0.278222         0.0258097
               361             -0.16          0.277008         0.0257667
               362             -0.24           0.27558         0.0257351
               363              -0.2           0.27427         0.0256975
               364             -0.12          0.273187         0.0256497
               365             -0.16             0.272         0.0256069
               366             -0.08          0.271038          0.025555
               367                 0            0.2703          0.025496
               368             -0.08          0.269348         0.0254445
               369             -0.12          0.268293         0.0253974
               370             -0.12          0.267243         0.0253505
               371             -0.12          0.266199         0.0253036
               372             -0.08          0.265269         0.0252527
               373             -0.12          0.264236         0.0252061
               374              -0.2          0.262995         0.0251693
               375             -0.28          0.261547         0.0251438
               376             -0.32              0.26         0.0251244
               377             -0.28          0.258568         0.0250986
               378             -0.36          0.256931         0.0250855
               379             -0.36          0.255303          0.025072
               380             -0.36          0.253684         0.0250583
               381             -0.36          0.252073         0.0250442
               382             -0.28          0.250681         0.0250174
               383             -0.24          0.249399         0.0249848
               384              -0.2          0.248229         0.0249472
               385              -0.2          0.247065         0.0249095
               386              -0.2          0.245907         0.0248719
               387             -0.12          0.244961         0.0248256
               388             -0.12          0.244021         0.0247794
               389             -0.12          0.243085         0.0247334
               390             -0.08          0.242256         0.0246838
               391             -0.12           0.24133         0.0246381
               392             -0.12          0.240408         0.0245925
               393             -0.08          0.239593         0.0245434
               394             -0.08          0.238782         0.0244945
               395             -0.08          0.237975         0.0244458
               396             -0.08          0.237172         0.0243972
               397             -0.08          0.236373         0.0243489
               398                 0          0.235779         0.0242949
               399              0.04          0.235288          0.024239
               400             -0.04            0.2346         0.0241882
               401             -0.16          0.233616         0.0241478
               402             -0.12          0.232736         0.0241038
               403             -0.12          0.231861         0.0240599
               404             -0.04          0.231188         0.0240097
               405             -0.04          0.230519         0.0239598
               406             -0.08          0.229754          0.023913
               407             -0.16          0.228796         0.0238734
               408             -0.32          0.227451         0.0238527
               409             -0.32          0.226112         0.0238319
               410             -0.28          0.224878         0.0238058
               411              -0.2          0.223844         0.0237703
               412              -0.2          0.222816         0.0237348
               413              -0.2          0.221792         0.0236994
               414             -0.24          0.220676         0.0236684
               415             -0.24          0.219566         0.0236374
               416              -0.2          0.218558         0.0236021
               417             -0.24          0.217458         0.0235711
               418             -0.32          0.216172         0.0235497
               419              -0.2          0.215179         0.0235145
               420              -0.2           0.21419         0.0234793
               421             -0.24          0.213112         0.0234483
               422             -0.24          0.212038         0.0234173
               423              -0.2          0.211064         0.0233822
               424              -0.2          0.210094         0.0233471
               425             -0.08          0.209412         0.0233021
               426             -0.08          0.208732         0.0232573
               427              -0.2          0.207775         0.0232226
               428              -0.2          0.206822         0.0231878
               429             -0.28          0.205688         0.0231615
               430             -0.28          0.204558         0.0231352
               431             -0.32          0.203341         0.0231135
               432             -0.36          0.202037         0.0230968
               433             -0.36          0.200739         0.0230799
               434             -0.32          0.199539         0.0230579
               435             -0.36          0.198253         0.0230407
               436             -0.32          0.197064         0.0230185
               437             -0.32          0.195881         0.0229962
               438             -0.28          0.194795         0.0229694
               439             -0.32          0.193622          0.022947
               440             -0.32          0.192455         0.0229245
               441              -0.2          0.191565         0.0228898
               442             -0.24          0.190588         0.0228588
               443             -0.24          0.189616         0.0228278
               444              -0.2          0.188739         0.0227933
               445             -0.24          0.187775         0.0227624
               446             -0.24          0.186816         0.0227316
               447             -0.24          0.185861         0.0227008
               448             -0.16          0.185089         0.0226632
               449              -0.2          0.184232          0.022629
               450             -0.28            0.1832         0.0226022
               451             -0.36          0.181996         0.0225841
               452              -0.4          0.180708         0.0225709
               453              -0.4          0.179426         0.0225574
               454             -0.52          0.177885         0.0225603
               455             -0.52          0.176352         0.0225628
               456             -0.48          0.174912         0.0225591
               457             -0.56          0.173304          0.022567
               458             -0.56          0.171703         0.0225745
               459              -0.6          0.170022         0.0225878
               460             -0.56          0.168435         0.0225944
               461              -0.6          0.166768         0.0226068
               462             -0.56          0.165195         0.0226125
               463             -0.52          0.163715         0.0226121
               464             -0.44          0.162414         0.0226007
               465             -0.36           0.16129           0.02258
               466             -0.24          0.160429          0.022548
               467              -0.2          0.159657         0.0225129
               468              -0.2          0.158889         0.0224779
               469             -0.32          0.157868         0.0224532
               470              -0.4          0.156681         0.0224368
               471             -0.44          0.155414         0.0224249
               472              -0.4          0.154237         0.0224082
               473              -0.4          0.153066         0.0223914
               474             -0.36          0.151983         0.0223703
               475             -0.48          0.150653         0.0223628
               476             -0.48          0.149328          0.022355
               477             -0.52          0.147925         0.0223521
               478             -0.52          0.146527          0.022349
               479             -0.56          0.145052          0.022351
               480             -0.52          0.143667         0.0223473
               481             -0.52          0.142287         0.0223434
               482             -0.48          0.140996         0.0223343
               483             -0.44          0.139793         0.0223205
               484             -0.48          0.138512          0.022311
               485             -0.32          0.137567         0.0222851
               486             -0.36          0.136543         0.0222627
               487              -0.4          0.135441         0.0222442
               488             -0.44          0.134262         0.0222299
               489             -0.44          0.133088         0.0222154
               490             -0.52          0.131755           0.02221
               491              -0.6          0.130265         0.0222147
               492              -0.6           0.12878         0.0222191
               493             -0.64          0.127221         0.0222287
               494              -0.6          0.125749         0.0222324
               495             -0.56          0.124364         0.0222306
               496              -0.6          0.122903         0.0222337
               497             -0.64          0.121368         0.0222419
               498             -0.56              0.12         0.0222393
               499             -0.52          0.118717         0.0222317
               500             -0.56           0.11736         0.0222286
               501             -0.56          0.116008         0.0222253
               502             -0.64          0.114502          0.022232
               503              -0.6          0.113082         0.0222331
               504              -0.6          0.111667          0.022234
               505             -0.68          0.110099         0.0222452
               506             -0.68          0.108538         0.0222559
               507             -0.64          0.107061          0.022261
               508             -0.72          0.105433         0.0222766
               509             -0.64          0.103969         0.0222809
               510             -0.64           0.10251         0.0222849
               511             -0.56          0.101213          0.022279
               512             -0.64         0.0997656         0.0222825
               513              -0.6         0.0984016         0.0222808
               514              -0.6         0.0970428         0.0222788
               515              -0.6         0.0956893         0.0222766
               516              -0.6         0.0943411         0.0222742
               517             -0.68         0.0928433         0.0222814
               518             -0.56          0.091583          0.022274
               519              -0.4         0.0906358         0.0222512
               520             -0.48         0.0895385         0.0222355
               521             -0.36         0.0886756         0.0222095
               522             -0.32         0.0878927         0.0221808
               523             -0.28         0.0871893         0.0221495
               524             -0.24         0.0865649         0.0221161
               525             -0.16         0.0860952         0.0220789
               526             -0.12         0.0857034         0.0220404
               527             -0.04         0.0854649         0.0219999
               528             -0.12         0.0850758         0.0219617
               529             -0.16         0.0846125          0.021925
               530             -0.24             0.084         0.0218922
               531             -0.24         0.0833898         0.0218595
               532             -0.28         0.0827068         0.0218291
               533             -0.32         0.0819512         0.0218012
               534             -0.32         0.0811985         0.0217734
               535              -0.4         0.0802991         0.0217512
               536             -0.36         0.0794776         0.0217261
               537             -0.28         0.0788082          0.021696
               538             -0.32         0.0780669         0.0216683
               539             -0.32         0.0773284         0.0216407
               540             -0.28         0.0766667         0.0216108
               541             -0.24         0.0760813         0.0215787
               542             -0.32         0.0753506         0.0215513
               543             -0.36         0.0745488         0.0215265
               544             -0.28         0.0738971         0.0214968
               545             -0.28         0.0732477         0.0214672
               546             -0.32         0.0725275         0.0214399
               547             -0.24         0.0719561         0.0214083
               548             -0.16         0.0715328         0.0213735
               549              -0.2         0.0710383         0.0213403
               550             -0.24         0.0704727         0.0213089
               551             -0.36         0.0696915         0.0212846
               552             -0.32         0.0689855         0.0212577
               553              -0.2         0.0684991         0.0212249
               554             -0.36         0.0677256         0.0212006
               555              -0.4         0.0668829         0.0211792
               556             -0.48         0.0658993         0.0211639
               557             -0.44          0.064991         0.0211454
               558             -0.48         0.0640143           0.02113
               559             -0.52         0.0629696         0.0211181
               560             -0.48             0.062         0.0211026
               561             -0.52         0.0609626         0.0210905
               562             -0.56         0.0598577         0.0210819
               563             -0.48         0.0588988         0.0210662
               564              -0.4         0.0580851         0.0210446
               565             -0.32         0.0574159          0.021018
               566             -0.24         0.0568905         0.0209874
               567             -0.36         0.0561552         0.0209632
               568             -0.32          0.055493         0.0209368
               569             -0.08         0.0552548         0.0209014
               570             -0.28         0.0546667          0.020873
               571              -0.4         0.0538704         0.0208516
               572             -0.56         0.0527972         0.0208427
               573             -0.56         0.0517277         0.0208338
               574             -0.52         0.0507317         0.0208213
               575             -0.56         0.0496696         0.0208121
               576             -0.68         0.0484028         0.0208145
               577              -0.8         0.0469324         0.0208303
               578             -0.88         0.0453287         0.0208559
               579             -0.76         0.0439378         0.0208662
               580              -0.6         0.0428276         0.0208598
               581             -0.48         0.0419277         0.0208433
               582              -0.6         0.0408247         0.0208366
               583             -0.64         0.0396569         0.0208336
               584             -0.72         0.0383562         0.0208385
               585             -0.76         0.0369915         0.0208475
               586             -0.68         0.0357679         0.0208478
               587             -0.68         0.0345486         0.0208479
               588             -0.68         0.0333333         0.0208478
               589             -0.52         0.0323939         0.0208336
               590             -0.68         0.0311864         0.0208332
               591             -0.76         0.0298477          0.020841
               592             -0.72         0.0285811         0.0208442
               593             -0.56         0.0275885         0.0208327
               594             -0.56         0.0265993         0.0208211
               595             -0.56         0.0256134         0.0208094
               596             -0.56         0.0246309         0.0207977
               597             -0.48         0.0237856           0.02078
               598             -0.48         0.0229431         0.0207623
               599             -0.56         0.0219699         0.0207505
               600              -0.6         0.0209333         0.0207418
               601             -0.56         0.0199667         0.0207298
               602             -0.52         0.0190698         0.0207147
               603             -0.44         0.0183085         0.0206944
               604             -0.36         0.0176821         0.0206696
               605             -0.32          0.017124         0.0206429
               606             -0.36         0.0165017         0.0206183
               607             -0.32         0.0159473         0.0205917
               608             -0.36         0.0153289         0.0205672
               609              -0.4          0.014647         0.0205447
               610             -0.44         0.0139016         0.0205245
               611             -0.44         0.0131588         0.0205044
               612             -0.44         0.0124183         0.0204842
               613             -0.44         0.0116803         0.0204641
               614             -0.44         0.0109446          0.020444
               615             -0.48         0.0101463         0.0204263
               616             -0.48        0.00935065         0.0204087
               617             -0.48        0.00855754          0.020391
               618             -0.52        0.00770227         0.0203759
               619             -0.56        0.00678514         0.0203636
               620             -0.56        0.00587097         0.0203513
               621             -0.56        0.00495974         0.0203389
               622             -0.64        0.00392283         0.0203326
               623             -0.52        0.00308186         0.0203174
               624             -0.48        0.00230769         0.0202996
               625             -0.48          0.001536         0.0202817
               626              -0.6        0.00057508         0.0202721
               627             -0.56      -0.000318979         0.0202595
               628              -0.6       -0.00127389         0.0202497
               629             -0.56       -0.00216216          0.020237
               630              -0.6       -0.00311111         0.0202271
               631              -0.6       -0.00405705         0.0202172
               632             -0.52       -0.00487342         0.0202016
               633             -0.44       -0.00556082         0.0201814
               634             -0.56       -0.00643533         0.0201685
               635              -0.6       -0.00737008         0.0201584
               636             -0.64       -0.00836478         0.0201512
               637             -0.56       -0.00923077         0.0201382
               638             -0.56         -0.010094         0.0201251
               639             -0.44        -0.0107668         0.0201049
               640             -0.52        -0.0115625         0.0200892
               641             -0.44        -0.0122309          0.020069
               642             -0.48        -0.0129595         0.0200509
               643              -0.4        -0.0135614         0.0200288
               644             -0.44        -0.0142236         0.0200086
               645             -0.48        -0.0149457         0.0199906
               646             -0.44        -0.0156037         0.0199705
               647              -0.4        -0.0161978         0.0199485
               648              -0.4        -0.0167901         0.0199265
               649             -0.36         -0.017319         0.0199028
               650             -0.36        -0.0178462         0.0198792
               651             -0.24        -0.0181874         0.0198516
               652             -0.24        -0.0185276          0.019824
               653              -0.2        -0.0188055         0.0197956
               654              -0.2        -0.0190826         0.0197673
               655             -0.28        -0.0194809         0.0197411
               656             -0.24        -0.0198171         0.0197139
               657             -0.32         -0.020274         0.0196892
               658             -0.28        -0.0206687         0.0196632
               659             -0.28        -0.0210622         0.0196373
               660             -0.32        -0.0215152         0.0196128
               661             -0.08        -0.0216036         0.0195833
               662             -0.04        -0.0216314         0.0195538
               663              0.04        -0.0215385         0.0195245
               664              0.04        -0.0214458         0.0194953
               665               0.2        -0.0211128         0.0194688
               666              0.16        -0.0208408         0.0194415
               667               0.2        -0.0205097         0.0194152
               668              0.24        -0.0201198           0.01939
               669              0.28        -0.0196712         0.0193662
               670              0.32        -0.0191642         0.0193439
               671              0.32        -0.0186587         0.0193217
               672              0.32        -0.0181548         0.0192995
               673               0.4        -0.0175334         0.0192809
               674              0.44        -0.0168546         0.0192642
               675               0.4         -0.016237         0.0192456
               676              0.48         -0.015503         0.0192311
               677              0.56        -0.0146529         0.0192215
               678              0.68        -0.0136283         0.0192204
               679              0.76         -0.012489         0.0192258
               680              0.76        -0.0113529         0.0192311
               681               0.8        -0.0101615         0.0192397
               682               0.8       -0.00897361         0.0192481
               683              0.72        -0.0079063         0.0192495
               684              0.72       -0.00684211         0.0192508
               685               0.6        -0.0059562         0.0192431
               686              0.64       -0.00501458          0.019238
               687              0.68       -0.00401747         0.0192358
               688              0.68       -0.00302326         0.0192336
               689              0.72       -0.00197388         0.0192343
               690              0.68      -0.000985507         0.0192318
               691              0.72       5.78871e-05         0.0192322
               692              0.76        0.00115607         0.0192357
               693              0.72        0.00219336         0.0192359
               694              0.68        0.00317003          0.019233
               695              0.64        0.00408633         0.0192271
               696              0.64             0.005         0.0192212
               697              0.68        0.00596844          0.019218
               698              0.72         0.0069914         0.0192177
               699              0.84        0.00818312         0.0192271
               700              0.84        0.00937143         0.0192363
               701              0.84         0.0105563         0.0192453
               702              0.84         0.0117379         0.0192542
               703               0.8         0.0128592         0.0192594
               704              0.76         0.0139205         0.0192613
               705              0.68         0.0148652         0.0192571
               706              0.64         0.0157507         0.0192502
               707              0.68         0.0166902         0.0192459
               708              0.72         0.0176836         0.0192443
               709              0.76         0.0187306         0.0192456
               710              0.68          0.019662          0.019241
               711              0.68         0.0205907         0.0192364
               712               0.6         0.0214045         0.0192265
               713               0.6          0.022216         0.0192167
               714              0.64         0.0230812         0.0192093
               715              0.72         0.0240559         0.0192071
               716               0.8         0.0251397         0.0192108
               717               0.8         0.0262204         0.0192144
               718              0.84         0.0273538          0.019221
               719               0.8         0.0284284         0.0192243
               720              0.88         0.0296111          0.019234
               721              0.84         0.0307351         0.0192401
               722               0.8         0.0318006         0.0192429
               723              0.84         0.0329184         0.0192488
               724               0.8         0.0339779         0.0192513
               725               0.8         0.0350345         0.0192537
               726               0.8         0.0360882          0.019256
               727              0.68         0.0369739         0.0192499
               728              0.52         0.0376374         0.0192349
               729              0.56         0.0383539         0.0192218
               730              0.48         0.0389589          0.019205
               731               0.4         0.0394528         0.0191851
               732              0.44              0.04         0.0191667
               733              0.24         0.0402729         0.0191425
               734              0.28         0.0405995         0.0191192
               735               0.4         0.0410884         0.0190994
               736              0.28          0.041413         0.0190762
               737              0.36         0.0418453         0.0190553
               738               0.4         0.0423306         0.0190356
               739              0.24         0.0425981         0.0190117
               740               0.4         0.0430811         0.0189922
               741               0.4         0.0435628         0.0189727
               742              0.44          0.044097         0.0189546
               743              0.36         0.0445222         0.0189339
               744               0.4             0.045         0.0189144
               745              0.32         0.0453691         0.0188927
               746              0.24           0.04563         0.0188691
               747              0.28         0.0459438         0.0188465
               748              0.24         0.0462032         0.0188231
               749              0.28         0.0465154         0.0188005
               750              0.24         0.0467733         0.0187772
               751              0.24         0.0470306          0.018754
               752               0.2          0.047234         0.0187302
               753              0.16         0.0473838         0.0187059
               754              0.08         0.0474271         0.0186811
               755              0.08         0.0474702         0.0186564
               756                 0         0.0474074         0.0186319
               757                 0         0.0473448         0.0186074
               758             -0.04         0.0472296         0.0185832
               759              0.12         0.0473254         0.0185589
               760              0.12         0.0474211         0.0185347
               761              0.12         0.0475164         0.0185106
               762              0.08         0.0475591         0.0184864
               763             -0.04         0.0474443         0.0184625
               764             -0.08         0.0472775         0.0184391
               765              -0.2         0.0469542         0.0184178
               766             -0.08         0.0467885         0.0183945
               767             -0.08         0.0466232         0.0183713
               768                 0         0.0465625         0.0183475
               769                 0          0.046502         0.0183237
               770                 0         0.0464416            0.0183
               771              0.04         0.0464332         0.0182763
               772             -0.16         0.0461658         0.0182546
               773             -0.28         0.0457439         0.0182358
               774             -0.32         0.0452713         0.0182184
               775              -0.4         0.0446968         0.0182039
               776             -0.36         0.0441753          0.018188
               777             -0.32         0.0437066         0.0181706
               778             -0.32         0.0432391         0.0181532
               779             -0.36         0.0427214         0.0181373
               780             -0.48         0.0420513         0.0181264
               781              -0.6         0.0412292         0.0181219
               782             -0.56         0.0404604          0.018115
               783             -0.52         0.0397446          0.018106
               784             -0.52         0.0390306          0.018097
               785             -0.56         0.0382675           0.01809
               786             -0.56         0.0375064          0.018083
               787             -0.52          0.036798         0.0180739
               788             -0.56         0.0360406         0.0180668
               789             -0.44         0.0354373          0.018054
               790             -0.52         0.0347342         0.0180448
               791              -0.6         0.0339317         0.0180398
               792              -0.6         0.0331313         0.0180348
               793             -0.64         0.0322825          0.018032
               794             -0.64         0.0314358         0.0180292
               795              -0.6         0.0306415          0.018024
               796             -0.64          0.029799          0.018021
               797             -0.64         0.0289586          0.018018
               798             -0.68         0.0280702         0.0180173
               799             -0.64          0.027234         0.0180142
               800             -0.52           0.02655         0.0180046
               801             -0.44         0.0259675         0.0179916
               802              -0.4         0.0254364          0.017977
               803             -0.56         0.0247073         0.0179694
               804             -0.56         0.0239801         0.0179617
               805             -0.64         0.0231553         0.0179583
               806             -0.72         0.0222333         0.0179597
               807              -0.6         0.0214622          0.017954
               808             -0.56         0.0207426         0.0179462
               809             -0.44         0.0201731          0.017933
               810             -0.44         0.0196049         0.0179199
               811             -0.44         0.0190382         0.0179068
               812              -0.4         0.0185222         0.0178921
               813             -0.36         0.0180566         0.0178762
               814             -0.28         0.0176904          0.017858
               815             -0.32         0.0172761         0.0178409
               816             -0.16         0.0170588         0.0178203
               817             -0.16         0.0168421         0.0177998
               818             -0.24         0.0165281         0.0177809
               819              -0.2         0.0162637         0.0177611
               820              -0.2             0.016         0.0177414
               821              -0.2         0.0157369         0.0177217
               822             -0.24         0.0154258         0.0177029
               823              -0.2          0.015164         0.0176833
               824             -0.12             0.015         0.0176626
               825             -0.04         0.0149333         0.0176414
               826             -0.08         0.0148184         0.0176204
               827             -0.08         0.0147037         0.0175994
               828             -0.04         0.0146377         0.0175783
               829             -0.04         0.0145718         0.0175572
               830             -0.08         0.0144578         0.0175364
               831             -0.08         0.0143442         0.0175157
               832              0.04          0.014375         0.0174947
               833              0.04         0.0144058         0.0174737
               834             -0.04         0.0143405         0.0174529
               835             -0.12         0.0141796         0.0174327
               836             -0.16         0.0139713         0.0174131
               837             -0.16         0.0137634         0.0173935
               838             -0.08         0.0136516         0.0173732
               839              -0.2         0.0133969         0.0173543
               840              -0.2         0.0131429         0.0173355
               841             -0.32         0.0127467         0.0173194
               842             -0.28          0.012399         0.0173023
               843             -0.28         0.0120522         0.0172853
               844             -0.24         0.0117536         0.0172674
               845              -0.2          0.011503         0.0172488
               846              -0.2          0.011253         0.0172302
               847             -0.12          0.011098         0.0172106
               848             -0.08         0.0109906         0.0171906
               849             -0.04         0.0109305         0.0171705
               850             -0.12         0.0107765         0.0171509
               851             -0.12         0.0106228         0.0171315
               852             -0.08         0.0105164         0.0171117
               853             -0.04         0.0104572         0.0170917
               854             -0.08         0.0103513         0.0170721
               855             -0.12         0.0101988         0.0170528
               856             -0.16              0.01          0.017034
               857              -0.2        0.00975496         0.0170159
               858              -0.2        0.00951049         0.0169978
               859             -0.28        0.00917346         0.0169814
               860             -0.28        0.00883721          0.016965
               861             -0.32        0.00845528         0.0169495
               862             -0.32        0.00807425         0.0169342
               863             -0.24        0.00778679          0.016917
               864             -0.16        0.00759259         0.0168985
               865              -0.2         0.0073526         0.0168807
               866             -0.24        0.00706697         0.0168636
               867             -0.32        0.00668973         0.0168484
               868             -0.32        0.00631336         0.0168332
               869             -0.16        0.00612198         0.0168149
               870              -0.2        0.00588506         0.0167972
               871             -0.04        0.00583238          0.016778
               872                 0        0.00582569         0.0167588
               873              0.04        0.00586483         0.0167396
               874                 0        0.00585812         0.0167205
               875              0.04        0.00589714         0.0167014
               876                 0        0.00589041         0.0166824
               877              0.04         0.0059293         0.0166634
               878              0.04        0.00596811         0.0166444
               879              0.12        0.00609784          0.016626
               880              0.08        0.00618182         0.0166073
               881              0.08        0.00626561         0.0165887
               882              0.12        0.00639456         0.0165704
               883              0.16        0.00656852         0.0165525
               884              0.16        0.00674208         0.0165347
               885              0.24        0.00700565         0.0165181
               886              0.32        0.00735892         0.0165033
               887              0.36        0.00775648         0.0164895
               888              0.36        0.00815315         0.0164757
               889              0.28        0.00845894           0.01646
               890              0.28        0.00876404         0.0164443
               891              0.32        0.00911336         0.0164296
               892               0.4        0.00955157          0.016417
               893               0.4         0.0099888         0.0164044
               894               0.4         0.0104251         0.0163919
               895              0.48         0.0109497         0.0163819
               896              0.44         0.0114286         0.0163707
               897              0.48         0.0119509         0.0163607
               898              0.48         0.0124722         0.0163508
               899              0.44         0.0129477         0.0163395
               900              0.44         0.0134222         0.0163283
               901              0.44         0.0138957          0.016317
               902              0.48         0.0144124         0.0163071
               903              0.52         0.0149723         0.0162987
               904              0.44         0.0154425         0.0162874
               905               0.4         0.0158674          0.016275
               906              0.44         0.0163355         0.0162637
               907              0.52         0.0168908         0.0162553
               908              0.52         0.0174449         0.0162468
               909              0.48         0.0179538         0.0162369
               910              0.52         0.0185055         0.0162284
               911              0.52          0.019056         0.0162199
               912              0.48         0.0195614           0.01621
               913              0.52         0.0201095         0.0162015
               914              0.56         0.0207002         0.0161946
               915              0.56         0.0212896         0.0161876
               916              0.48         0.0217904         0.0161777
               917              0.48         0.0222901         0.0161678
               918              0.48         0.0227887         0.0161578
               919              0.48         0.0232862         0.0161479
               920              0.56         0.0238696         0.0161409
               921               0.6         0.0244951         0.0161355
               922              0.52         0.0250325         0.0161269
               923              0.52         0.0255688         0.0161184
               924              0.56         0.0261472         0.0161113
               925              0.52         0.0266811         0.0161027
               926              0.52         0.0272138         0.0160941
               927              0.44         0.0276591         0.0160829
               928              0.52         0.0281897         0.0160744
               929              0.48          0.028676         0.0160644
               930              0.52         0.0292043         0.0160558
               931              0.52         0.0297315         0.0160472
               932               0.6         0.0303433         0.0160417
               933               0.6         0.0309539         0.0160361
               934               0.6         0.0315632         0.0160305
               935               0.6         0.0321711         0.0160249
               936               0.6         0.0327778         0.0160192
               937              0.64         0.0334258         0.0160152
               938              0.64         0.0340725         0.0160112
               939              0.64         0.0347178         0.0160072
               940               0.6         0.0353191         0.0160014
               941               0.6         0.0359192         0.0159957
               942               0.6          0.036518         0.0159899
               943              0.64          0.037158         0.0159857
               944               0.6         0.0377542         0.0159799
               945              0.48         0.0382222         0.0159699
               946              0.52         0.0387315         0.0159611
               947              0.52         0.0392397         0.0159523
               948              0.56          0.039789          0.015945
               949              0.56         0.0403372         0.0159376
               950              0.56         0.0408842         0.0159302
               951              0.56         0.0414301         0.0159228
               952              0.56         0.0419748         0.0159154
               953              0.56         0.0425184         0.0159079
               954              0.68         0.0431866         0.0159053
               955              0.76         0.0439372         0.0159063
               956              0.68         0.0446025         0.0159036
               957              0.64         0.0452247         0.0158992
               958               0.6         0.0458038         0.0158931
               959               0.6         0.0463816          0.015887
               960              0.64             0.047         0.0158825
               961              0.64         0.0476171          0.015878
               962              0.56         0.0481497         0.0158704
               963              0.52         0.0486397         0.0158615
               964              0.44         0.0490456         0.0158502
               965              0.44         0.0494508          0.015839
               966              0.48         0.0498965         0.0158289
               967              0.44         0.0502999         0.0158176
               968              0.44         0.0507025         0.0158064
               969               0.4          0.051063         0.0157942
               970               0.4         0.0514227          0.015782
               971               0.4         0.0517817         0.0157698
               972              0.48         0.0522222         0.0157598
               973              0.44         0.0526208         0.0157486
               974              0.48         0.0530595         0.0157386
               975              0.48         0.0534974         0.0157285
               976              0.52         0.0539754         0.0157197
               977              0.52         0.0544524         0.0157108
               978              0.56         0.0549693         0.0157032
               979              0.48         0.0554035         0.0156932
               980              0.44         0.0557959         0.0156821
               981              0.44         0.0561876          0.015671
               982              0.52         0.0566599         0.0156621
               983              0.56         0.0571719         0.0156546
               984              0.56         0.0576829          0.015647
               985              0.56         0.0581929         0.0156394
               986              0.68         0.0588235         0.0156363
               987              0.64         0.0594124         0.0156315
               988              0.68         0.0600405         0.0156283
               989              0.48         0.0604651         0.0156183
               990              0.48         0.0608889         0.0156083
               991               0.4         0.0612311         0.0155963
               992              0.32         0.0614919         0.0155827
               993              0.32         0.0617523         0.0155692
               994              0.36         0.0620523         0.0155564
               995              0.44         0.0624322         0.0155454
               996               0.4         0.0627711         0.0155335
               997              0.36         0.0630692         0.0155208
               998              0.36         0.0633667         0.0155081
               999              0.36         0.0636637         0.0154954
              1000              0.44           0.06404         0.0154845
