#HALF_LENGTH_HISTORY
41.2923
39.7797
38.2657
37.3542
36.3727
34.6382
34.3469
33.9826
32.4029
31.6524
31.1772
30.1297
30.0121
29.0945
28.6741
28.1084
27.5691
27.2693
26.6114
26.626
26.7933
26.2971
26.1843
25.8967
26.19
25.463
25.1094
25.0205
25.1037
24.0522
24.0143
23.7357
23.9337
24.4389
24.6292
24.2843
24.2967
24.6776
24.2744
24.1694
23.8207
24.398
23.4048
23.4207
22.6686
22.3248
21.9073
21.3953
21.1938
21.5318
21.1669
20.9832
20.7419
20.0036
20.2541
20.9678
20.4047
20.1527
20.2379
19.5248
20.0039
19.7841
19.3427
19.4565
19.5842
19.5233
18.8337
19.0111
19.4034
19.1068
19.4074
18.7375
18.7777
18.4001
18.2295
18.3015
17.6362
18.0763
17.8572
17.6106
18.1108
17.6568
17.6208
17.7037
18.2458
17.7368
17.7546
17.4578
17.5478
17.3664
17.6165
17.5482
17.4894
17.4504
18.0169
17.5002
17.7465
17.1131
17.528
17.2953
17.4788
16.9959
17.5326
17.7669
17.9088
17.473
17.6838
17.1668
17.0894
16.9048
16.7535
17.1064
17.267
17.2879
17.0693
16.7215
16.6239
17.4926
17.0984
17.5984
17.558
17.0938
16.8223
17.3496
17.0991
16.7009
17.1482
17.662
17.3814
17.9518
17.643
18.3086
18.0666
17.4412
16.9005
17.659
17.3264
17.0412
17.4788
17.6151
17.5498
16.3647
16.709
17.2809
16.9537
17.117
17.0573
16.9266
17.0777
17.2178
17.301
17.911
17.1607
16.9605
17.7236
17.7194
17.6376
17.253
17.4139
17.017
16.5883
16.5822
16.425
16.8298
17.099
17.0278
17.3348
17.7382
18.0629
17.583
17.3126
17.5059
17.3298
17.1324
16.8403
17.2644
17.3502
17.7273
17.4185
17.5425
17.478
17.1411
17.4722
17.284
16.9896
17.448
17.0815
16.8805
17.313
16.8135
17.53
17.3822
17.5441
17.0735
16.9767
16.8235
16.3015
16.3414
16.7869
17.2482
16.7154
17.0564
17.2065
17.547
17.1337
16.6634
16.3778
16.9495
16.6258
17.0457
16.427
16.7747
17.0135
16.4638
16.3117
17.2512
16.8988
17.2206
16.8811
16.7731
17.2772
17.1681
16.9603
16.928
17.2293
16.8416
16.7149
17.531
17.7548
17.5181
17.2456
16.6121
17.1141
16.4595
17.0342
17.0264
16.8432
16.4297
16.8153
16.7624
17.1858
18.0949
17.5162
17.8805
17.1936
17.2353
16.9982
16.7858
16.5589
17.0616
17.1018
17.0919
17.1646
17.1219
17.0797
16.9419
17.2915
17.0297
17.1771
17.1922
18.0433
17.0637
17.5465
17.2323
17.3543
16.8874
17.0141
17.3201
17.3349
17.4085
17.4368
17.9799
17.7802
17.8974
17.995
17.4098
17.3758
17.4597
17.1786
16.6372
17.1626
17.3333
17.1612
17.3965
17.36
17.7512
17.6526
16.8504
17.0172
17.6881
17.4885
17.1403
17.5164
18.0034
17.6983
17.5137
17.4619
17.13
17.4384
17.365
16.873
17.0543
17.6185
17.1623
17.1026
16.9019
16.6499
17.0051
16.9224
17.3029
17.3639
17.7662
17.9503
18.188
17.9984
18.429
17.6451
17.9588
17.6142
17.6754
17.5938
17.633
17.1718
17.6701
17.1798
17.3255
17.2662
16.8105
17.1223
16.7191
16.5014
16.6596
16.6344
17.6013
17.2844
17.0194
17.7357
17.3311
17.4685
17.3305
17.1506
16.52
16.7061
17.4336
17.4371
16.8841
16.9015
16.3962
16.5603
16.7748
16.9066
16.9003
17.2399
17.0176
17.1074
16.6614
17.0853
17.0258
17.241
17.4432
17.0916
17.3238
17.4742
17.3228
16.7235
17.1237
16.9009
16.9838
17.456
17.0468
17.0199
17.1269
17.7316
17.7498
17.8787
17.7306
17.4453
17.7313
17.3915
17.5057
17.0503
17.4286
17.0138
17.067
16.5507
16.6816
17.1248
17.5798
17.3218
17.3334
16.6964
17.0157
16.9869
16.6102
16.9381
17.4348
17.2929
16.6659
16.696
16.5237
16.8384
17.096
17.3503
16.5834
16.5647
16.7993
16.7888
16.9071
17.2046
17.3225
16.4911
16.6716
16.6396
17.1024
17.3541
17.0243
17.4053
16.9069
16.7701
16.9215
16.6895
16.9757
16.9462
17.4905
17.0545
17.3304
17.3491
17.3261
17.1874
17.0472
17.3982
17.1384
17.692
17.0082
17.7295
17.1145
18.0937
17.4771
17.3003
17.2287
17.4646
17.5793
17.2118
17.5081
17.2361
16.7953
17.4352
16.8663
17.2411
17.6623
18.2796
17.6363
17.5228
17.4956
18.0813
17.6434
17.829
18.0692
18.9165
17.9297
17.7657
17.9276
17.4632
16.9493
16.9376
16.6836
17.4101
17.6605
17.3863
17.3153
17.283
17.1462
16.653
17.0769
17.1423
17.5377
17.1164
17.5391
17.2463
16.7396
17.4371
16.6491
17.0354
16.8605
17.1189
17.3054
17.4041
17.033
17.2265
17.1925
17.103
16.8321
16.8119
17.2155
16.9807
17.2677
16.9154
17.1863
16.9214
16.6736
16.574
16.89
16.5391
16.6921
16.8274
17.3083
17.0621
16.7434
17.3281
16.89
16.7086
17.121
17.3404
17.2428
17.8054
17.1765
17.0679
16.7199
16.8779
16.7228
17.1179
16.8408
17.9658
17.6224
17.8067
17.5467
17.0845
16.7586
17.0844
17.2254
17.1657
17.5179
17.3614
17.1399
17.9389
17.2355
17.2785
17.2603
17.3805
17.1014
17.5469
17.2112
17.1024
16.9116
16.798
16.8917
17.3699
17.2843
17.4713
17.3823
17.5673
17.0801
17.1593
17.535
17.5233
17.488
16.9758
17.3014
17.6275
17.5121
17.1061
17.3098
17.448
17.0969
16.847
17.1536
16.8717
16.7608
17.0239
17.1336
16.5454
17.0087
17.0322
16.8272
16.287
16.6913
16.3335
16.1203
16.4901
16.5557
16.9542
17.4214
16.8248
17.27
16.789
17.4192
17.2585
16.9802
17.3011
17.4206
16.8648
17.6255
16.9935
17.1461
17.239
16.8289
17.2102
17.2319
17.1645
16.6547
17.5599
17.3878
17.5252
17.5253
17.1135
17.0025
17.3346
17.1467
17.3229
17.2898
17.1733
17.3154
17.0683
16.5621
16.9101
16.6916
17.3116
17.707
17.1447
17.1937
16.4977
17.1077
17.2837
16.6272
17.0985
17.6716
17.0248
17.0407
17.5607
17.1903
16.5846
16.6949
17.1088
16.9149
17.1897
16.9528
17.3361
17.2658
17.106
16.9903
17.1726
17.0329
16.9678
17.5718
16.9326
17.2104
16.7853
17.1896
17.1919
16.497
17.2421
17.4953
17.0763
17.3407
17.0571
16.677
17.1134
17.789
17.6883
17.7123
17.1069
16.9413
17.185
17.293
17.2251
17.2902
17.0003
17.4034
17.6201
16.76
17.4275
16.3927
16.9562
16.7212
16.8467
16.8711
16.741
16.781
16.7315
16.937
16.7422
16.7358
17.0785
17.026
17.4317
17.0314
17.1277
16.7506
16.6554
16.964
16.9285
16.8485
16.2605
16.9184
17.1132
17.0783
16.7219
16.6183
16.84
16.8819
16.5505
16.5287
16.9837
16.9146
16.9964
17.3707
17.5027
16.9299
17.4521
16.9912
17.0006
17.0551
17.3333
16.9151
17.0561
17.1412
16.8852
16.6698
17.0349
17.178
17.6122
17.3602
17.7268
17.7096
17.756
17.415
17.2861
16.9713
16.7045
17.1954
16.9524
16.3541
16.6004
17.0836
16.894
17.2568
16.7768
16.9241
16.817
16.3062
17.1119
17.6138
17.4658
18.2736
17.6614
17.4341
17.4797
17.354
17.753
17.4293
17.1833
17.2817
17.5493
18.4966
17.9522
17.3871
17.5669
17.1189
16.5342
16.8487
17.2774
17.1979
17.4237
17.0454
17.4624
17.562
17.1895
17.3345
17.3281
17.1208
17.4189
16.6564
16.9973
16.5007
16.6088
17.0266
16.7866
17.216
17.547
17.3762
17.5773
17.3803
17.173
17.1694
17.3577
16.9619
17.3059
16.595
17.1509
17.2026
17.1558
17.0338
17.026
17.6703
17.6285
16.9689
16.7611
16.987
17.1798
17.1345
17.3899
16.7333
17.4288
17.6568
17.2978
17.1536
16.8547
17.4504
16.3417
16.0454
16.334
16.5774
16.6704
16.7282
16.6199
17.1141
16.9862
17.4801
17.1319
17.7581
16.8005
17.0975
16.9126
16.5725
16.4686
16.7231
16.882
17.1605
17.0598
17.2688
17.5789
17.7048
17.3598
17.5098
17.7813
17.7096
17.4667
17.3132
18.0788
17.7208
17.4278
17.2517
17.6535
17.5786
17.6456
17.2067
16.9717
17.2296
16.9871
16.7467
16.866
17.4844
17.3588
17.7617
17.8674
17.2986
16.8126
17.3027
17.2214
17.2354
17.7996
17.1417
17.1677
17.4775
17.8172
17.2599
17.5888
17.78
17.5047
17.6483
17.5653
17.9015
17.8982
17.3719
17.8372
17.5423
16.9171
16.6899
17.2344
16.7987
17.4765
17.0749
17.8567
17.9643
17.9343
18.0329
17.1701
17.4527
17.3307
17.3463
17.3286
17.4278
17.6406
17.5392
17.592
17.8107
17.5272
17.6014
17.5713
17.4498
17.4825
16.917
17.3183
17.445
16.8406
17.1124
17.1519
17.5274
16.9783
17.6099
17.0967
17.2436
17.7254
17.613
17.0601
16.9864
16.9544
17.2054
16.6593
16.9141
17.66
16.8868
16.6685
16.5874
16.776
16.6779
17.3858
17.3157
17.6622
16.964
17.1831
16.9263
16.347
17.2822
17.235
16.7308
16.9187
16.9715
17.0404
17.1177
17.3268
16.881
17.31
17.0649
17.311
17.584
17.3746
17.1321
16.7948
17.2838
17.0789
17.1393
17.2743
17.3451
17.0463
16.9646
17.1435
16.6774
16.6808
16.8749
17.6552
17.3756
17.539
17.3602
17.9857
17.7655
17.7862
17.0599
16.3801
16.617
17.4043
16.9602
16.7914
17.5425
17.7436
17.5747
17.5918
17.5839
17.9483
17.7856
17.3083
16.6714
17.0665
17.4519
16.9816
16.7432
16.8904
16.8003
17.0232
17.7002
17.7001
18.0417
17.9552
16.9235
17.0877
16.5197
16.361
16.5619
16.7242
17.0929
