# VELOCITY:     SINGLE_BLOCK_AVE_POFV:       PROGRESSIVE_AVE_POFV:        ERROR:
              0.12              0.02              0.02                 0
              0.36             0.204             0.204                 0
               0.6             0.654             0.654                 0
              0.84              1.33              1.33                 0
              1.08             2.304             2.304                 0
              1.32             3.912             3.912                 0
              1.56             6.064             6.064                 0
               1.8            10.156            10.156                 0
              2.04            11.392            11.392                 0
              2.28            23.696            23.696                 0
              2.52            20.782            20.782                 0
              2.76            10.868            10.868                 0
                 3             8.942             8.942                 0
              3.24             4.062             4.062                 0
              3.48             1.394             1.394                 0
              3.72             1.206             1.206                 0
              3.96               0.7               0.7                 0
               4.2             0.162             0.162                 0
              4.44             0.086             0.086                 0
              4.68             0.052             0.052                 0
              4.92             0.014             0.014                 0
              5.16                 0                 0                 0
               5.4                 0                 0                 0
              5.64                 0                 0                 0
              5.88                 0                 0                 0
              6.12                 0                 0                 0
              6.36                 0                 0                 0
               6.6                 0                 0                 0
              6.84                 0                 0                 0
              7.08                 0                 0                 0
              0.12             0.414             0.217            0.1393
              0.36             1.484             0.844          0.452548
               0.6             2.692             1.673          0.720542
              0.84             5.916             3.623            1.6214
              1.08             6.128             4.216           1.35199
              1.32             8.142             6.027           1.49553
              1.56            10.654             8.359           1.62281
               1.8            13.206            11.681           1.07834
              2.04            11.206            11.299         0.0657609
              2.28             9.192            16.444           5.12794
              2.52             6.388            13.585           5.08905
              2.76             7.424             9.146           1.21764
                 3             7.984             8.463          0.338704
              3.24             7.348             5.705           1.16178
              3.48             4.104             2.749           0.95813
              3.72             2.444             1.825          0.437699
              3.96             1.112             0.906          0.145664
               4.2             0.996             0.579          0.294864
              4.44             0.624             0.355          0.190212
              4.68             0.122             0.087         0.0247487
              4.92               0.3             0.157          0.101116
              5.16              0.12              0.06         0.0424264
               5.4                 0                 0                 0
              5.64                 0                 0                 0
              5.88                 0                 0                 0
              6.12                 0                 0                 0
              6.36                 0                 0                 0
               6.6                 0                 0                 0
              6.84                 0                 0                 0
              7.08                 0                 0                 0
              0.12             0.014          0.149333          0.108059
              0.36             1.848           1.17867           0.40705
               0.6              4.81           2.71867          0.979639
              0.84               4.1             3.782            1.0887
              1.08             9.382             5.938            1.6701
              1.32             9.378             7.144           1.35124
              1.56            13.044           9.92067           1.67222
               1.8            10.688             11.35          0.768014
              2.04            10.074           10.8907          0.336273
              2.28            10.376           14.4213           3.79664
              2.52             8.846           12.0053            3.6296
              2.76             7.568              8.62           0.91837
                 3             5.514              7.48          0.833774
              3.24             4.856             5.422          0.808251
              3.48              3.94             3.146          0.716295
              3.72             1.342             1.664          0.320043
              3.96             0.958          0.923333         0.0981352
               4.2             1.048          0.735333          0.234383
              4.44             0.114          0.274667          0.142767
              4.68               0.1         0.0913333         0.0168743
              4.92                 0          0.104667         0.0798127
              5.16                 0              0.04         0.0326599
               5.4                 0                 0                 0
              5.64                 0                 0                 0
              5.88                 0                 0                 0
              6.12                 0                 0                 0
              6.36                 0                 0                 0
               6.6                 0                 0                 0
              6.84                 0                 0                 0
              7.08                 0                 0                 0
              0.12             0.532             0.245          0.115898
              0.36             1.454            1.2475          0.311053
               0.6             4.092             3.062          0.792613
              0.84             6.534              4.47            1.0108
              1.08              7.56            6.3435           1.30087
              1.32            10.478            7.9775           1.24422
              1.56             12.51            10.568           1.37376
               1.8            10.808           11.2145          0.587842
              2.04              13.7            11.593          0.658454
              2.28            11.124            13.597            2.9356
              2.52             9.488            11.376           2.77622
              2.76             6.278            8.0345           0.85529
                 3             5.388             6.957           0.77213
              3.24             3.022             4.822          0.798414
              3.48             3.224            3.1655          0.537486
              3.72             0.808              1.45          0.303253
              3.96                 0            0.6925          0.213026
               4.2                 1            0.8015          0.184891
              4.44                 0             0.206          0.122481
              4.68                 0            0.0685         0.0234774
              4.92                 0            0.0785         0.0640054
              5.16                 0              0.03         0.0259808
               5.4                 0                 0                 0
              5.64                 0                 0                 0
              5.88                 0                 0                 0
              6.12                 0                 0                 0
              6.36                 0                 0                 0
               6.6                 0                 0                 0
              6.84                 0                 0                 0
              7.08                 0                 0                 0
              0.12                 0             0.196          0.102555
              0.36              0.99             1.196           0.25307
               0.6             2.628            2.9752          0.638826
              0.84             5.262            4.6284          0.820959
              1.08             9.488            6.9724           1.18299
              1.32            10.978            8.5776           1.13087
              1.56            11.896           10.8336           1.12439
               1.8            15.378           12.0472          0.880834
              2.04            13.336           11.9416          0.612125
              2.28             7.656           12.4088           2.57776
              2.52            10.036            11.108           2.23387
              2.76             8.338            8.0952          0.686383
                 3             3.642             6.294          0.856279
              3.24             5.804            5.0184          0.662447
              3.48             1.028             2.738          0.575409
              3.72              0.54             1.268          0.292156
              3.96             0.528            0.6596          0.172943
               4.2             0.472            0.7356          0.159225
              4.44                 0            0.1648          0.104685
              4.68                 0            0.0548         0.0224257
              4.92                 0            0.0628         0.0530949
              5.16                 0             0.024         0.0214663
               5.4                 0                 0                 0
              5.64                 0                 0                 0
              5.88                 0                 0                 0
              6.12                 0                 0                 0
              6.36                 0                 0                 0
               6.6                 0                 0                 0
              6.84                 0                 0                 0
              7.08                 0                 0                 0
              0.12                 0          0.163333         0.0905154
              0.36             0.298           1.04633          0.251281
               0.6             3.888           3.12733          0.550171
              0.84             5.046             4.698          0.687076
              1.08            11.074             7.656           1.16674
              1.32            14.236           9.52067           1.27642
              1.56            13.908            11.346           1.04726
               1.8            12.318           12.0923          0.735184
              2.04            11.326            11.839          0.518631
              2.28             9.672           11.9527           2.18812
              2.52              6.36           10.3167           1.99681
              2.76             6.672             7.858            0.6116
                 3             3.702             5.862          0.815289
              3.24              6.68           5.29533          0.607171
              3.48             1.384           2.51233          0.521886
              3.72             1.434           1.29567           0.24477
              3.96             0.002              0.55          0.175444
               4.2                 0             0.613          0.173584
              4.44                 0          0.137333         0.0907691
              4.68                 0         0.0456667         0.0204636
              4.92                 0         0.0523333         0.0452657
              5.16                 0              0.02         0.0182574
               5.4                 0                 0                 0
              5.64                 0                 0                 0
              5.88                 0                 0                 0
              6.12                 0                 0                 0
              6.36                 0                 0                 0
               6.6                 0                 0                 0
              6.84                 0                 0                 0
              7.08                 0                 0                 0
              0.12             0.032          0.144571         0.0795053
              0.36             1.222           1.07143          0.216633
               0.6             3.692             3.208          0.477453
              0.84             5.452           4.80571          0.597306
              1.08             9.418           7.90771           1.02685
              1.32            17.912           10.7194           1.55844
              1.56            11.906            11.426          0.900699
               1.8             11.73           12.0406          0.631977
              2.04            10.056           11.5843          0.503217
              2.28            11.032           11.8211           1.87948
              2.52            10.296           10.3137           1.71155
              2.76              5.16           7.47257          0.634152
                 3             3.364           5.50514          0.772983
              3.24             3.328           5.01429          0.581854
              3.48              2.07           2.44914          0.451141
              3.72             0.912           1.24086          0.215852
              3.96             0.418          0.531143           0.15139
               4.2                 0          0.525429          0.169442
              4.44                 0          0.117714         0.0798942
              4.68                 0         0.0391429          0.018551
              4.92                 0         0.0448571         0.0394117
              5.16                 0         0.0171429         0.0158712
               5.4                 0                 0                 0
              5.64                 0                 0                 0
              5.88                 0                 0                 0
              6.12                 0                 0                 0
              6.36                 0                 0                 0
               6.6                 0                 0                 0
              6.84                 0                 0                 0
              7.08                 0                 0                 0
              0.12                 0            0.1265         0.0715915
              0.36               1.5             1.125          0.196066
               0.6             3.704              3.27          0.421777
              0.84             9.442           5.38525          0.753017
              1.08            12.356           8.46375           1.03818
              1.32            15.554           11.3238           1.47616
              1.56             11.59           11.4465          0.788344
               1.8            10.806           11.8863          0.571511
              2.04            10.562           11.4565          0.456252
              2.28            10.542           11.6613           1.65133
              2.52             7.908            10.013            1.5238
              2.76             4.792            7.1375          0.637286
                 3              2.77           5.16325          0.748159
              3.24             3.966           4.88325          0.523669
              3.48             0.092            2.1545          0.481444
              3.72             1.416           1.26275          0.189978
              3.96             0.152           0.48375          0.139688
               4.2             0.178             0.482          0.153727
              4.44              0.24             0.133         0.0713547
              4.68              0.43             0.088         0.0484987
              4.92                 0           0.03925         0.0348818
              5.16                 0             0.015         0.0140312
               5.4                 0                 0                 0
              5.64                 0                 0                 0
              5.88                 0                 0                 0
              6.12                 0                 0                 0
              6.36                 0                 0                 0
               6.6                 0                 0                 0
              6.84                 0                 0                 0
              7.08                 0                 0                 0
              0.12             0.272          0.142667         0.0654368
              0.36             0.712           1.07911          0.179571
               0.6             3.658           3.31311           0.37711
              0.84            10.168           5.91667          0.836094
              1.08            11.398           8.78978          0.972677
              1.32            14.134            11.636           1.34476
              1.56            13.896           11.7187          0.746254
               1.8            10.438           11.7253           0.53018
              2.04             14.95           11.8447          0.546268
              2.28             7.804           11.2327           1.52245
              2.52             7.396           9.72222           1.38195
              2.76             4.666           6.86289          0.622839
                 3             2.482           4.86533          0.721913
              3.24             3.526           4.73244          0.486714
              3.48             0.504           1.97111          0.461559
              3.72             1.114           1.24622          0.169586
              3.96             0.596          0.496222          0.124722
               4.2             0.026          0.431333          0.144755
              4.44             0.042          0.122889         0.0641388
              4.68             0.218          0.102444         0.0452098
              4.92                 0         0.0348889         0.0312775
              5.16                 0         0.0133333         0.0125708
               5.4                 0                 0                 0
              5.64                 0                 0                 0
              5.88                 0                 0                 0
              6.12                 0                 0                 0
              6.36                 0                 0                 0
               6.6                 0                 0                 0
              6.84                 0                 0                 0
              7.08                 0                 0                 0
              0.12             0.412            0.1696         0.0641971
              0.36             1.354            1.1066          0.163704
               0.6             4.156            3.3974          0.348692
              0.84              4.84             5.809          0.759385
              1.08             12.41            9.1518          0.940369
              1.32            15.578           12.0302           1.26675
              1.56            15.072            12.054          0.743162
               1.8            11.214           11.6742          0.479622
              2.04             11.19           11.7792          0.495548
              2.28              7.51           10.8604           1.41499
              2.52             9.148            9.6648           1.24495
              2.76             4.898            6.6664          0.590736
                 3             4.414            4.8202          0.651131
              3.24              3.32            4.5912          0.458079
              3.48             1.484            1.9224          0.417965
              3.72                 1            1.2216          0.154405
              3.96                 0            0.4466          0.121722
               4.2                 0            0.3882          0.136555
              4.44                 0            0.1106         0.0588904
              4.68                 0            0.0922         0.0418334
              4.92                 0            0.0314         0.0283437
              5.16                 0             0.012         0.0113842
               5.4                 0                 0                 0
              5.64                 0                 0                 0
              5.88                 0                 0                 0
              6.12                 0                 0                 0
              6.36                 0                 0                 0
               6.6                 0                 0                 0
              6.84                 0                 0                 0
              7.08                 0                 0                 0
              0.12             0.278          0.179455         0.0591125
              0.36              1.47           1.13964          0.152119
               0.6             2.938           3.35564          0.319484
              0.84              7.75           5.98545          0.710555
              1.08            10.624           9.28564          0.864353
              1.32            19.782           12.7349           1.33328
              1.56              9.72           11.8418          0.705241
               1.8               9.4           11.4675          0.478509
              2.04             9.944           11.6124          0.477758
              2.28             8.098           10.6093           1.30845
              2.52            10.982           9.78455           1.13752
              2.76              7.09           6.70491          0.538286
                 3             3.884           4.73509          0.597474
              3.24             3.586           4.49982          0.425453
              3.48             1.226           1.85909          0.384733
              3.72             1.228           1.22218          0.140369
              3.96                 0             0.406          0.117232
               4.2                 0          0.352909           0.12862
              4.44                 0          0.100545         0.0543883
              4.68                 0         0.0838182          0.038861
              4.92                 0         0.0285455         0.0259103
              5.16                 0         0.0109091         0.0104014
               5.4                 0                 0                 0
              5.64                 0                 0                 0
              5.88                 0                 0                 0
              6.12                 0                 0                 0
              6.36                 0                 0                 0
               6.6                 0                 0                 0
              6.84                 0                 0                 0
              7.08                 0                 0                 0
              0.12              0.37          0.195333         0.0562787
              0.36             1.152           1.14067          0.139446
               0.6             5.378           3.52417          0.334369
              0.84             7.318            6.0965          0.659962
              1.08             9.446             9.299          0.792427
              1.32            18.058           13.1785           1.29386
              1.56            14.228           12.0407          0.673922
               1.8             8.712           11.2378          0.490644
              2.04             9.596           11.4443          0.466559
              2.28             7.166           10.3223           1.23047
              2.52              9.73              9.78           1.04273
              2.76             6.862             6.718          0.493588
                 3             4.582           4.72233           0.54782
              3.24             3.128            4.3855          0.405066
              3.48             0.788           1.76983          0.362878
              3.72             1.092           1.21133           0.12909
              3.96             0.394             0.405          0.107467
               4.2                 0            0.3235          0.121217
              4.44                 0         0.0921667         0.0504972
              4.68                 0         0.0768333         0.0362449
              4.92                 0         0.0261667         0.0238601
              5.16                 0              0.01        0.00957427
               5.4                 0                 0                 0
              5.64                 0                 0                 0
              5.88                 0                 0                 0
              6.12                 0                 0                 0
              6.36                 0                 0                 0
               6.6                 0                 0                 0
              6.84                 0                 0                 0
              7.08                 0                 0                 0
              0.12             0.624          0.228308         0.0608476
              0.36             1.244           1.14862          0.128946
               0.6             6.434             3.748           0.37618
              0.84             9.028             6.322          0.646574
              1.08             10.02           9.35446          0.733409
              1.32            14.938           13.3138           1.20139
              1.56            14.852           12.2569          0.655862
               1.8            10.448           11.1771          0.456648
              2.04             13.43           11.5971          0.454986
              2.28             6.772           10.0492           1.16573
              2.52             6.884           9.55723          0.986032
              2.76             4.988           6.58492          0.473219
                 3             3.674           4.64169          0.511581
              3.24             2.814           4.26462          0.391529
              3.48             0.944           1.70631          0.340479
              3.72             0.142           1.12908          0.142985
              3.96             0.664          0.424923           0.10103
               4.2               0.1          0.306308          0.113105
              4.44                 0         0.0850769         0.0471079
              4.68                 0         0.0709231         0.0339353
              4.92                 0         0.0241538         0.0221094
              5.16                 0        0.00923077        0.00886864
               5.4                 0                 0                 0
              5.64                 0                 0                 0
              5.88                 0                 0                 0
              6.12                 0                 0                 0
              6.36                 0                 0                 0
               6.6                 0                 0                 0
              6.84                 0                 0                 0
              7.08                 0                 0                 0
              0.12              1.84          0.343429          0.124493
              0.36             2.006           1.20986          0.133488
               0.6             4.996           3.83714          0.359717
              0.84             6.206           6.31371          0.600444
              1.08            11.666           9.51957          0.699361
              1.32            13.784           13.3474           1.11605
              1.56            14.746           12.4347          0.632654
               1.8            12.652           11.2824          0.436014
              2.04            13.718           11.7486          0.446997
              2.28              8.81           9.96071           1.08582
              2.52             5.594           9.27414          0.955374
              2.76             1.586           6.22786          0.558102
                 3              4.97           4.66514          0.475577
              3.24             2.964           4.17171          0.374422
              3.48             1.462           1.68886          0.316606
              3.72                 1           1.11986          0.133069
              3.96                 0          0.394571         0.0982671
               4.2                 0          0.284429          0.107122
              4.44                 0             0.079         0.0441333
              4.68                 0         0.0658571         0.0318872
              4.92                 0         0.0224286         0.0205974
              5.16                 0        0.00857143        0.00825964
               5.4                 0                 0                 0
              5.64                 0                 0                 0
              5.88                 0                 0                 0
              6.12                 0                 0                 0
              6.36                 0                 0                 0
               6.6                 0                 0                 0
              6.84                 0                 0                 0
              7.08                 0                 0                 0
              0.12             0.282          0.339333          0.116261
              0.36              3.43           1.35787          0.189655
               0.6             5.716            3.9624          0.356878
              0.84            11.834           6.68173          0.663681
              1.08              9.12           9.49293          0.653244
              1.32            12.048           13.2608             1.045
              1.56            12.448           12.4356          0.590478
               1.8            15.556           11.5673          0.491289
              2.04             9.622           11.6068          0.439105
              2.28              7.57           9.80133           1.02506
              2.52             5.556           9.02627          0.923279
              2.76              4.72           6.12733          0.529871
                 3             4.542           4.65693          0.443943
              3.24             1.804           4.01387          0.381284
              3.48              2.23           1.72493          0.297548
              3.72             1.294           1.13147          0.124703
              3.96             0.228          0.383467         0.0923413
               4.2                 0          0.265467          0.101645
              4.44                 0         0.0737333         0.0415041
              4.68                 0         0.0614667         0.0300621
              4.92                 0         0.0209333         0.0192784
              5.16                 0             0.008        0.00772873
               5.4                 0                 0                 0
              5.64                 0                 0                 0
              5.88                 0                 0                 0
              6.12                 0                 0                 0
              6.36                 0                 0                 0
               6.6                 0                 0                 0
              6.84                 0                 0                 0
              7.08                 0                 0                 0
              0.12                 0          0.318125          0.110912
              0.36             3.246           1.47587           0.21135
               0.6             5.348             4.049           0.34492
              0.84               9.9           6.88288          0.651969
              1.08            12.008           9.65012          0.631046
              1.32             10.88            13.112          0.990225
              1.56             9.472           12.2504          0.581899
               1.8            15.036           11.7841           0.50616
              2.04            13.242            11.709          0.423387
              2.28             7.822           9.67763          0.968432
              2.52             7.078            8.9045          0.873567
              2.76             4.894           6.05025          0.502329
                 3             5.064           4.68238          0.416925
              3.24             2.018           3.88912          0.377308
              3.48             0.916           1.67438          0.283214
              3.72             0.684            1.1035          0.120004
              3.96             0.272            0.3765         0.0868324
               4.2              0.12          0.256375         0.0956976
              4.44                 0          0.069125         0.0391651
              4.68                 0          0.057625         0.0284277
              4.92                 0          0.019625         0.0181179
              5.16                 0            0.0075        0.00726184
               5.4                 0                 0                 0
              5.64                 0                 0                 0
              5.88                 0                 0                 0
              6.12                 0                 0                 0
              6.36                 0                 0                 0
               6.6                 0                 0                 0
              6.84                 0                 0                 0
              7.08                 0                 0                 0
              0.12             0.306          0.317412           0.10439
              0.36             1.086           1.45294          0.200158
               0.6             5.732             4.148           0.33854
              0.84            11.528           7.15612          0.668428
              1.08             11.77           9.77482          0.606121
              1.32            11.452           13.0144          0.936778
              1.56             8.514           12.0306          0.587713
               1.8            15.338           11.9932           0.51776
              2.04            14.236           11.8576          0.423773
              2.28              9.61           9.67365          0.911474
              2.52              5.53             8.706          0.844432
              2.76             5.564           6.02165          0.473594
                 3             4.126           4.64965          0.393682
              3.24             1.552           3.75165          0.379334
              3.48             0.598           1.61106           0.27354
              3.72             0.058             1.042          0.127736
              3.96                 0          0.354353         0.0845018
               4.2             0.234          0.255059         0.0900774
              4.44             0.766          0.110118         0.0542246
              4.68                 0         0.0542353         0.0269568
              4.92                 0         0.0184706         0.0170888
              5.16                 0        0.00705882        0.00684806
               5.4                 0                 0                 0
              5.64                 0                 0                 0
              5.88                 0                 0                 0
              6.12                 0                 0                 0
              6.36                 0                 0                 0
               6.6                 0                 0                 0
              6.84                 0                 0                 0
              7.08                 0                 0                 0
              0.12             0.366          0.320111         0.0986258
              0.36             0.506           1.40033           0.19583
               0.6             4.636           4.17511          0.320816
              0.84             8.664           7.23989          0.636521
              1.08             13.11           9.96011            0.6001
              1.32            12.934           13.0099          0.884746
              1.56            10.058            11.921          0.565188
               1.8            17.278           12.2868          0.566153
              2.04            13.178            11.931          0.406529
              2.28            12.092             9.808          0.870682
              2.52             6.816             8.601          0.804021
              2.76             2.768           5.84089          0.480542
                 3             2.648           4.53844          0.387198
              3.24             1.792           3.64278          0.373556
              3.48             0.154           1.53011          0.270055
              3.72                 0          0.984111          0.133112
              3.96                 0          0.334667         0.0820683
               4.2                 0          0.240889         0.0861804
              4.44                 1          0.159556         0.0702211
              4.68                 0         0.0512222          0.025627
              4.92                 0         0.0174444         0.0161702
              5.16                 0        0.00666667        0.00647884
               5.4                 0                 0                 0
              5.64                 0                 0                 0
              5.88                 0                 0                 0
              6.12                 0                 0                 0
              6.36                 0                 0                 0
               6.6                 0                 0                 0
              6.84                 0                 0                 0
              7.08                 0                 0                 0
              0.12                 0          0.303263         0.0948631
              0.36              0.61           1.35874          0.189889
               0.6             4.994           4.21821          0.306813
              0.84              8.94           7.32937          0.609277
              1.08            10.774           10.0029          0.570043
              1.32            13.792           13.0511          0.839137
              1.56            16.486           12.1613          0.584282
               1.8             17.92           12.5833           0.60906
              2.04             8.912           11.7721          0.415026
              2.28             6.532           9.63558          0.841756
              2.52             8.324           8.58642          0.761836
              2.76              4.89           5.79084          0.457849
                 3             2.522           4.43232          0.381086
              3.24             2.196           3.56663          0.361573
              3.48               0.3           1.46537          0.263488
              3.72             0.012          0.932947          0.135583
              3.96             0.012          0.317684         0.0794866
               4.2             0.022          0.229368          0.082411
              4.44             0.762          0.191263         0.0733353
              4.68                 0         0.0485263         0.0244196
              4.92                 0         0.0165263         0.0153452
              5.16                 0        0.00631579        0.00614734
               5.4                 0                 0                 0
              5.64                 0                 0                 0
              5.88                 0                 0                 0
              6.12                 0                 0                 0
              6.36                 0                 0                 0
               6.6                 0                 0                 0
              6.84                 0                 0                 0
              7.08                 0                 0                 0
              0.12             0.202            0.2982          0.090255
              0.36             2.364             1.409          0.186929
               0.6             3.606            4.1876          0.292995
              0.84            10.258            7.4758           0.59615
              1.08             10.91           10.0483          0.543342
              1.32            12.972           13.0471           0.79719
              1.56            11.254           12.1159          0.556826
               1.8            17.068           12.8075           0.61851
              2.04            10.828           11.7249           0.39695
              2.28             8.326            9.5701           0.80221
              2.52             9.678             8.641          0.725696
              2.76             4.514             5.727          0.439385
                 3             2.996            4.3605          0.368737
              3.24             1.984            3.4875          0.352047
              3.48              1.04            1.4441          0.251171
              3.72                 0            0.8863          0.136593
              3.96                 0            0.3018         0.0770831
               4.2                 0            0.2179         0.0790844
              4.44                 0            0.1817         0.0702893
              4.68                 0            0.0461         0.0233189
              4.92                 0            0.0157         0.0146002
              5.16                 0             0.006        0.00584808
               5.4                 0                 0                 0
              5.64                 0                 0                 0
              5.88                 0                 0                 0
              6.12                 0                 0                 0
              6.36                 0                 0                 0
               6.6                 0                 0                 0
              6.84                 0                 0                 0
              7.08                 0                 0                 0
              0.12             0.198          0.293429         0.0860831
              0.36             1.266           1.40219          0.178151
               0.6             4.202           4.18829          0.279044
              0.84              8.71           7.53457          0.570651
              1.08            12.226            10.152          0.527271
              1.32             12.46           13.0191          0.759718
              1.56            10.976           12.0616          0.532949
               1.8            14.962           12.9101          0.597505
              2.04            11.196           11.6997          0.378846
              2.28            12.018           9.68667          0.772433
              2.52             8.578             8.638          0.691146
              2.76              5.57           5.71952          0.418526
                 3             3.244           4.30733           0.35499
              3.24             1.166           3.37695          0.352212
              3.48             0.584           1.40314          0.242527
              3.72             0.644          0.874762          0.130575
              3.96                 0          0.287429         0.0747401
               4.2                 0          0.207524         0.0759962
              4.44                 0          0.173048         0.0674726
              4.68                 0         0.0439048         0.0223115
              4.92                 0         0.0149524         0.0139241
              5.16                 0        0.00571429        0.00557657
               5.4                 0                 0                 0
              5.64                 0                 0                 0
              5.88                 0                 0                 0
              6.12                 0                 0                 0
              6.36                 0                 0                 0
               6.6                 0                 0                 0
              6.84                 0                 0                 0
              7.08                 0                 0                 0
              0.12             0.004          0.280273         0.0831695
              0.36             2.538           1.45382          0.177377
               0.6             4.936           4.22227          0.268422
              0.84             7.628           7.53882          0.544729
              1.08             9.832           10.1375          0.503505
              1.32            13.936           13.0608          0.726328
              1.56            13.684           12.1354          0.513801
               1.8            15.326           13.0199           0.58035
              2.04            12.656           11.7432           0.36411
              2.28              8.19           9.61864          0.740312
              2.52             8.906           8.65018          0.659837
              2.76              5.94           5.72955          0.399622
                 3             2.874           4.24218          0.344781
              3.24             0.588           3.25018          0.358291
              3.48             0.258           1.35109          0.237023
              3.72             0.108          0.839909          0.129207
              3.96              0.02          0.275273         0.0723246
               4.2             0.576          0.224273         0.0743646
              4.44                 0          0.165182         0.0648626
              4.68                 0         0.0419091         0.0213864
              4.92                 0         0.0142727         0.0133077
              5.16                 0        0.00545455        0.00532914
               5.4                 0                 0                 0
              5.64                 0                 0                 0
              5.88                 0                 0                 0
              6.12                 0                 0                 0
              6.36                 0                 0                 0
               6.6                 0                 0                 0
              6.84                 0                 0                 0
              7.08                 0                 0                 0
              0.12              0.03          0.269391         0.0802621
              0.36              2.64           1.50539          0.177003
               0.6             3.236           4.17939          0.260154
              0.84             9.342           7.61722          0.526656
              1.08            11.236           10.1852          0.483874
              1.32            14.348           13.1168          0.696901
              1.56            13.232            12.183          0.493669
               1.8            10.496           12.9102          0.565396
              2.04            16.352           11.9436          0.399633
              2.28            10.098           9.63948          0.708418
              2.52             8.706           8.65261          0.631153
              2.76             3.206           5.61983          0.397023
                 3             2.646           4.17278          0.336703
              3.24              1.09           3.15626          0.354809
              3.48              0.29           1.30496          0.231163
              3.72             0.052          0.805652           0.12805
              3.96                 0          0.263304         0.0701634
               4.2                 1             0.258         0.0784075
              4.44                 0             0.158         0.0624388
              4.68                 0          0.040087         0.0205341
              4.92                 0         0.0136522         0.0127436
              5.16                 0        0.00521739        0.00510271
               5.4                 0                 0                 0
              5.64                 0                 0                 0
              5.88                 0                 0                 0
              6.12                 0                 0                 0
              6.36                 0                 0                 0
               6.6                 0                 0                 0
              6.84                 0                 0                 0
              7.08                 0                 0                 0
              0.12             0.286          0.270083         0.0769208
              0.36              2.72             1.556          0.176715
               0.6             3.148           4.13642          0.252839
              0.84              8.86             7.669          0.507252
              1.08            10.752           10.2088          0.464288
              1.32            15.948           13.2347          0.677774
              1.56            10.636           12.1186           0.47729
               1.8            12.028           12.8734          0.543032
              2.04            13.594           12.0123          0.388853
              2.28            10.144            9.6605          0.679212
              2.52             9.062           8.66967          0.605086
              2.76             6.168           5.64267          0.381137
                 3             1.942           4.07983          0.335258
              3.24             1.504           3.08742           0.34664
              3.48             0.208           1.25925          0.226005
              3.72             0.082            0.7755          0.126215
              3.96             0.628            0.2785         0.0688657
               4.2              0.29          0.259333         0.0751519
              4.44                 0          0.151417         0.0601832
              4.68                 0         0.0384167         0.0197463
              4.92                 0         0.0130833         0.0122253
              5.16                 0             0.005        0.00489473
               5.4                 0                 0                 0
              5.64                 0                 0                 0
              5.88                 0                 0                 0
              6.12                 0                 0                 0
              6.36                 0                 0                 0
               6.6                 0                 0                 0
              6.84                 0                 0                 0
              7.08                 0                 0                 0
              0.12             0.564           0.28184          0.074737
              0.36              1.63           1.55896          0.169671
               0.6             3.524           4.11192          0.243909
              0.84             6.358           7.61656          0.489665
              1.08            12.084           10.2838          0.451735
              1.32            16.372           13.3602          0.662179
              1.56            12.656           12.1401          0.458682
               1.8            12.716           12.8671          0.521347
              2.04            12.168           12.0186          0.373349
              2.28              11.2           9.72208          0.654829
              2.52              8.44           8.66048          0.580952
              2.76             6.682           5.68424          0.368152
                 3             1.636           3.98208          0.335796
              3.24             0.764           2.99448          0.345008
              3.48             0.206           1.21712          0.220857
              3.72                 0           0.74448           0.12492
              3.96                 1           0.30736         0.0719045
               4.2                 0           0.24896         0.0728582
              4.44                 0           0.14536         0.0580799
              4.68                 0           0.03688         0.0190161
              4.92                 0           0.01256         0.0117475
              5.16                 0            0.0048        0.00470302
               5.4                 0                 0                 0
              5.64                 0                 0                 0
              5.88                 0                 0                 0
              6.12                 0                 0                 0
              6.36                 0                 0                 0
               6.6                 0                 0                 0
              6.84                 0                 0                 0
              7.08                 0                 0                 0
              0.12             0.226          0.279692         0.0718934
              0.36             2.712           1.60331          0.168842
               0.6             4.652           4.13269          0.235411
              0.84             7.772           7.62254          0.470868
              1.08             9.606           10.2578          0.435112
              1.32            13.794           13.3769          0.636921
              1.56            14.036            12.213          0.446799
               1.8            12.354           12.8474          0.501669
              2.04            12.144           12.0234           0.35902
              2.28            11.514             9.791           0.63326
              2.52            10.012           8.71246          0.560928
              2.76             7.148           5.74054          0.358271
                 3              1.03           3.86854          0.341538
              3.24                 0           2.87931          0.350436
              3.48                 0           1.17031          0.217267
              3.72             0.722          0.743615          0.120118
              3.96             0.278          0.306231         0.0691478
               4.2                 0          0.239385         0.0706824
              4.44                 0          0.139769         0.0561145
              4.68                 0         0.0354615         0.0183376
              4.92                 0         0.0120769         0.0113056
              5.16                 0        0.00461538        0.00452576
               5.4                 0                 0                 0
              5.64                 0                 0                 0
              5.88                 0                 0                 0
              6.12                 0                 0                 0
              6.36                 0                 0                 0
               6.6                 0                 0                 0
              6.84                 0                 0                 0
              7.08                 0                 0                 0
              0.12             0.676           0.29437         0.0707132
              0.36             2.198           1.62533          0.164019
               0.6             4.914           4.16163          0.228463
              0.84            10.688           7.73607          0.466916
              1.08              7.32            10.149          0.432387
              1.32              12.8           13.3556          0.613689
              1.56             13.85           12.2736          0.434345
               1.8            15.346           12.9399           0.49155
              2.04             10.55           11.9688          0.349846
              2.28            12.224           9.88111          0.616184
              2.52              8.72           8.71274          0.540153
              2.76             5.134           5.71807          0.345705
                 3             1.666           3.78696           0.33849
              3.24             0.218           2.78074          0.351045
              3.48             0.482           1.14481           0.21071
              3.72             1.214          0.761037          0.116926
              3.96                 0          0.294889         0.0675106
               4.2                 0          0.230519         0.0686183
              4.44                 0          0.134593         0.0542744
              4.68                 0         0.0341481         0.0177054
              4.92                 0         0.0116296         0.0108957
              5.16                 0        0.00444444        0.00436136
               5.4                 0                 0                 0
              5.64                 0                 0                 0
              5.88                 0                 0                 0
              6.12                 0                 0                 0
              6.36                 0                 0                 0
               6.6                 0                 0                 0
              6.84                 0                 0                 0
              7.08                 0                 0                 0
              0.12                 0          0.283857         0.0689648
              0.36             1.678           1.62721          0.158172
               0.6             5.798           4.22007          0.227656
              0.84             7.148           7.71507          0.450712
              1.08            12.944           10.2488          0.428313
              1.32             11.21           13.2789          0.596537
              1.56            17.844           12.4726          0.462153
               1.8              9.89            12.831          0.485913
              2.04             8.822           11.8564          0.354945
              2.28             14.96           10.0625          0.620301
              2.52             8.396           8.70143          0.520981
              2.76             5.994           5.72793          0.333499
                 3             1.202           3.69464          0.338757
              3.24             0.114            2.6855           0.35119
              3.48                 1           1.13964          0.203248
              3.72             0.386          0.747643          0.113515
              3.96             0.614          0.306286         0.0660545
               4.2                 0          0.222286         0.0666597
              4.44                 0          0.129786         0.0525485
              4.68                 0         0.0329286          0.017115
              4.92                 0         0.0112143         0.0105145
              5.16                 0        0.00428571        0.00420849
               5.4                 0                 0                 0
              5.64                 0                 0                 0
              5.88                 0                 0                 0
              6.12                 0                 0                 0
              6.36                 0                 0                 0
               6.6                 0                 0                 0
              6.84                 0                 0                 0
              7.08                 0                 0                 0
              0.12             0.542          0.292759         0.0671587
              0.36             3.048           1.67621          0.160125
               0.6              5.09           4.25007          0.221773
              0.84             9.138           7.76414          0.437833
              1.08             7.872           10.1668          0.421312
              1.32            11.156           13.2057          0.580441
              1.56            17.574           12.6485          0.478526
               1.8            13.278           12.8464          0.469402
              2.04             9.692           11.7818          0.350464
              2.28            11.118           10.0989          0.599978
              2.52             8.906           8.70848          0.503063
              2.76             5.446           5.71821          0.322141
                 3             1.956           3.63469          0.332339
              3.24              1.04           2.62876          0.343633
              3.48             1.144           1.13979           0.19624
              3.72                 0          0.721862           0.11249
              3.96                 1          0.330207         0.0679703
               4.2                 0          0.214621         0.0648003
              4.44                 0           0.12531         0.0509267
              4.68                 0         0.0317931         0.0165625
              4.92                 0         0.0108276          0.010159
              5.16                 0        0.00413793        0.00406596
               5.4                 0                 0                 0
              5.64                 0                 0                 0
              5.88                 0                 0                 0
              6.12                 0                 0                 0
              6.36                 0                 0                 0
               6.6                 0                 0                 0
              6.84                 0                 0                 0
              7.08                 0                 0                 0
              0.12             0.638          0.304267         0.0658987
              0.36             3.964           1.75247          0.171991
               0.6             3.868           4.23733          0.214746
              0.84             5.216            7.6792          0.431399
              1.08             12.39           10.2409          0.413734
              1.32            10.766           13.1244          0.566761
              1.56            18.144           12.8317            0.4964
               1.8            13.338           12.8628          0.454041
              2.04            10.354           11.7342          0.341998
              2.28            12.024           10.1631            0.5834
              2.52             7.226           8.65907          0.488716
              2.76             5.512           5.71133          0.311476
                 3             2.098           3.58347          0.325184
              3.24             1.284           2.58393          0.335089
              3.48             0.234            1.1096          0.192007
              3.72             0.496          0.714333          0.108992
              3.96             0.394          0.332333         0.0657379
               4.2             0.054          0.209267         0.0628611
              4.44                 0          0.121133         0.0494001
              4.68                 0         0.0307333         0.0160442
              4.92                 0         0.0104667         0.0098268
              5.16                 0             0.004        0.00393277
               5.4                 0                 0                 0
              5.64                 0                 0                 0
              5.88                 0                 0                 0
              6.12                 0                 0                 0
              6.36                 0                 0                 0
               6.6                 0                 0                 0
              6.84                 0                 0                 0
              7.08                 0                 0                 0
              0.12             0.194           0.30071         0.0638689
              0.36              2.08           1.76303          0.166767
               0.6             3.496           4.21342          0.209146
              0.84             8.806           7.71555          0.419011
              1.08            15.066           10.3966          0.428666
              1.32            13.378           13.1326          0.548537
              1.56            11.892           12.8014          0.481312
               1.8            12.978           12.8665           0.43941
              2.04            13.248            11.783          0.334434
              2.28             9.342           10.1366          0.565182
              2.52             7.684           8.62761          0.473962
              2.76             5.296           5.69794          0.301717
                 3              1.59           3.51916           0.32099
              3.24             2.154           2.57006          0.324567
              3.48             0.316             1.084          0.187512
              3.72             0.064          0.693355          0.107476
              3.96             0.416          0.335032         0.0636727
               4.2                 0          0.202516         0.0611947
              4.44                 0          0.117226         0.0479608
              4.68                 0         0.0297419         0.0155573
              4.92                 0          0.010129        0.00951561
              5.16                 0        0.00387097        0.00380802
               5.4                 0                 0                 0
              5.64                 0                 0                 0
              5.88                 0                 0                 0
              6.12                 0                 0                 0
              6.36                 0                 0                 0
               6.6                 0                 0                 0
              6.84                 0                 0                 0
              7.08                 0                 0                 0
              0.12               0.9          0.319438         0.0645603
              0.36             0.802             1.733          0.164238
               0.6              5.24            4.2455          0.205056
              0.84            10.378           7.79875          0.414095
              1.08            13.932           10.5071          0.429272
              1.32             14.29           13.1687          0.532587
              1.56            12.868           12.8034          0.466276
               1.8            12.874           12.8668          0.425678
              2.04            11.716           11.7809           0.32399
              2.28              7.88           10.0661          0.551902
              2.52             6.734           8.56844           0.46283
              2.76             4.966           5.67506          0.293154
                 3             2.078           3.47412          0.314102
              3.24              1.38           2.53287          0.316548
              3.48             1.024           1.08213          0.181662
              3.72             0.026            0.6725          0.106122
              3.96              0.73          0.347375         0.0628678
               4.2             0.182          0.201875         0.0592857
              4.44                 0          0.113562         0.0466018
              4.68                 0         0.0288125         0.0150989
              4.92                 0         0.0098125        0.00922351
              5.16                 0           0.00375        0.00369094
               5.4                 0                 0                 0
              5.64                 0                 0                 0
              5.88                 0                 0                 0
              6.12                 0                 0                 0
              6.36                 0                 0                 0
               6.6                 0                 0                 0
              6.84                 0                 0                 0
              7.08                 0                 0                 0
              0.12              1.05          0.341576          0.066291
              0.36             1.262           1.71873           0.15988
               0.6             4.104           4.24121          0.198887
              0.84            12.006           7.92624          0.420716
              1.08            12.858           10.5783          0.422134
              1.32            16.594           13.2725          0.526465
              1.56            12.102           12.7822           0.45263
               1.8            11.254           12.8179          0.415575
              2.04             11.37           11.7685          0.314411
              2.28             6.482           9.95745          0.545759
              2.52             8.144           8.55558          0.448983
              2.76              5.16           5.65945          0.284685
                 3             2.726           3.45145          0.305401
              3.24             2.808           2.54121          0.307065
              3.48              0.08           1.05176          0.178677
              3.72                 0          0.652121          0.104844
              3.96                 0          0.336848         0.0618377
               4.2                 0          0.195758         0.0578039
              4.44                 0          0.110121         0.0453165
              4.68                 0         0.0279394         0.0146665
              4.92                 0        0.00951515         0.0089488
              5.16                 0        0.00363636        0.00358084
               5.4                 0                 0                 0
              5.64                 0                 0                 0
              5.88                 0                 0                 0
              6.12                 0                 0                 0
              6.36                 0                 0                 0
               6.6                 0                 0                 0
              6.84                 0                 0                 0
              7.08                 0                 0                 0
              0.12              0.21          0.337706         0.0644542
              0.36             1.344           1.70771          0.155557
               0.6             4.324           4.24365          0.193052
              0.84             9.792           7.98112          0.411905
              1.08             14.51           10.6939          0.425262
              1.32            15.342           13.3334          0.514487
              1.56            14.414           12.8302          0.441855
               1.8            12.014           12.7942          0.404024
              2.04             8.408           11.6696          0.320322
              2.28             7.976           9.89918           0.53281
              2.52             7.786           8.53294          0.436348
              2.76             7.216           5.70524          0.279969
                 3              2.23           3.41553          0.298524
              3.24             1.374           2.50688          0.299947
              3.48             0.948           1.04871          0.173448
              3.72             0.112          0.636235          0.102957
              3.96                 0          0.326941         0.0608074
               4.2                 0              0.19         0.0563898
              4.44                 0          0.106882         0.0440992
              4.68                 0         0.0271176         0.0142582
              4.92                 0        0.00923529        0.00868998
              5.16                 0        0.00352941        0.00347712
               5.4                 0                 0                 0
              5.64                 0                 0                 0
              5.88                 0                 0                 0
              6.12                 0                 0                 0
              6.36                 0                 0                 0
               6.6                 0                 0                 0
              6.84                 0                 0                 0
              7.08                 0                 0                 0
              0.12             0.276          0.335943         0.0626367
              0.36             3.238           1.75143          0.157137
               0.6             5.276           4.27314          0.189777
              0.84             7.768           7.97503          0.400181
              1.08            12.044           10.7325          0.414857
              1.32            12.316           13.3043          0.500608
              1.56            17.018           12.9498          0.445136
               1.8            13.234           12.8068          0.392676
              2.04            11.596           11.6675          0.311177
              2.28             7.812           9.83954          0.520913
              2.52             8.354           8.52783          0.423911
              2.76              2.97           5.62709          0.282667
                 3             3.292             3.412          0.290016
              3.24              1.63           2.48183          0.292421
              3.48             1.176           1.05234           0.16853
              3.72                 0          0.618057          0.101607
              3.96                 0            0.3176         0.0597833
               4.2                 0          0.184571         0.0550394
              4.44                 0          0.103829         0.0429449
              4.68                 0         0.0263429         0.0138718
              4.92                 0        0.00897143         0.0084457
              5.16                 0        0.00342857        0.00337924
               5.4                 0                 0                 0
              5.64                 0                 0                 0
              5.88                 0                 0                 0
              6.12                 0                 0                 0
              6.36                 0                 0                 0
               6.6                 0                 0                 0
              6.84                 0                 0                 0
              7.08                 0                 0                 0
              0.12             0.268          0.334056         0.0609252
              0.36             2.326           1.76739           0.15358
               0.6              4.78           4.28722          0.185027
              0.84             8.318           7.98456          0.389178
              1.08            13.628           10.8129          0.411056
              1.32             9.018           13.1853          0.500661
              1.56            17.844           13.0858          0.453056
               1.8            17.974           12.9503          0.407157
              2.04            10.752           11.6421          0.303571
              2.28             8.082           9.79072          0.508726
              2.52             5.748           8.45061           0.41911
              2.76              1.67           5.51717          0.295415
                 3             4.906            3.4535          0.284914
              3.24               1.6           2.45733          0.285322
              3.48             1.086           1.05328          0.163852
              3.72                 0          0.600889          0.100225
              3.96                 0          0.308778           0.05877
               4.2                 0          0.179444         0.0537488
              4.44                 0          0.100944         0.0418487
              4.68                 0         0.0256111         0.0135058
              4.92                 0        0.00872222        0.00821477
              5.16                 0        0.00333333        0.00328671
               5.4                 0                 0                 0
              5.64                 0                 0                 0
              5.88                 0                 0                 0
              6.12                 0                 0                 0
              6.36                 0                 0                 0
               6.6                 0                 0                 0
              6.84                 0                 0                 0
              7.08                 0                 0                 0
              0.12             0.048          0.326324         0.0597671
              0.36             1.068           1.74849          0.150588
               0.6             4.934            4.3047           0.18085
              0.84             8.488           7.99816          0.378898
              1.08            15.786           10.9474          0.421348
              1.32             11.77            13.147          0.488589
              1.56            13.966           13.1096          0.441435
               1.8            15.104           13.0085          0.400291
              2.04            12.228           11.6579          0.295779
              2.28             8.392           9.75292          0.496379
              2.52             4.634           8.34746          0.420284
              2.76             4.734             5.496          0.288188
                 3             4.016            3.4687          0.277618
              3.24              0.99           2.41768          0.280354
              3.48             1.672              1.07          0.160274
              3.72              0.17          0.589243         0.0981904
              3.96                 0          0.300432         0.0577711
               4.2                 0          0.174595         0.0525144
              4.44                 0         0.0982162         0.0408065
              4.68                 0         0.0249189         0.0131585
              4.92                 0        0.00848649        0.00799613
              5.16                 0        0.00324324        0.00319912
               5.4                 0                 0                 0
              5.64                 0                 0                 0
              5.88                 0                 0                 0
              6.12                 0                 0                 0
              6.36                 0                 0                 0
               6.6                 0                 0                 0
              6.84                 0                 0                 0
              7.08                 0                 0                 0
              0.12                 0          0.317737          0.058808
              0.36             2.242           1.76147          0.147185
               0.6             4.308           4.30479           0.17609
              0.84             6.968           7.97105          0.369895
              1.08             13.68           11.0193          0.416351
              1.32              15.2           13.2011          0.478709
              1.56            12.204           13.0857          0.430462
               1.8            14.962           13.0599          0.393045
              2.04            10.772           11.6346          0.288913
              2.28            10.334           9.76821          0.483552
              2.52             6.682           8.30363          0.411503
              2.76             5.192             5.488          0.280715
                 3              2.97           3.45558          0.270623
              3.24             0.876           2.37711          0.275896
              3.48             1.224           1.07405          0.156108
              3.72             0.386          0.583895          0.095752
              3.96                 0          0.292526         0.0567892
               4.2                 0              0.17         0.0513331
              4.44                 0         0.0956316         0.0398144
              4.68                 0         0.0242632         0.0128285
              4.92                 0        0.00826316        0.00778882
              5.16                 0        0.00315789        0.00311607
               5.4                 0                 0                 0
              5.64                 0                 0                 0
              5.88                 0                 0                 0
              6.12                 0                 0                 0
              6.36                 0                 0                 0
               6.6                 0                 0                 0
              6.84                 0                 0                 0
              7.08                 0                 0                 0
              0.12                 0           0.30959         0.0578617
              0.36             2.646           1.78415          0.145147
               0.6              4.63           4.31313          0.171773
              0.84              8.07           7.97359           0.36042
              1.08            13.872           11.0924          0.412051
              1.32            12.612           13.1859          0.466673
              1.56             8.818           12.9763           0.43311
               1.8            16.232           13.1413          0.391292
              2.04            15.504           11.7338          0.298054
              2.28            10.806           9.79482          0.471885
              2.52             7.626           8.28626          0.401319
              2.76             1.968           5.39774          0.287661
                 3             1.966           3.41738          0.266365
              3.24             1.322           2.35005          0.270145
              3.48              1.63           1.08831          0.152754
              3.72             0.298          0.576564          0.093577
              3.96                 0          0.285026         0.0558262
               4.2                 0          0.165641         0.0502016
              4.44                 0         0.0931795         0.0388689
              4.68                 0          0.023641         0.0125147
              4.92                 0        0.00805128        0.00759199
              5.16                 0        0.00307692        0.00303722
               5.4                 0                 0                 0
              5.64                 0                 0                 0
              5.88                 0                 0                 0
              6.12                 0                 0                 0
              6.36                 0                 0                 0
               6.6                 0                 0                 0
              6.84                 0                 0                 0
              7.08                 0                 0                 0
              0.12                 0           0.30185         0.0569305
              0.36             1.922            1.7876           0.14156
               0.6             4.176            4.3097          0.167513
              0.84             8.676           7.99115          0.351837
              1.08              9.82           11.0606          0.402976
              1.32            13.376           13.1907           0.45503
              1.56             8.206           12.8571          0.438394
               1.8            14.834           13.1836          0.383791
              2.04            19.396           11.9254          0.346735
              2.28            15.392           9.93475          0.480387
              2.52             6.472            8.2409           0.39384
              2.76             1.488               5.3          0.296611
                 3             1.648           3.37315          0.263354
              3.24             1.432            2.3271          0.264364
              3.48             1.162           1.09015          0.148947
              3.72                 0           0.56215         0.0923411
              3.96                 0            0.2779         0.0548834
               4.2                 0            0.1615          0.049117
              4.44                 0           0.09085          0.037967
              4.68                 0           0.02305         0.0122158
              4.92                 0           0.00785        0.00740486
              5.16                 0             0.003        0.00296226
               5.4                 0                 0                 0
              5.64                 0                 0                 0
              5.88                 0                 0                 0
              6.12                 0                 0                 0
              6.36                 0                 0                 0
               6.6                 0                 0                 0
              6.84                 0                 0                 0
              7.08                 0                 0                 0
