#     BLOCK:   ACTUAL_X:     X_AVE:       ERROR:
                 1              38.4              38.4                 0
                 2                60              49.2           7.63675
                 3           45.0667           47.8222           5.21397
                 4              21.6           41.2667           6.89372
                 5           26.6667           38.3467           6.10214
                 6              38.4           38.3556           5.08512
                 7              38.4           38.3619           4.35868
                 8              38.4           38.3667           3.81385
                 9           52.2667           39.9111           3.68957
                10           45.0667           40.4267           3.35644
                11              21.6           38.7152           3.46027
                12              21.6           37.2889           3.45337
                13           26.6667           36.4718           3.28297
                14           52.2667              37.6           3.23653
                15              38.4           37.6533            3.0212
                16                60             39.05           3.13865
                17           45.0667           39.4039           2.97391
                18           52.2667           40.1185           2.89327
                19           45.0667           40.3789           2.75269
                20           52.2667           40.9733           2.67846
                21           52.2667           41.5111           2.60434
                22                60           42.3515           2.61805
                23           52.2667           42.7826           2.53947
                24           45.0667           42.8778           2.43544
                25              38.4           42.6987            2.3446
                26           52.2667           43.0667           2.28312
                27           52.2667           43.4074           2.22384
                28                60                44           2.22197
                29           52.2667           44.2851           2.16356
                30           68.2667           45.0844           2.23424
                31           52.2667           45.3161           2.17415
                32                60            45.775           2.15409
                33                60           46.2061            2.1315
                34           77.0667           47.1137            2.2538
                35              86.4           48.2362           2.45304
                36           106.667           49.8593            2.8721
                37           96.2667           51.1135           3.05609
                38             117.6           52.8632           3.44025
                39           141.067           55.1248            4.0274
                40           166.667           57.9133            4.7959
                41           166.667           60.5659           5.36252
                42           166.667           63.0921           5.79943
                43           166.667           65.5008           6.14444
                44           166.667              67.8           6.42058
                45           166.667            69.997           6.64318
                46           166.667           72.0986           6.82306
                47           166.667           74.1106           6.96826
                48           166.667           76.0389           7.08486
                49           166.667           77.8884           7.17763
                50           166.667            79.664           7.25036
                51           166.667           81.3699           7.30614
                52           166.667           83.0103           7.34746
                53           166.667           84.5887           7.37643
                54           166.667           86.1086           7.39477
                55           166.667           87.5733           7.40395
                56           166.667           88.9857           7.40523
                57           166.667           90.3485           7.39965
                58           166.667           91.6644           7.38814
                59           166.667           92.9356           7.37147
                60           166.667           94.1644           7.35033
                61           166.667            95.353            7.3253
                62           166.667           96.5032           7.29689
                63           166.667           97.6169           7.26556
                64           166.667           98.6958            7.2317
                65           166.667           99.7415           7.19565
                66           166.667           100.756           7.15772
                67           166.667           101.739           7.11817
                68           166.667           102.694           7.07724
                69           166.667           103.621           7.03513
                70           166.667           104.522           6.99205
                71           166.667           105.397           6.94813
                72           166.667           106.248           6.90355
                73           166.667           107.076           6.85841
                74           166.667           107.881           6.81284
                75           166.667           108.665           6.76694
                76           166.667           109.428            6.7208
                77           166.667           110.171            6.6745
                78           166.667           110.896           6.62811
                79           166.667           111.602            6.5817
                80           166.667            112.29           6.53532
                81           166.667           112.961           6.48903
                82           166.667           113.616           6.44286
                83           166.667           114.255           6.39686
                84           166.667           114.879           6.35106
                85           166.667           115.489            6.3055
                86           166.667           116.084            6.2602
                87           166.667           116.665           6.21518
                88           166.667           117.233           6.17048
                89           166.667           117.789           6.12609
                90           166.667           118.332           6.08205
                91           166.667           118.863           6.03836
                92           166.667           119.383           5.99504
                93           166.667           119.891            5.9521
                94           166.667           120.389           5.90954
                95           166.667           120.876           5.86738
                96           166.667           121.353           5.82562
                97           166.667            121.82           5.78426
                98           166.667           122.278           5.74331
                99           166.667           122.726           5.70277
               100           166.667           123.165           5.66265
               101           166.667           123.596           5.62294
               102           166.667           124.018           5.58365
               103           166.667           124.432           5.54477
               104           166.667           124.838            5.5063
               105           166.667           125.237           5.46825
               106           166.667           125.628           5.43062
               107           166.667           126.011           5.39339
               108           166.667           126.388           5.35657
               109           166.667           126.757           5.32016
               110           166.667            127.12           5.28415
               111           166.667           127.476           5.24854
               112           166.667           127.826           5.21333
               113           166.667            128.17           5.17852
               114           166.667           128.508           5.14409
               115           166.667           128.839           5.11005
               116           166.667           129.166           5.07639
               117           166.667           129.486           5.04311
               118           166.667           129.801           5.01021
               119           166.667           130.111           4.97767
               120           166.667           130.416            4.9455
               121           166.667           130.715            4.9137
               122           166.667            131.01           4.88225
               123           166.667             131.3           4.85116
               124           166.667           131.585           4.82041
               125           166.667           131.866           4.79001
               126           166.667           132.142           4.75995
               127           166.667           132.414           4.73023
               128           166.667           132.681           4.70084
               129           166.667           132.945           4.67177
               130           166.667           133.204           4.64303
               131           166.667            133.46           4.61461
               132           166.667           133.711            4.5865
               133           166.667           133.959           4.55871
               134           166.667           134.203           4.53122
               135           166.667           134.443           4.50403
               136           166.667            134.68           4.47714
               137           166.667           134.914           4.45054
               138           166.667           135.144           4.42424
               139           166.667           135.371           4.39822
               140           166.667           135.594           4.37248
               141           166.667           135.815           4.34702
               142           166.667           136.032           4.32183
               143           166.667           136.246           4.29691
               144           166.667           136.457           4.27226
               145           166.667           136.666           4.24788
               146           166.667           136.871           4.22375
               147           166.667           137.074           4.19988
               148           166.667           137.274           4.17626
               149           166.667           137.471           4.15288
               150           166.667           137.666           4.12976
               151           166.667           137.858           4.10687
               152           166.667           138.047           4.08422
               153           166.667           138.234           4.06181
               154           166.667           138.419           4.03963
               155           166.667           138.601           4.01767
               156           166.667           138.781           3.99595
               157           166.667           138.959           3.97444
               158           166.667           139.134           3.95315
               159           166.667           139.307           3.93208
               160           166.667           139.478           3.91122
               161           166.667           139.647           3.89057
               162           166.667           139.814           3.87013
               163           166.667           139.979           3.84989
               164           166.667           140.141           3.82985
               165           166.667           140.302           3.81001
               166           166.667           140.461           3.79037
               167           166.667           140.618           3.77092
               168           166.667           140.773           3.75166
               169           166.667           140.926           3.73259
               170           166.667           141.078            3.7137
               171           166.667           141.227             3.695
               172           166.667           141.375           3.67648
               173           166.667           141.521           3.65813
               174           166.667           141.666           3.63996
               175           166.667           141.809           3.62196
               176           166.667            141.95           3.60414
               177           166.667            142.09           3.58648
               178           166.667           142.228           3.56899
               179           166.667           142.364           3.55166
               180           166.667           142.499           3.53449
               181           166.667           142.633           3.51748
               182           166.667           142.765           3.50064
               183           166.667           142.895           3.48394
               184           166.667           143.025            3.4674
               185           166.667           143.152           3.45101
               186           166.667           143.279           3.43478
               187           166.667           143.404           3.41868
               188           166.667           143.528           3.40274
               189           166.667            143.65           3.38694
               190           166.667           143.771           3.37128
               191           166.667           143.891           3.35575
               192           166.667            144.01           3.34037
               193           166.667           144.127           3.32513
               194           166.667           144.243           3.31002
               195           166.667           144.358           3.29504
               196           166.667           144.472           3.28019
               197           166.667           144.585           3.26548
               198           166.667           144.696           3.25089
               199           166.667           144.807           3.23643
               200           166.667           144.916           3.22209
               201           166.667           145.024           3.20788
               202           166.667           145.131           3.19378
               203           166.667           145.237           3.17981
               204           166.667           145.342           3.16596
               205           166.667           145.447           3.15222
               206           166.667            145.55            3.1386
               207           166.667           145.652            3.1251
               208           166.667           145.753           3.11171
               209           166.667           145.853           3.09843
               210           166.667           145.952           3.08526
               211           166.667            146.05            3.0722
               212           166.667           146.147           3.05925
               213           166.667           146.244            3.0464
               214           166.667           146.339           3.03366
               215           166.667           146.433           3.02102
               216           166.667           146.527           3.00849
               217           166.667            146.62           2.99605
               218           166.667           146.712           2.98372
               219           166.667           146.803           2.97149
               220           166.667           146.893           2.95935
               221           166.667           146.983           2.94731
               222           166.667           147.071           2.93537
               223           166.667           147.159           2.92352
               224           166.667           147.246           2.91177
               225           166.667           147.333           2.90011
               226           166.667           147.418           2.88854
               227           166.667           147.503           2.87705
               228           166.667           147.587           2.86566
               229           166.667            147.67           2.85436
               230           166.667           147.753           2.84315
               231           166.667           147.835           2.83202
               232           166.667           147.916           2.82097
               233           166.667           147.997           2.81001
               234           166.667           148.076           2.79914
               235           166.667           148.155           2.78834
               236           166.667           148.234           2.77763
               237           166.667           148.312             2.767
               238           166.667           148.389           2.75645
               239           166.667           148.465           2.74598
               240           166.667           148.541           2.73558
               241           166.667           148.616           2.72526
               242           166.667           148.691           2.71502
               243           166.667           148.765           2.70486
               244           166.667           148.838           2.69477
               245           166.667           148.911           2.68475
               246           166.667           148.983           2.67481
               247           166.667           149.055           2.66494
               248           166.667           149.126           2.65514
               249           166.667           149.196           2.64541
               250           166.667           149.266           2.63575
               251           166.667           149.335           2.62616
               252           166.667           149.404           2.61664
               253           166.667           149.472           2.60718
               254           166.667            149.54            2.5978
               255           166.667           149.607           2.58848
               256           166.667           149.674           2.57923
               257           166.667            149.74           2.57004
               258           166.667           149.806           2.56091
               259           166.667           149.871           2.55185
               260           166.667           149.935           2.54286
               261           166.667           149.999           2.53392
               262           166.667           150.063           2.52505
               263           166.667           150.126           2.51624
               264           166.667           150.189           2.50748
               265           166.667           150.251           2.49879
               266           166.667           150.313           2.49016
               267           166.667           150.374           2.48159
               268           166.667           150.435           2.47307
               269           166.667           150.495           2.46462
               270           166.667           150.555           2.45621
               271           166.667           150.615           2.44787
               272           166.667           150.674           2.43958
               273           166.667           150.732           2.43135
               274           166.667            150.79           2.42317
               275           166.667           150.848           2.41505
               276           166.667           150.905           2.40698
               277           166.667           150.962           2.39896
               278           166.667           151.019             2.391
               279           166.667           151.075           2.38308
               280           166.667            151.13           2.37522
               281           166.667           151.186           2.36741
               282           166.667           151.241           2.35966
               283           166.667           151.295           2.35195
               284           166.667           151.349           2.34429
               285           166.667           151.403           2.33668
               286           166.667           151.456           2.32912
               287           166.667           151.509            2.3216
               288           166.667           151.562           2.31414
               289           166.667           151.614           2.30672
               290           166.667           151.666           2.29935
               291           166.667           151.718           2.29203
               292           166.667           151.769           2.28475
               293           166.667            151.82           2.27752
               294           166.667            151.87           2.27033
               295           166.667            151.92           2.26319
               296           166.667            151.97           2.25609
               297           166.667            152.02           2.24904
               298           166.667           152.069           2.24203
               299           166.667           152.118           2.23506
               300           166.667           152.166           2.22814
               301           166.667           152.214           2.22126
               302           166.667           152.262           2.21442
               303           166.667            152.31           2.20762
               304           166.667           152.357           2.20086
               305           166.667           152.404           2.19415
               306           166.667           152.451           2.18747
               307           166.667           152.497           2.18083
               308           166.667           152.543           2.17424
               309           166.667           152.589           2.16768
               310           166.667           152.634           2.16117
               311           166.667           152.679           2.15469
               312           166.667           152.724           2.14825
               313           166.667           152.768           2.14185
               314           166.667           152.813           2.13548
               315           166.667           152.857           2.12916
               316           166.667             152.9           2.12287
               317           166.667           152.944           2.11661
               318           166.667           152.987            2.1104
               319           166.667            153.03           2.10422
               320           166.667           153.072           2.09807
               321           166.667           153.115           2.09197
               322           166.667           153.157           2.08589
               323           166.667           153.199           2.07985
               324           166.667            153.24           2.07385
               325           166.667           153.282           2.06788
               326           166.667           153.323           2.06194
               327           166.667           153.364           2.05604
               328           166.667           153.404           2.05017
               329           166.667           153.444           2.04434
               330           166.667           153.484           2.03854
               331           166.667           153.524           2.03277
               332           166.667           153.564           2.02703
               333           166.667           153.603           2.02132
               334           166.667           153.642           2.01565
               335           166.667           153.681           2.01001
               336           166.667            153.72            2.0044
               337           166.667           153.758           1.99882
               338           166.667           153.796           1.99327
               339           166.667           153.834           1.98775
               340           166.667           153.872           1.98226
               341           166.667            153.91           1.97681
               342           166.667           153.947           1.97138
               343           166.667           153.984           1.96598
               344           166.667           154.021           1.96061
               345           166.667           154.058           1.95527
               346           166.667           154.094           1.94996
               347           166.667            154.13           1.94467
               348           166.667           154.166           1.93942
               349           166.667           154.202           1.93419
               350           166.667           154.238           1.92899
               351           166.667           154.273           1.92382
               352           166.667           154.308           1.91868
               353           166.667           154.343           1.91356
               354           166.667           154.378           1.90848
               355           166.667           154.413           1.90341
               356           166.667           154.447           1.89838
               357           166.667           154.481           1.89337
               358           166.667           154.515           1.88839
               359           166.667           154.549           1.88343
               360           166.667           154.583            1.8785
               361           166.667           154.616           1.87359
               362           166.667            154.65           1.86871
               363           166.667           154.683           1.86386
               364           166.667           154.716           1.85903
               365           166.667           154.748           1.85422
               366           166.667           154.781           1.84944
               367           166.667           154.813           1.84469
               368           166.667           154.846           1.83996
               369           166.667           154.878           1.83525
               370           166.667            154.91           1.83057
               371           166.667           154.941           1.82591
               372           166.667           154.973           1.82127
               373           166.667           155.004           1.81666
               374           166.667           155.035           1.81207
               375           166.667           155.066            1.8075
               376           166.667           155.097           1.80296
               377           166.667           155.128           1.79843
               378           166.667           155.158           1.79394
               379           166.667           155.189           1.78946
               380           166.667           155.219           1.78501
               381           166.667           155.249           1.78057
               382           166.667           155.279           1.77616
               383           166.667           155.309           1.77177
               384           166.667           155.338           1.76741
               385           166.667           155.368           1.76306
               386           166.667           155.397           1.75874
               387           166.667           155.426           1.75443
               388           166.667           155.455           1.75015
               389           166.667           155.484           1.74589
               390           166.667           155.512           1.74165
               391           166.667           155.541           1.73743
               392           166.667           155.569           1.73323
               393           166.667           155.598           1.72905
               394           166.667           155.626           1.72489
               395           166.667           155.654           1.72075
               396           166.667           155.681           1.71662
               397           166.667           155.709           1.71252
               398           166.667           155.737           1.70844
               399           166.667           155.764           1.70438
               400           166.667           155.791           1.70034
               401           166.667           155.818           1.69631
               402           166.667           155.845           1.69231
               403           166.667           155.872           1.68832
               404           166.667           155.899           1.68435
               405           166.667           155.926           1.68041
               406           166.667           155.952           1.67647
               407           166.667           155.978           1.67256
               408           166.667           156.005           1.66867
               409           166.667           156.031           1.66479
               410           166.667           156.057           1.66093
               411           166.667           156.082           1.65709
               412           166.667           156.108           1.65327
               413           166.667           156.134           1.64946
               414           166.667           156.159           1.64568
               415           166.667           156.184           1.64191
               416           166.667            156.21           1.63815
               417           166.667           156.235           1.63442
               418           166.667            156.26            1.6307
               419           166.667           156.284           1.62699
               420           166.667           156.309           1.62331
               421           166.667           156.334           1.61964
               422           166.667           156.358           1.61598
               423           166.667           156.383           1.61235
               424           166.667           156.407           1.60873
               425           166.667           156.431           1.60512
               426           166.667           156.455           1.60154
               427           166.667           156.479           1.59796
               428           166.667           156.503           1.59441
               429           166.667           156.526           1.59087
               430           166.667            156.55           1.58734
               431           166.667           156.574           1.58383
               432           166.667           156.597           1.58034
               433           166.667            156.62           1.57686
               434           166.667           156.643            1.5734
               435           166.667           156.666           1.56995
               436           166.667           156.689           1.56651
               437           166.667           156.712            1.5631
               438           166.667           156.735           1.55969
               439           166.667           156.757            1.5563
               440           166.667            156.78           1.55293
               441           166.667           156.802           1.54957
               442           166.667           156.825           1.54623
               443           166.667           156.847           1.54289
               444           166.667           156.869           1.53958
               445           166.667           156.891           1.53628
               446           166.667           156.913           1.53299
               447           166.667           156.935           1.52971
               448           166.667           156.957           1.52645
               449           166.667           156.978           1.52321
               450           166.667               157           1.51997
               451           166.667           157.021           1.51675
               452           166.667           157.042           1.51355
               453           166.667           157.064           1.51036
               454           166.667           157.085           1.50718
               455           166.667           157.106           1.50401
               456           166.667           157.127           1.50086
               457           166.667           157.148           1.49772
               458           166.667           157.169            1.4946
               459           166.667           157.189           1.49148
               460           166.667            157.21           1.48838
               461           166.667            157.23            1.4853
               462           166.667           157.251           1.48222
               463           166.667           157.271           1.47916
               464           166.667           157.291           1.47611
               465           166.667           157.312           1.47307
               466           166.667           157.332           1.47005
               467           166.667           157.352           1.46704
               468           166.667           157.372           1.46404
               469           166.667           157.391           1.46105
               470           166.667           157.411           1.45807
               471           166.667           157.431           1.45511
               472           166.667            157.45           1.45216
               473           166.667            157.47           1.44922
               474           166.667           157.489           1.44629
               475           166.667           157.508           1.44338
               476           166.667           157.528           1.44047
               477           166.667           157.547           1.43758
               478           166.667           157.566            1.4347
               479           166.667           157.585           1.43183
               480           166.667           157.604           1.42897
               481           166.667           157.623           1.42613
               482           166.667           157.641           1.42329
               483           166.667            157.66           1.42047
               484           166.667           157.679           1.41765
               485           166.667           157.697           1.41485
               486           166.667           157.716           1.41206
               487           166.667           157.734           1.40928
               488           166.667           157.752           1.40651
               489           166.667           157.771           1.40375
               490           166.667           157.789           1.40101
               491           166.667           157.807           1.39827
               492           166.667           157.825           1.39554
               493           166.667           157.843           1.39283
               494           166.667           157.861           1.39012
               495           166.667           157.879           1.38743
               496           166.667           157.896           1.38474
               497           166.667           157.914           1.38207
               498           166.667           157.931           1.37941
               499           166.667           157.949           1.37675
               500           166.667           157.966           1.37411
               501           166.667           157.984           1.37148
               502           166.667           158.001           1.36886
               503           166.667           158.018           1.36624
               504           166.667           158.035           1.36364
               505           166.667           158.053           1.36105
               506           166.667            158.07           1.35846
               507           166.667           158.087           1.35589
               508           166.667           158.103           1.35333
               509           166.667            158.12           1.35077
               510           166.667           158.137           1.34823
               511           166.667           158.154           1.34569
               512           166.667            158.17           1.34317
               513           166.667           158.187           1.34065
               514           166.667           158.203           1.33814
               515           166.667            158.22           1.33565
               516           166.667           158.236           1.33316
               517           166.667           158.252           1.33068
               518           166.667           158.269           1.32821
               519           166.667           158.285           1.32575
               520           166.667           158.301            1.3233
               521           166.667           158.317           1.32085
               522           166.667           158.333           1.31842
               523           166.667           158.349             1.316
               524           166.667           158.365           1.31358
               525           166.667           158.381           1.31117
               526           166.667           158.396           1.30877
               527           166.667           158.412           1.30639
               528           166.667           158.428             1.304
               529           166.667           158.443           1.30163
               530           166.667           158.459           1.29927
               531           166.667           158.474           1.29691
               532           166.667            158.49           1.29457
               533           166.667           158.505           1.29223
               534           166.667            158.52            1.2899
               535           166.667           158.536           1.28758
               536           166.667           158.551           1.28527
               537           166.667           158.566           1.28296
               538           166.667           158.581           1.28067
               539           166.667           158.596           1.27838
               540           166.667           158.611            1.2761
               541           166.667           158.626           1.27383
               542           166.667           158.641           1.27156
               543           166.667           158.655           1.26931
               544           166.667            158.67           1.26706
               545           166.667           158.685           1.26482
               546           166.667           158.699           1.26259
               547           166.667           158.714           1.26036
               548           166.667           158.728           1.25815
               549           166.667           158.743           1.25594
               550           166.667           158.757           1.25374
               551           166.667           158.772           1.25154
               552           166.667           158.786           1.24936
               553           166.667             158.8           1.24718
               554           166.667           158.814           1.24501
               555           166.667           158.829           1.24285
               556           166.667           158.843           1.24069
               557           166.667           158.857           1.23854
               558           166.667           158.871            1.2364
               559           166.667           158.885           1.23427
               560           166.667           158.899           1.23214
               561           166.667           158.912           1.23002
               562           166.667           158.926           1.22791
               563           166.667            158.94           1.22581
               564           166.667           158.954           1.22371
               565           166.667           158.967           1.22162
               566           166.667           158.981           1.21954
               567           166.667           158.994           1.21746
               568           166.667           159.008            1.2154
               569           166.667           159.021           1.21333
               570           166.667           159.035           1.21128
               571           166.667           159.048           1.20923
               572           166.667           159.062           1.20719
               573           166.667           159.075           1.20516
               574           166.667           159.088           1.20313
               575           166.667           159.101           1.20111
               576           166.667           159.114            1.1991
               577           166.667           159.127           1.19709
               578           166.667            159.14           1.19509
               579           166.667           159.153            1.1931
               580           166.667           159.166           1.19111
               581           166.667           159.179           1.18913
               582           166.667           159.192           1.18716
               583           166.667           159.205           1.18519
               584           166.667           159.218           1.18323
               585           166.667           159.231           1.18128
               586           166.667           159.243           1.17933
               587           166.667           159.256           1.17739
               588           166.667           159.268           1.17545
               589           166.667           159.281           1.17352
               590           166.667           159.294            1.1716
               591           166.667           159.306           1.16968
               592           166.667           159.318           1.16777
               593           166.667           159.331           1.16587
               594           166.667           159.343           1.16397
               595           166.667           159.356           1.16208
               596           166.667           159.368            1.1602
               597           166.667            159.38           1.15832
               598           166.667           159.392           1.15645
               599           166.667           159.404           1.15458
               600           166.667           159.416           1.15272
               601           166.667           159.429           1.15086
               602           166.667           159.441           1.14901
               603           166.667           159.453           1.14717
               604           166.667           159.464           1.14533
               605           166.667           159.476            1.1435
               606           166.667           159.488           1.14168
               607           166.667             159.5           1.13986
               608           166.667           159.512           1.13804
               609           166.667           159.524           1.13624
               610           166.667           159.535           1.13443
               611           166.667           159.547           1.13264
               612           166.667           159.559           1.13085
               613           166.667            159.57           1.12906
               614           166.667           159.582           1.12728
               615           166.667           159.593           1.12551
               616           166.667           159.605           1.12374
               617           166.667           159.616           1.12198
               618           166.667           159.628           1.12022
               619           166.667           159.639           1.11847
               620           166.667            159.65           1.11672
               621           166.667           159.662           1.11498
               622           166.667           159.673           1.11324
               623           166.667           159.684           1.11151
               624           166.667           159.695           1.10979
               625           166.667           159.706           1.10807
               626           166.667           159.718           1.10635
               627           166.667           159.729           1.10464
               628           166.667            159.74           1.10294
               629           166.667           159.751           1.10124
               630           166.667           159.762           1.09955
               631           166.667           159.773           1.09786
               632           166.667           159.784           1.09618
               633           166.667           159.794            1.0945
               634           166.667           159.805           1.09283
               635           166.667           159.816           1.09116
               636           166.667           159.827            1.0895
               637           166.667           159.838           1.08784
               638           166.667           159.848           1.08619
               639           166.667           159.859           1.08454
               640           166.667            159.87            1.0829
               641           166.667            159.88           1.08126
               642           166.667           159.891           1.07963
               643           166.667           159.901             1.078
               644           166.667           159.912           1.07638
               645           166.667           159.922           1.07476
               646           166.667           159.933           1.07315
               647           166.667           159.943           1.07154
               648           166.667           159.953           1.06993
               649           166.667           159.964           1.06834
               650           166.667           159.974           1.06674
               651           166.667           159.984           1.06515
               652           166.667           159.995           1.06357
               653           166.667           160.005           1.06199
               654           166.667           160.015           1.06041
               655           166.667           160.025           1.05884
               656           166.667           160.035           1.05728
               657           166.667           160.045           1.05572
               658           166.667           160.056           1.05416
               659           166.667           160.066           1.05261
               660           166.667           160.076           1.05106
               661           166.667           160.086           1.04952
               662           166.667           160.095           1.04798
               663           166.667           160.105           1.04645
               664           166.667           160.115           1.04492
               665           166.667           160.125           1.04339
               666           166.667           160.135           1.04187
               667           166.667           160.145           1.04036
               668           166.667           160.154           1.03884
               669           166.667           160.164           1.03734
               670           166.667           160.174           1.03583
               671           166.667           160.184           1.03434
               672           166.667           160.193           1.03284
               673           166.667           160.203           1.03135
               674           166.667           160.212           1.02987
               675           166.667           160.222           1.02838
               676           166.667           160.232           1.02691
               677           166.667           160.241           1.02543
               678           166.667           160.251           1.02397
               679           166.667            160.26            1.0225
               680           166.667           160.269           1.02104
               681           166.667           160.279           1.01959
               682           166.667           160.288           1.01813
               683           166.667           160.298           1.01669
               684           166.667           160.307           1.01524
               685           166.667           160.316            1.0138
               686           166.667           160.325           1.01237
               687           166.667           160.335           1.01093
               688           166.667           160.344           1.00951
               689           166.667           160.353           1.00808
               690           166.667           160.362           1.00666
               691           166.667           160.371           1.00525
               692           166.667            160.38           1.00384
               693           166.667           160.389           1.00243
               694           166.667           160.398           1.00103
               695           166.667           160.407          0.999627
               696           166.667           160.416          0.998231
               697           166.667           160.425          0.996839
               698           166.667           160.434          0.995451
               699           166.667           160.443          0.994067
               700           166.667           160.452          0.992686
               701           166.667           160.461           0.99131
               702           166.667            160.47          0.989937
               703           166.667           160.479          0.988568
               704           166.667           160.488          0.987203
               705           166.667           160.496          0.985842
               706           166.667           160.505          0.984484
               707           166.667           160.514           0.98313
               708           166.667           160.522           0.98178
               709           166.667           160.531          0.980433
               710           166.667            160.54          0.979091
               711           166.667           160.548          0.977752
               712           166.667           160.557          0.976416
               713           166.667           160.565          0.975084
               714           166.667           160.574          0.973756
               715           166.667           160.583          0.972431
               716           166.667           160.591           0.97111
               717           166.667             160.6          0.969793
               718           166.667           160.608          0.968479
               719           166.667           160.616          0.967169
               720           166.667           160.625          0.965862
               721           166.667           160.633          0.964559
               722           166.667           160.642          0.963259
               723           166.667            160.65          0.961963
               724           166.667           160.658           0.96067
               725           166.667           160.666          0.959381
               726           166.667           160.675          0.958095
               727           166.667           160.683          0.956812
               728           166.667           160.691          0.955533
               729           166.667           160.699          0.954258
               730           166.667           160.708          0.952985
               731           166.667           160.716          0.951717
               732           166.667           160.724          0.950451
               733           166.667           160.732          0.949189
               734           166.667            160.74           0.94793
               735           166.667           160.748          0.946675
               736           166.667           160.756          0.945423
               737           166.667           160.764          0.944174
               738           166.667           160.772          0.942929
               739           166.667            160.78          0.941686
               740           166.667           160.788          0.940447
               741           166.667           160.796          0.939212
               742           166.667           160.804          0.937979
               743           166.667           160.812           0.93675
               744           166.667            160.82          0.935524
               745           166.667           160.828          0.934301
               746           166.667           160.835          0.933082
               747           166.667           160.843          0.931865
               748           166.667           160.851          0.930652
               749           166.667           160.859          0.929442
               750           166.667           160.866          0.928235
               751           166.667           160.874          0.927031
               752           166.667           160.882           0.92583
               753           166.667            160.89          0.924632
               754           166.667           160.897          0.923438
               755           166.667           160.905          0.922246
               756           166.667           160.913          0.921058
               757           166.667            160.92          0.919873
               758           166.667           160.928           0.91869
               759           166.667           160.935          0.917511
               760           166.667           160.943          0.916335
               761           166.667            160.95          0.915162
               762           166.667           160.958          0.913991
               763           166.667           160.965          0.912824
               764           166.667           160.973           0.91166
               765           166.667            160.98          0.910498
               766           166.667           160.988           0.90934
               767           166.667           160.995          0.908185
               768           166.667           161.002          0.907032
               769           166.667            161.01          0.905882
               770           166.667           161.017          0.904736
               771           166.667           161.024          0.903592
               772           166.667           161.032          0.902451
               773           166.667           161.039          0.901313
               774           166.667           161.046          0.900178
               775           166.667           161.054          0.899046
               776           166.667           161.061          0.897916
               777           166.667           161.068           0.89679
               778           166.667           161.075          0.895666
               779           166.667           161.082          0.894545
               780           166.667            161.09          0.893427
               781           166.667           161.097          0.892311
               782           166.667           161.104          0.891198
               783           166.667           161.111          0.890089
               784           166.667           161.118          0.888981
               785           166.667           161.125          0.887877
               786           166.667           161.132          0.886775
               787           166.667           161.139          0.885677
               788           166.667           161.146           0.88458
               789           166.667           161.153          0.883487
               790           166.667            161.16          0.882396
               791           166.667           161.167          0.881308
               792           166.667           161.174          0.880223
               793           166.667           161.181           0.87914
               794           166.667           161.188           0.87806
               795           166.667           161.195          0.876982
               796           166.667           161.202          0.875908
               797           166.667           161.209          0.874835
               798           166.667           161.215          0.873766
               799           166.667           161.222          0.872699
               800           166.667           161.229          0.871635
               801           166.667           161.236          0.870573
               802           166.667           161.243          0.869514
               803           166.667           161.249          0.868457
               804           166.667           161.256          0.867403
               805           166.667           161.263          0.866352
               806           166.667           161.269          0.865303
               807           166.667           161.276          0.864256
               808           166.667           161.283          0.863212
               809           166.667           161.289          0.862171
               810           166.667           161.296          0.861132
               811           166.667           161.303          0.860096
               812           166.667           161.309          0.859062
               813           166.667           161.316          0.858031
               814           166.667           161.323          0.857002
               815           166.667           161.329          0.855975
               816           166.667           161.336          0.854951
               817           166.667           161.342           0.85393
               818           166.667           161.349          0.852911
               819           166.667           161.355          0.851894
               820           166.667           161.362           0.85088
               821           166.667           161.368          0.849868
               822           166.667           161.375          0.848858
               823           166.667           161.381          0.847851
               824           166.667           161.387          0.846847
               825           166.667           161.394          0.845844
               826           166.667             161.4          0.844844
               827           166.667           161.407          0.843847
               828           166.667           161.413          0.842852
               829           166.667           161.419          0.841859
               830           166.667           161.426          0.840868
               831           166.667           161.432           0.83988
               832           166.667           161.438          0.838894
               833           166.667           161.444           0.83791
               834           166.667           161.451          0.836929
               835           166.667           161.457           0.83595
               836           166.667           161.463          0.834973
               837           166.667           161.469          0.833999
               838           166.667           161.476          0.833027
               839           166.667           161.482          0.832057
               840           166.667           161.488          0.831089
               841           166.667           161.494          0.830124
               842           166.667             161.5          0.829161
               843           166.667           161.506            0.8282
               844           166.667           161.512          0.827241
               845           166.667           161.519          0.826284
               846           166.667           161.525           0.82533
               847           166.667           161.531          0.824378
               848           166.667           161.537          0.823428
               849           166.667           161.543          0.822481
               850           166.667           161.549          0.821535
               851           166.667           161.555          0.820592
               852           166.667           161.561           0.81965
               853           166.667           161.567          0.818711
               854           166.667           161.573          0.817774
               855           166.667           161.579           0.81684
               856           166.667           161.585          0.815907
               857           166.667           161.591          0.814977
               858           166.667           161.597          0.814048
               859           166.667           161.602          0.813122
               860           166.667           161.608          0.812198
               861           166.667           161.614          0.811276
               862           166.667            161.62          0.810356
               863           166.667           161.626          0.809438
               864           166.667           161.632          0.808522
               865           166.667           161.638          0.807608
               866           166.667           161.643          0.806697
               867           166.667           161.649          0.805787
               868           166.667           161.655          0.804879
               869           166.667           161.661          0.803974
               870           166.667           161.667           0.80307
               871           166.667           161.672          0.802169
               872           166.667           161.678          0.801269
               873           166.667           161.684          0.800372
               874           166.667           161.689          0.799476
               875           166.667           161.695          0.798583
               876           166.667           161.701          0.797691
               877           166.667           161.706          0.796802
               878           166.667           161.712          0.795914
               879           166.667           161.718          0.795029
               880           166.667           161.723          0.794145
               881           166.667           161.729          0.793264
               882           166.667           161.735          0.792384
               883           166.667            161.74          0.791506
               884           166.667           161.746          0.790631
               885           166.667           161.751          0.789757
               886           166.667           161.757          0.788885
               887           166.667           161.762          0.788015
               888           166.667           161.768          0.787147
               889           166.667           161.773          0.786281
               890           166.667           161.779          0.785417
               891           166.667           161.784          0.784554
               892           166.667            161.79          0.783694
               893           166.667           161.795          0.782835
               894           166.667           161.801          0.781979
               895           166.667           161.806          0.781124
               896           166.667           161.812          0.780271
               897           166.667           161.817           0.77942
               898           166.667           161.822           0.77857
               899           166.667           161.828          0.777723
               900           166.667           161.833          0.776878
               901           166.667           161.839          0.776034
               902           166.667           161.844          0.775192
               903           166.667           161.849          0.774352
               904           166.667           161.855          0.773514
               905           166.667            161.86          0.772677
               906           166.667           161.865          0.771843
               907           166.667            161.87           0.77101
               908           166.667           161.876          0.770179
               909           166.667           161.881          0.769349
               910           166.667           161.886          0.768522
               911           166.667           161.892          0.767696
               912           166.667           161.897          0.766872
               913           166.667           161.902           0.76605
               914           166.667           161.907           0.76523
               915           166.667           161.912          0.764411
               916           166.667           161.918          0.763594
               917           166.667           161.923          0.762779
               918           166.667           161.928          0.761966
               919           166.667           161.933          0.761154
               920           166.667           161.938          0.760344
               921           166.667           161.943          0.759536
               922           166.667           161.949          0.758729
               923           166.667           161.954          0.757925
               924           166.667           161.959          0.757121
               925           166.667           161.964           0.75632
               926           166.667           161.969           0.75552
               927           166.667           161.974          0.754722
               928           166.667           161.979          0.753926
               929           166.667           161.984          0.753131
               930           166.667           161.989          0.752338
               931           166.667           161.994          0.751547
               932           166.667           161.999          0.750757
               933           166.667           162.004          0.749969
               934           166.667           162.009          0.749183
               935           166.667           162.014          0.748398
               936           166.667           162.019          0.747615
               937           166.667           162.024          0.746834
               938           166.667           162.029          0.746054
               939           166.667           162.034          0.745276
               940           166.667           162.039          0.744499
               941           166.667           162.044          0.743724
               942           166.667           162.049          0.742951
               943           166.667           162.054          0.742179
               944           166.667           162.058          0.741409
               945           166.667           162.063          0.740641
               946           166.667           162.068          0.739874
               947           166.667           162.073          0.739108
               948           166.667           162.078          0.738345
               949           166.667           162.083          0.737582
               950           166.667           162.088          0.736822
               951           166.667           162.092          0.736063
               952           166.667           162.097          0.735305
               953           166.667           162.102          0.734549
               954           166.667           162.107          0.733795
               955           166.667           162.112          0.733042
               956           166.667           162.116          0.732291
               957           166.667           162.121          0.731541
               958           166.667           162.126          0.730793
               959           166.667           162.131          0.730046
               960           166.667           162.135          0.729301
               961           166.667            162.14          0.728557
               962           166.667           162.145          0.727815
               963           166.667           162.149          0.727075
               964           166.667           162.154          0.726335
               965           166.667           162.159          0.725598
               966           166.667           162.163          0.724862
               967           166.667           162.168          0.724127
               968           166.667           162.173          0.723394
               969           166.667           162.177          0.722662
               970           166.667           162.182          0.721932
               971           166.667           162.187          0.721203
               972           166.667           162.191          0.720476
               973           166.667           162.196           0.71975
               974           166.667             162.2          0.719026
               975           166.667           162.205          0.718303
               976           166.667            162.21          0.717582
               977           166.667           162.214          0.716862
               978           166.667           162.219          0.716143
               979           166.667           162.223          0.715426
               980           166.667           162.228           0.71471
               981           166.667           162.232          0.713996
               982           166.667           162.237          0.713283
               983           166.667           162.241          0.712572
               984           166.667           162.246          0.711862
               985           166.667            162.25          0.711153
               986           166.667           162.255          0.710446
               987           166.667           162.259          0.709741
               988           166.667           162.264          0.709036
               989           166.667           162.268          0.708333
               990           166.667           162.273          0.707632
               991           166.667           162.277          0.706932
               992           166.667           162.281          0.706233
               993           166.667           162.286          0.705535
               994           166.667            162.29          0.704839
               995           166.667           162.295          0.704145
               996           166.667           162.299          0.703451
               997           166.667           162.303          0.702759
               998           166.667           162.308          0.702069
               999           166.667           162.312           0.70138
              1000           166.667           162.317          0.700692
