#     BLOCK:   ACTUAL_TE:    TE_AVE:      ERROR:
                 1              -0.6              -0.6                 0
                 2             -0.68             -0.64         0.0282843
                 3             -0.68         -0.653333         0.0217732
                 4             -0.84              -0.7          0.043589
                 5             -0.84            -0.728         0.0429325
                 6             -0.84         -0.746667         0.0396279
                 7             -0.84             -0.76         0.0361403
                 8             -0.92             -0.78         0.0367423
                 9             -0.92         -0.795556         0.0358016
                10             -0.92            -0.808         0.0343162
                11             -0.92         -0.818182         0.0326721
                12             -0.92         -0.826667         0.0310316
                13             -0.92         -0.833846         0.0294634
                14             -0.92             -0.84         0.0279942
                15             -0.92         -0.845333         0.0266311
                16             -0.92             -0.85         0.0253722
                17             -0.92         -0.854118         0.0242116
                18             -0.92         -0.857778         0.0231415
                19             -0.92         -0.861053          0.022154
                20             -0.92            -0.864         0.0212415
                21             -0.92         -0.866667         0.0203967
                22             -0.92         -0.869091         0.0196131
                23             -0.92         -0.871304         0.0188848
                24             -0.92         -0.873333         0.0182066
                25             -0.92           -0.8752         0.0175738
                26             -0.92         -0.876923         0.0169821
                27             -0.92         -0.878519          0.016428
                28             -0.92             -0.88         0.0159079
                29             -0.92         -0.881379          0.015419
                30             -0.92         -0.882667         0.0149587
                31             -0.92         -0.883871         0.0145246
                32             -0.92            -0.885         0.0141145
                33             -0.92         -0.886061         0.0137266
                34             -0.92         -0.887059         0.0133591
                35             -0.92            -0.888         0.0130105
                36             -0.92         -0.888889         0.0126794
                37             -0.92          -0.88973         0.0123646
                38             -0.92         -0.890526         0.0120648
                39             -0.92         -0.891282         0.0117791
                40                -1            -0.894         0.0117941
                41                -1         -0.896585         0.0117864
                42                -1         -0.899048         0.0117601
                43                -1         -0.901395         0.0117186
                44                -1         -0.903636         0.0116646
                45                -1         -0.905778         0.0116003
                46                -1         -0.907826         0.0115275
                47                -1         -0.909787         0.0114479
                48                -1         -0.911667         0.0113626
                49                -1         -0.913469         0.0112728
                50                -1           -0.9152         0.0111794
                51                -1         -0.916863         0.0110832
                52                -1         -0.918462         0.0109847
                53                -1             -0.92         0.0108847
                54                -1         -0.921481         0.0107835
                55                -1         -0.922909         0.0106815
                56                -1         -0.924286         0.0105791
                57                -1         -0.925614         0.0104765
                58                -1         -0.926897         0.0103741
                59                -1         -0.928136          0.010272
                60                -1         -0.929333         0.0101704
                61                -1         -0.930492         0.0100694
                62                -1         -0.931613        0.00996924
                63                -1         -0.932698        0.00986992
                64                -1          -0.93375        0.00977156
                65                -1         -0.934769        0.00967424
                66                -1         -0.935758        0.00957801
                67                -1         -0.936716        0.00948293
                68                -1         -0.937647        0.00938903
                69                -1         -0.938551        0.00929634
                70                -1         -0.939429        0.00920489
                71                -1         -0.940282        0.00911469
                72                -1         -0.941111        0.00902576
                73                -1         -0.941918         0.0089381
                74                -1         -0.942703        0.00885171
                75                -1         -0.943467        0.00876659
                76                -1         -0.944211        0.00868274
                77                -1         -0.944935        0.00860016
                78                -1         -0.945641        0.00851882
                79                -1         -0.946329        0.00843873
                80                -1            -0.947        0.00835987
                81                -1         -0.947654        0.00828223
                82                -1         -0.948293        0.00820579
                83                -1         -0.948916        0.00813054
                84                -1         -0.949524        0.00805646
                85                -1         -0.950118        0.00798354
                86                -1         -0.950698        0.00791175
                87                -1         -0.951264        0.00784108
                88                -1         -0.951818        0.00777151
                89                -1          -0.95236        0.00770302
                90                -1         -0.952889         0.0076356
                91                -1         -0.953407        0.00756922
                92                -1         -0.953913        0.00750387
                93                -1         -0.954409        0.00743953
                94                -1         -0.954894        0.00737618
                95                -1         -0.955368         0.0073138
                96                -1         -0.955833        0.00725237
                97                -1         -0.956289        0.00719189
                98                -1         -0.956735        0.00713232
                99                -1         -0.957172        0.00707365
               100                -1           -0.9576        0.00701587
               101                -1          -0.95802        0.00695895
               102                -1         -0.958431        0.00690289
               103                -1         -0.958835        0.00684766
               104                -1         -0.959231        0.00679324
               105                -1         -0.959619        0.00673963
               106                -1             -0.96        0.00668681
               107                -1         -0.960374        0.00663476
               108                -1         -0.960741        0.00658346
               109                -1         -0.961101        0.00653291
               110                -1         -0.961455        0.00648308
               111                -1         -0.961802        0.00643397
               112                -1         -0.962143        0.00638556
               113                -1         -0.962478        0.00633783
               114                -1         -0.962807        0.00629077
               115                -1          -0.96313        0.00624438
               116                -1         -0.963448        0.00619863
               117                -1         -0.963761        0.00615352
               118                -1         -0.964068        0.00610903
               119                -1          -0.96437        0.00606515
               120                -1         -0.964667        0.00602187
               121                -1         -0.964959        0.00597918
               122                -1         -0.965246        0.00593707
               123                -1         -0.965528        0.00589552
               124                -1         -0.965806        0.00585452
               125                -1          -0.96608        0.00581408
               126                -1         -0.966349        0.00577416
               127                -1         -0.966614        0.00573477
               128                -1         -0.966875         0.0056959
               129                -1         -0.967132        0.00565753
               130                -1         -0.967385        0.00561965
               131                -1         -0.967634        0.00558227
               132                -1         -0.967879        0.00554536
               133                -1          -0.96812        0.00550892
               134                -1         -0.968358        0.00547295
               135                -1         -0.968593        0.00543742
               136                -1         -0.968824        0.00540234
               137                -1         -0.969051         0.0053677
               138                -1         -0.969275        0.00533349
               139                -1         -0.969496         0.0052997
               140                -1         -0.969714        0.00526632
               141                -1         -0.969929        0.00523335
               142                -1         -0.970141        0.00520078
               143                -1          -0.97035         0.0051686
               144                -1         -0.970556         0.0051368
               145                -1         -0.970759        0.00510539
               146                -1         -0.970959        0.00507435
               147                -1         -0.971156        0.00504367
               148                -1         -0.971351        0.00501336
               149                -1         -0.971544         0.0049834
               150                -1         -0.971733        0.00495378
               151                -1         -0.971921        0.00492451
               152                -1         -0.972105        0.00489558
               153                -1         -0.972288        0.00486697
               154                -1         -0.972468         0.0048387
               155                -1         -0.972645        0.00481074
               156                -1         -0.972821         0.0047831
               157                -1         -0.972994        0.00475576
               158                -1         -0.973165        0.00472873
               159                -1         -0.973333          0.004702
               160                -1           -0.9735        0.00467557
               161                -1         -0.973665        0.00464942
               162                -1         -0.973827        0.00462356
               163                -1         -0.973988        0.00459799
               164                -1         -0.974146        0.00457268
               165                -1         -0.974303        0.00454766
               166                -1         -0.974458        0.00452289
               167                -1         -0.974611         0.0044984
               168                -1         -0.974762        0.00447416
               169                -1         -0.974911        0.00445017
               170                -1         -0.975059        0.00442644
               171                -1         -0.975205        0.00440296
               172                -1         -0.975349        0.00437972
               173                -1         -0.975491        0.00435672
               174                -1         -0.975632        0.00433396
               175                -1         -0.975771        0.00431143
               176                -1         -0.975909        0.00428913
               177                -1         -0.976045        0.00426706
               178                -1          -0.97618        0.00424521
               179                -1         -0.976313        0.00422358
               180                -1         -0.976444        0.00420216
               181                -1         -0.976575        0.00418096
               182                -1         -0.976703        0.00415997
               183                -1         -0.976831        0.00413918
               184                -1         -0.976957         0.0041186
               185                -1         -0.977081        0.00409822
               186                -1         -0.977204        0.00407804
               187                -1         -0.977326        0.00405806
               188                -1         -0.977447        0.00403826
               189                -1         -0.977566        0.00401866
               190                -1         -0.977684        0.00399924
               191                -1         -0.977801        0.00398001
               192                -1         -0.977917        0.00396096
               193                -1         -0.978031        0.00394209
               194                -1         -0.978144        0.00392339
               195                -1         -0.978256        0.00390488
               196                -1         -0.978367        0.00388653
               197                -1         -0.978477        0.00386835
               198                -1         -0.978586        0.00385034
               199                -1         -0.978693         0.0038325
               200                -1           -0.9788        0.00381481
               201                -1         -0.978905        0.00379729
               202                -1          -0.97901        0.00377993
               203                -1         -0.979113        0.00376272
               204                -1         -0.979216        0.00374567
               205                -1         -0.979317        0.00372877
               206                -1         -0.979417        0.00371202
               207                -1         -0.979517        0.00369542
               208                -1         -0.979615        0.00367897
               209                -1         -0.979713        0.00366266
               210                -1          -0.97981        0.00364649
               211                -1         -0.979905        0.00363046
               212                -1             -0.98        0.00361457
               213                -1         -0.980094        0.00359882
               214                -1         -0.980187        0.00358321
               215                -1         -0.980279        0.00356773
               216                -1          -0.98037        0.00355238
               217                -1         -0.980461        0.00353716
               218                -1          -0.98055        0.00352207
               219                -1         -0.980639        0.00350711
               220                -1         -0.980727        0.00349227
               221                -1         -0.980814        0.00347756
               222                -1         -0.980901        0.00346296
               223                -1         -0.980987        0.00344849
               224                -1         -0.981071        0.00343414
               225                -1         -0.981156        0.00341991
               226                -1         -0.981239         0.0034058
               227                -1         -0.981322        0.00339179
               228                -1         -0.981404        0.00337791
               229                -1         -0.981485        0.00336413
               230                -1         -0.981565        0.00335047
               231                -1         -0.981645        0.00333692
               232                -1         -0.981724        0.00332347
               233                -1         -0.981803        0.00331013
               234                -1          -0.98188         0.0032969
               235                -1         -0.981957        0.00328377
               236                -1         -0.982034        0.00327075
               237                -1          -0.98211        0.00325782
               238                -1         -0.982185          0.003245
               239                -1         -0.982259        0.00323228
               240                -1         -0.982333        0.00321966
               241                -1         -0.982407        0.00320713
               242                -1         -0.982479        0.00319471
               243                -1         -0.982551        0.00318237
               244                -1         -0.982623        0.00317013
               245                -1         -0.982694        0.00315799
               246                -1         -0.982764        0.00314593
               247                -1         -0.982834        0.00313397
               248                -1         -0.982903         0.0031221
               249                -1         -0.982972        0.00311031
               250                -1          -0.98304        0.00309862
               251                -1         -0.983108        0.00308701
               252                -1         -0.983175        0.00307549
               253                -1         -0.983241        0.00306405
               254                -1         -0.983307         0.0030527
               255                -1         -0.983373        0.00304143
               256                -1         -0.983438        0.00303024
               257                -1         -0.983502        0.00301913
               258                -1         -0.983566        0.00300811
               259                -1         -0.983629        0.00299716
               260                -1         -0.983692         0.0029863
               261                -1         -0.983755        0.00297551
               262                -1         -0.983817         0.0029648
               263                -1         -0.983878        0.00295416
               264                -1         -0.983939        0.00294361
               265                -1            -0.984        0.00293312
               266                -1          -0.98406        0.00292271
               267                -1          -0.98412        0.00291237
               268                -1         -0.984179        0.00290211
               269                -1         -0.984238        0.00289192
               270                -1         -0.984296         0.0028818
               271                -1         -0.984354        0.00287174
               272                -1         -0.984412        0.00286176
               273                -1         -0.984469        0.00285185
               274                -1         -0.984526        0.00284201
               275                -1         -0.984582        0.00283223
               276                -1         -0.984638        0.00282252
               277                -1         -0.984693        0.00281287
               278                -1         -0.984748        0.00280329
               279                -1         -0.984803        0.00279378
               280                -1         -0.984857        0.00278433
               281                -1         -0.984911        0.00277494
               282                -1         -0.984965        0.00276562
               283                -1         -0.985018        0.00275635
               284                -1          -0.98507        0.00274715
               285                -1         -0.985123        0.00273801
               286                -1         -0.985175        0.00272893
               287                -1         -0.985226        0.00271991
               288                -1         -0.985278        0.00271095
               289                -1         -0.985329        0.00270205
               290                -1         -0.985379        0.00269321
               291                -1          -0.98543        0.00268442
               292                -1         -0.985479        0.00267569
               293                -1         -0.985529        0.00266702
               294                -1         -0.985578         0.0026584
               295                -1         -0.985627        0.00264984
               296                -1         -0.985676        0.00264133
               297                -1         -0.985724        0.00263288
               298                -1         -0.985772        0.00262448
               299                -1         -0.985819        0.00261613
               300                -1         -0.985867        0.00260784
               301                -1         -0.985914         0.0025996
               302                -1          -0.98596        0.00259141
               303                -1         -0.986007        0.00258327
               304                -1         -0.986053        0.00257518
               305                -1         -0.986098        0.00256715
               306                -1         -0.986144        0.00255916
               307                -1         -0.986189        0.00255122
               308                -1         -0.986234        0.00254333
               309                -1         -0.986278        0.00253549
               310                -1         -0.986323         0.0025277
               311                -1         -0.986367        0.00251995
               312                -1          -0.98641        0.00251226
               313                -1         -0.986454         0.0025046
               314                -1         -0.986497          0.002497
               315                -1          -0.98654        0.00248944
               316                -1         -0.986582        0.00248193
               317                -1         -0.986625        0.00247446
               318                -1         -0.986667        0.00246703
               319                -1         -0.986708        0.00245965
               320                -1          -0.98675        0.00245232
               321                -1         -0.986791        0.00244503
               322                -1         -0.986832        0.00243778
               323                -1         -0.986873        0.00243057
               324                -1         -0.986914        0.00242341
               325                -1         -0.986954        0.00241628
               326                -1         -0.986994         0.0024092
               327                -1         -0.987034        0.00240216
               328                -1         -0.987073        0.00239517
               329                -1         -0.987112        0.00238821
               330                -1         -0.987152        0.00238129
               331                -1          -0.98719        0.00237441
               332                -1         -0.987229        0.00236757
               333                -1         -0.987267        0.00236078
               334                -1         -0.987305        0.00235401
               335                -1         -0.987343        0.00234729
               336                -1         -0.987381        0.00234061
               337                -1         -0.987418        0.00233396
               338                -1         -0.987456        0.00232735
               339                -1         -0.987493        0.00232078
               340                -1         -0.987529        0.00231425
               341                -1         -0.987566        0.00230775
               342                -1         -0.987602        0.00230129
               343                -1         -0.987638        0.00229486
               344                -1         -0.987674        0.00228847
               345                -1          -0.98771        0.00228212
               346                -1         -0.987746         0.0022758
               347                -1         -0.987781        0.00226952
               348                -1         -0.987816        0.00226327
               349                -1         -0.987851        0.00225705
               350                -1         -0.987886        0.00225087
               351                -1          -0.98792        0.00224472
               352                -1         -0.987955        0.00223861
               353                -1         -0.987989        0.00223252
               354                -1         -0.988023        0.00222648
               355                -1         -0.988056        0.00222046
               356                -1          -0.98809        0.00221448
               357                -1         -0.988123        0.00220852
               358                -1         -0.988156         0.0022026
               359                -1         -0.988189        0.00219672
               360                -1         -0.988222        0.00219086
               361                -1         -0.988255        0.00218503
               362                -1         -0.988287        0.00217924
               363                -1          -0.98832        0.00217347
               364                -1         -0.988352        0.00216774
               365                -1         -0.988384        0.00216203
               366                -1         -0.988415        0.00215636
               367                -1         -0.988447        0.00215072
               368                -1         -0.988478         0.0021451
               369                -1         -0.988509        0.00213951
               370                -1         -0.988541        0.00213396
               371                -1         -0.988571        0.00212843
               372                -1         -0.988602        0.00212293
               373                -1         -0.988633        0.00211746
               374                -1         -0.988663        0.00211201
               375                -1         -0.988693         0.0021066
               376                -1         -0.988723        0.00210121
               377                -1         -0.988753        0.00209585
               378                -1         -0.988783        0.00209052
               379                -1         -0.988813        0.00208521
               380                -1         -0.988842        0.00207993
               381                -1         -0.988871        0.00207468
               382                -1         -0.988901        0.00206945
               383                -1          -0.98893        0.00206425
               384                -1         -0.988958        0.00205908
               385                -1         -0.988987        0.00205393
               386                -1         -0.989016        0.00204881
               387                -1         -0.989044        0.00204371
               388                -1         -0.989072        0.00203864
               389                -1           -0.9891        0.00203359
               390                -1         -0.989128        0.00202857
               391                -1         -0.989156        0.00202357
               392                -1         -0.989184         0.0020186
               393                -1         -0.989211        0.00201365
               394                -1         -0.989239        0.00200872
               395                -1         -0.989266        0.00200382
               396                -1         -0.989293        0.00199894
               397                -1          -0.98932        0.00199409
               398                -1         -0.989347        0.00198926
               399                -1         -0.989373        0.00198446
               400                -1           -0.9894        0.00197967
               401                -1         -0.989426        0.00197491
               402                -1         -0.989453        0.00197017
               403                -1         -0.989479        0.00196546
               404                -1         -0.989505        0.00196077
               405                -1         -0.989531         0.0019561
               406                -1         -0.989557        0.00195145
               407                -1         -0.989582        0.00194682
               408                -1         -0.989608        0.00194222
               409                -1         -0.989633        0.00193764
               410                -1         -0.989659        0.00193307
               411                -1         -0.989684        0.00192853
               412                -1         -0.989709        0.00192402
               413                -1         -0.989734        0.00191952
               414                -1         -0.989758        0.00191504
               415                -1         -0.989783        0.00191059
               416                -1         -0.989808        0.00190615
               417                -1         -0.989832        0.00190174
               418                -1         -0.989856        0.00189734
               419                -1         -0.989881        0.00189297
               420                -1         -0.989905        0.00188862
               421                -1         -0.989929        0.00188428
               422                -1         -0.989953        0.00187997
               423                -1         -0.989976        0.00187567
               424                -1             -0.99         0.0018714
               425                -1         -0.990024        0.00186714
               426                -1         -0.990047        0.00186291
               427                -1          -0.99007        0.00185869
               428                -1         -0.990093        0.00185449
               429                -1         -0.990117        0.00185031
               430                -1          -0.99014        0.00184615
               431                -1         -0.990162        0.00184201
               432                -1         -0.990185        0.00183789
               433                -1         -0.990208        0.00183378
               434                -1          -0.99023         0.0018297
               435                -1         -0.990253        0.00182563
               436                -1         -0.990275        0.00182158
               437                -1         -0.990297        0.00181755
               438                -1          -0.99032        0.00181353
               439                -1         -0.990342        0.00180953
               440                -1         -0.990364        0.00180556
               441                -1         -0.990385        0.00180159
               442                -1         -0.990407        0.00179765
               443                -1         -0.990429        0.00179372
               444                -1          -0.99045        0.00178981
               445                -1         -0.990472        0.00178592
               446                -1         -0.990493        0.00178204
               447                -1         -0.990515        0.00177818
               448                -1         -0.990536        0.00177434
               449                -1         -0.990557        0.00177051
               450                -1         -0.990578         0.0017667
               451                -1         -0.990599        0.00176291
               452                -1         -0.990619        0.00175913
               453                -1          -0.99064        0.00175537
               454                -1         -0.990661        0.00175162
               455                -1         -0.990681        0.00174789
               456                -1         -0.990702        0.00174418
               457                -1         -0.990722        0.00174048
               458                -1         -0.990742         0.0017368
               459                -1         -0.990763        0.00173313
               460                -1         -0.990783        0.00172948
               461                -1         -0.990803        0.00172585
               462                -1         -0.990823        0.00172222
               463                -1         -0.990842        0.00171862
               464                -1         -0.990862        0.00171503
               465                -1         -0.990882        0.00171145
               466                -1         -0.990901        0.00170789
               467                -1         -0.990921        0.00170435
               468                -1          -0.99094        0.00170081
               469                -1         -0.990959         0.0016973
               470                -1         -0.990979         0.0016938
               471                -1         -0.990998        0.00169031
               472                -1         -0.991017        0.00168683
               473                -1         -0.991036        0.00168338
               474                -1         -0.991055        0.00167993
               475                -1         -0.991074         0.0016765
               476                -1         -0.991092        0.00167308
               477                -1         -0.991111        0.00166968
               478                -1          -0.99113        0.00166629
               479                -1         -0.991148        0.00166291
               480                -1         -0.991167        0.00165955
               481                -1         -0.991185         0.0016562
               482                -1         -0.991203        0.00165287
               483                -1         -0.991222        0.00164955
               484                -1          -0.99124        0.00164624
               485                -1         -0.991258        0.00164294
               486                -1         -0.991276        0.00163966
               487                -1         -0.991294        0.00163639
               488                -1         -0.991311        0.00163313
               489                -1         -0.991329        0.00162989
               490                -1         -0.991347        0.00162666
               491                -1         -0.991365        0.00162344
               492                -1         -0.991382        0.00162024
               493                -1           -0.9914        0.00161705
               494                -1         -0.991417        0.00161387
               495                -1         -0.991434         0.0016107
               496                -1         -0.991452        0.00160755
               497                -1         -0.991469         0.0016044
               498                -1         -0.991486        0.00160127
               499                -1         -0.991503        0.00159815
               500                -1          -0.99152        0.00159505
               501                -1         -0.991537        0.00159195
               502                -1         -0.991554        0.00158887
               503                -1         -0.991571         0.0015858
               504                -1         -0.991587        0.00158274
               505                -1         -0.991604         0.0015797
               506                -1         -0.991621        0.00157666
               507                -1         -0.991637        0.00157364
               508                -1         -0.991654        0.00157063
               509                -1          -0.99167        0.00156763
               510                -1         -0.991686        0.00156464
               511                -1         -0.991703        0.00156166
               512                -1         -0.991719         0.0015587
               513                -1         -0.991735        0.00155574
               514                -1         -0.991751         0.0015528
               515                -1         -0.991767        0.00154986
               516                -1         -0.991783        0.00154694
               517                -1         -0.991799        0.00154403
               518                -1         -0.991815        0.00154113
               519                -1          -0.99183        0.00153824
               520                -1         -0.991846        0.00153537
               521                -1         -0.991862         0.0015325
               522                -1         -0.991877        0.00152964
               523                -1         -0.991893         0.0015268
               524                -1         -0.991908        0.00152396
               525                -1         -0.991924        0.00152114
               526                -1         -0.991939        0.00151832
               527                -1         -0.991954        0.00151552
               528                -1          -0.99197        0.00151272
               529                -1         -0.991985        0.00150994
               530                -1            -0.992        0.00150717
               531                -1         -0.992015        0.00150441
               532                -1          -0.99203        0.00150165
               533                -1         -0.992045        0.00149891
               534                -1          -0.99206        0.00149618
               535                -1         -0.992075        0.00149345
               536                -1          -0.99209        0.00149074
               537                -1         -0.992104        0.00148804
               538                -1         -0.992119        0.00148534
               539                -1         -0.992134        0.00148266
               540                -1         -0.992148        0.00147999
               541                -1         -0.992163        0.00147732
               542                -1         -0.992177        0.00147467
               543                -1         -0.992192        0.00147202
               544                -1         -0.992206        0.00146938
               545                -1          -0.99222        0.00146676
               546                -1         -0.992234        0.00146414
               547                -1         -0.992249        0.00146153
               548                -1         -0.992263        0.00145893
               549                -1         -0.992277        0.00145635
               550                -1         -0.992291        0.00145377
               551                -1         -0.992305        0.00145119
               552                -1         -0.992319        0.00144863
               553                -1         -0.992333        0.00144608
               554                -1         -0.992347        0.00144353
               555                -1          -0.99236          0.001441
               556                -1         -0.992374        0.00143847
               557                -1         -0.992388        0.00143596
               558                -1         -0.992401        0.00143345
               559                -1         -0.992415        0.00143095
               560                -1         -0.992429        0.00142846
               561                -1         -0.992442        0.00142597
               562                -1         -0.992456         0.0014235
               563                -1         -0.992469        0.00142103
               564                -1         -0.992482        0.00141858
               565                -1         -0.992496        0.00141613
               566                -1         -0.992509        0.00141369
               567                -1         -0.992522        0.00141126
               568                -1         -0.992535        0.00140884
               569                -1         -0.992548        0.00140642
               570                -1         -0.992561        0.00140401
               571                -1         -0.992574        0.00140162
               572                -1         -0.992587        0.00139922
               573                -1           -0.9926        0.00139684
               574                -1         -0.992613        0.00139447
               575                -1         -0.992626         0.0013921
               576                -1         -0.992639        0.00138974
               577                -1         -0.992652        0.00138739
               578                -1         -0.992664        0.00138505
               579                -1         -0.992677        0.00138272
               580                -1          -0.99269        0.00138039
               581                -1         -0.992702        0.00137807
               582                -1         -0.992715        0.00137576
               583                -1         -0.992727        0.00137346
               584                -1          -0.99274        0.00137116
               585                -1         -0.992752        0.00136888
               586                -1         -0.992765         0.0013666
               587                -1         -0.992777        0.00136432
               588                -1         -0.992789        0.00136206
               589                -1         -0.992801         0.0013598
               590                -1         -0.992814        0.00135755
               591                -1         -0.992826        0.00135531
               592                -1         -0.992838        0.00135307
               593                -1          -0.99285        0.00135085
               594                -1         -0.992862        0.00134863
               595                -1         -0.992874        0.00134641
               596                -1         -0.992886        0.00134421
               597                -1         -0.992898        0.00134201
               598                -1          -0.99291        0.00133982
               599                -1         -0.992922        0.00133763
               600                -1         -0.992933        0.00133545
               601                -1         -0.992945        0.00133328
               602                -1         -0.992957        0.00133112
               603                -1         -0.992968        0.00132896
               604                -1          -0.99298        0.00132681
               605                -1         -0.992992        0.00132467
               606                -1         -0.993003        0.00132254
               607                -1         -0.993015        0.00132041
               608                -1         -0.993026        0.00131829
               609                -1         -0.993038        0.00131617
               610                -1         -0.993049        0.00131406
               611                -1         -0.993061        0.00131196
               612                -1         -0.993072        0.00130987
               613                -1         -0.993083        0.00130778
               614                -1         -0.993094         0.0013057
               615                -1         -0.993106        0.00130362
               616                -1         -0.993117        0.00130155
               617                -1         -0.993128        0.00129949
               618                -1         -0.993139        0.00129744
               619                -1          -0.99315        0.00129539
               620                -1         -0.993161        0.00129335
               621                -1         -0.993172        0.00129131
               622                -1         -0.993183        0.00128928
               623                -1         -0.993194        0.00128726
               624                -1         -0.993205        0.00128524
               625                -1         -0.993216        0.00128323
               626                -1         -0.993227        0.00128123
               627                -1         -0.993238        0.00127923
               628                -1         -0.993248        0.00127724
               629                -1         -0.993259        0.00127525
               630                -1          -0.99327        0.00127327
               631                -1         -0.993281         0.0012713
               632                -1         -0.993291        0.00126933
               633                -1         -0.993302        0.00126737
               634                -1         -0.993312        0.00126542
               635                -1         -0.993323        0.00126347
               636                -1         -0.993333        0.00126153
               637                -1         -0.993344        0.00125959
               638                -1         -0.993354        0.00125766
               639                -1         -0.993365        0.00125573
               640                -1         -0.993375        0.00125381
               641                -1         -0.993385         0.0012519
               642                -1         -0.993396        0.00124999
               643                -1         -0.993406        0.00124809
               644                -1         -0.993416        0.00124619
               645                -1         -0.993426         0.0012443
               646                -1         -0.993437        0.00124242
               647                -1         -0.993447        0.00124054
               648                -1         -0.993457        0.00123867
               649                -1         -0.993467         0.0012368
               650                -1         -0.993477        0.00123494
               651                -1         -0.993487        0.00123308
               652                -1         -0.993497        0.00123123
               653                -1         -0.993507        0.00122938
               654                -1         -0.993517        0.00122755
               655                -1         -0.993527        0.00122571
               656                -1         -0.993537        0.00122388
               657                -1         -0.993546        0.00122206
               658                -1         -0.993556        0.00122024
               659                -1         -0.993566        0.00121843
               660                -1         -0.993576        0.00121662
               661                -1         -0.993585        0.00121482
               662                -1         -0.993595        0.00121302
               663                -1         -0.993605        0.00121123
               664                -1         -0.993614        0.00120945
               665                -1         -0.993624        0.00120767
               666                -1         -0.993634        0.00120589
               667                -1         -0.993643        0.00120412
               668                -1         -0.993653        0.00120236
               669                -1         -0.993662         0.0012006
               670                -1         -0.993672        0.00119884
               671                -1         -0.993681        0.00119709
               672                -1          -0.99369        0.00119535
               673                -1           -0.9937        0.00119361
               674                -1         -0.993709        0.00119187
               675                -1         -0.993719        0.00119014
               676                -1         -0.993728        0.00118842
               677                -1         -0.993737         0.0011867
               678                -1         -0.993746        0.00118499
               679                -1         -0.993756        0.00118328
               680                -1         -0.993765        0.00118157
               681                -1         -0.993774        0.00117987
               682                -1         -0.993783        0.00117818
               683                -1         -0.993792        0.00117649
               684                -1         -0.993801         0.0011748
               685                -1          -0.99381        0.00117312
               686                -1         -0.993819        0.00117145
               687                -1         -0.993828        0.00116978
               688                -1         -0.993837        0.00116811
               689                -1         -0.993846        0.00116645
               690                -1         -0.993855        0.00116479
               691                -1         -0.993864        0.00116314
               692                -1         -0.993873        0.00116149
               693                -1         -0.993882        0.00115985
               694                -1          -0.99389        0.00115821
               695                -1         -0.993899        0.00115658
               696                -1         -0.993908        0.00115495
               697                -1         -0.993917        0.00115333
               698                -1         -0.993926        0.00115171
               699                -1         -0.993934        0.00115009
               700                -1         -0.993943        0.00114848
               701                -1         -0.993951        0.00114688
               702                -1          -0.99396        0.00114528
               703                -1         -0.993969        0.00114368
               704                -1         -0.993977        0.00114209
               705                -1         -0.993986         0.0011405
               706                -1         -0.993994        0.00113892
               707                -1         -0.994003        0.00113734
               708                -1         -0.994011        0.00113576
               709                -1          -0.99402        0.00113419
               710                -1         -0.994028        0.00113263
               711                -1         -0.994037        0.00113106
               712                -1         -0.994045        0.00112951
               713                -1         -0.994053        0.00112795
               714                -1         -0.994062         0.0011264
               715                -1          -0.99407        0.00112486
               716                -1         -0.994078        0.00112332
               717                -1         -0.994086        0.00112178
               718                -1         -0.994095        0.00112025
               719                -1         -0.994103        0.00111872
               720                -1         -0.994111         0.0011172
               721                -1         -0.994119        0.00111568
               722                -1         -0.994127        0.00111416
               723                -1         -0.994136        0.00111265
               724                -1         -0.994144        0.00111114
               725                -1         -0.994152        0.00110964
               726                -1          -0.99416        0.00110814
               727                -1         -0.994168        0.00110665
               728                -1         -0.994176        0.00110516
               729                -1         -0.994184        0.00110367
               730                -1         -0.994192        0.00110218
               731                -1           -0.9942        0.00110071
               732                -1         -0.994208        0.00109923
               733                -1         -0.994216        0.00109776
               734                -1         -0.994223        0.00109629
               735                -1         -0.994231        0.00109483
               736                -1         -0.994239        0.00109337
               737                -1         -0.994247        0.00109191
               738                -1         -0.994255        0.00109046
               739                -1         -0.994263        0.00108901
               740                -1          -0.99427        0.00108757
               741                -1         -0.994278        0.00108613
               742                -1         -0.994286        0.00108469
               743                -1         -0.994293        0.00108326
               744                -1         -0.994301        0.00108183
               745                -1         -0.994309        0.00108041
               746                -1         -0.994316        0.00107899
               747                -1         -0.994324        0.00107757
               748                -1         -0.994332        0.00107615
               749                -1         -0.994339        0.00107474
               750                -1         -0.994347        0.00107334
               751                -1         -0.994354        0.00107193
               752                -1         -0.994362        0.00107054
               753                -1         -0.994369        0.00106914
               754                -1         -0.994377        0.00106775
               755                -1         -0.994384        0.00106636
               756                -1         -0.994392        0.00106498
               757                -1         -0.994399        0.00106359
               758                -1         -0.994406        0.00106222
               759                -1         -0.994414        0.00106084
               760                -1         -0.994421        0.00105947
               761                -1         -0.994428        0.00105811
               762                -1         -0.994436        0.00105674
               763                -1         -0.994443        0.00105538
               764                -1          -0.99445        0.00105403
               765                -1         -0.994458        0.00105267
               766                -1         -0.994465        0.00105132
               767                -1         -0.994472        0.00104998
               768                -1         -0.994479        0.00104864
               769                -1         -0.994486         0.0010473
               770                -1         -0.994494        0.00104596
               771                -1         -0.994501        0.00104463
               772                -1         -0.994508         0.0010433
               773                -1         -0.994515        0.00104197
               774                -1         -0.994522        0.00104065
               775                -1         -0.994529        0.00103933
               776                -1         -0.994536        0.00103802
               777                -1         -0.994543        0.00103671
               778                -1          -0.99455         0.0010354
               779                -1         -0.994557        0.00103409
               780                -1         -0.994564        0.00103279
               781                -1         -0.994571        0.00103149
               782                -1         -0.994578        0.00103019
               783                -1         -0.994585         0.0010289
               784                -1         -0.994592        0.00102761
               785                -1         -0.994599        0.00102633
               786                -1         -0.994606        0.00102504
               787                -1         -0.994612        0.00102376
               788                -1         -0.994619        0.00102249
               789                -1         -0.994626        0.00102121
               790                -1         -0.994633        0.00101994
               791                -1          -0.99464        0.00101868
               792                -1         -0.994646        0.00101741
               793                -1         -0.994653        0.00101615
               794                -1          -0.99466         0.0010149
               795                -1         -0.994667        0.00101364
               796                -1         -0.994673        0.00101239
               797                -1          -0.99468        0.00101114
               798                -1         -0.994687         0.0010099
               799                -1         -0.994693        0.00100866
               800                -1           -0.9947        0.00100742
               801                -1         -0.994707        0.00100618
               802                -1         -0.994713        0.00100495
               803                -1          -0.99472        0.00100372
               804                -1         -0.994726        0.00100249
               805                -1         -0.994733        0.00100127
               806                -1         -0.994739        0.00100005
               807                -1         -0.994746       0.000998828
               808                -1         -0.994752       0.000997613
               809                -1         -0.994759       0.000996401
               810                -1         -0.994765       0.000995191
               811                -1         -0.994772       0.000993985
               812                -1         -0.994778       0.000992782
               813                -1         -0.994785       0.000991582
               814                -1         -0.994791       0.000990384
               815                -1         -0.994798        0.00098919
               816                -1         -0.994804       0.000987998
               817                -1          -0.99481       0.000986809
               818                -1         -0.994817       0.000985623
               819                -1         -0.994823        0.00098444
               820                -1         -0.994829        0.00098326
               821                -1         -0.994836       0.000982082
               822                -1         -0.994842       0.000980908
               823                -1         -0.994848       0.000979736
               824                -1         -0.994854       0.000978567
               825                -1         -0.994861         0.0009774
               826                -1         -0.994867       0.000976237
               827                -1         -0.994873       0.000975076
               828                -1         -0.994879       0.000973918
               829                -1         -0.994885       0.000972763
               830                -1         -0.994892       0.000971611
               831                -1         -0.994898       0.000970461
               832                -1         -0.994904       0.000969314
               833                -1          -0.99491       0.000968169
               834                -1         -0.994916       0.000967028
               835                -1         -0.994922       0.000965889
               836                -1         -0.994928       0.000964753
               837                -1         -0.994934       0.000963619
               838                -1          -0.99494       0.000962488
               839                -1         -0.994946        0.00096136
               840                -1         -0.994952       0.000960234
               841                -1         -0.994958       0.000959111
               842                -1         -0.994964       0.000957991
               843                -1          -0.99497       0.000956873
               844                -1         -0.994976       0.000955758
               845                -1         -0.994982       0.000954645
               846                -1         -0.994988       0.000953535
               847                -1         -0.994994       0.000952428
               848                -1            -0.995       0.000951323
               849                -1         -0.995006       0.000950221
               850                -1         -0.995012       0.000949121
               851                -1         -0.995018       0.000948024
               852                -1         -0.995023       0.000946929
               853                -1         -0.995029       0.000945837
               854                -1         -0.995035       0.000944747
               855                -1         -0.995041        0.00094366
               856                -1         -0.995047       0.000942575
               857                -1         -0.995053       0.000941493
               858                -1         -0.995058       0.000940414
               859                -1         -0.995064       0.000939336
               860                -1          -0.99507       0.000938262
               861                -1         -0.995075       0.000937189
               862                -1         -0.995081        0.00093612
               863                -1         -0.995087       0.000935052
               864                -1         -0.995093       0.000933987
               865                -1         -0.995098       0.000932925
               866                -1         -0.995104       0.000931865
               867                -1          -0.99511       0.000930807
               868                -1         -0.995115       0.000929752
               869                -1         -0.995121       0.000928699
               870                -1         -0.995126       0.000927648
               871                -1         -0.995132         0.0009266
               872                -1         -0.995138       0.000925554
               873                -1         -0.995143       0.000924511
               874                -1         -0.995149        0.00092347
               875                -1         -0.995154       0.000922431
               876                -1          -0.99516       0.000921395
               877                -1         -0.995165        0.00092036
               878                -1         -0.995171       0.000919329
               879                -1         -0.995176       0.000918299
               880                -1         -0.995182       0.000917272
               881                -1         -0.995187       0.000916247
               882                -1         -0.995193       0.000915225
               883                -1         -0.995198       0.000914204
               884                -1         -0.995204       0.000913186
               885                -1         -0.995209       0.000912171
               886                -1         -0.995214       0.000911157
               887                -1          -0.99522       0.000910146
               888                -1         -0.995225       0.000909137
               889                -1         -0.995231        0.00090813
               890                -1         -0.995236       0.000907125
               891                -1         -0.995241       0.000906123
               892                -1         -0.995247       0.000905123
               893                -1         -0.995252       0.000904125
               894                -1         -0.995257       0.000903129
               895                -1         -0.995263       0.000902136
               896                -1         -0.995268       0.000901144
               897                -1         -0.995273       0.000900155
               898                -1         -0.995278       0.000899168
               899                -1         -0.995284       0.000898183
               900                -1         -0.995289       0.000897201
               901                -1         -0.995294        0.00089622
               902                -1         -0.995299       0.000895242
               903                -1         -0.995305       0.000894265
               904                -1          -0.99531       0.000893291
               905                -1         -0.995315       0.000892319
               906                -1          -0.99532       0.000891349
               907                -1         -0.995325       0.000890382
               908                -1          -0.99533       0.000889416
               909                -1         -0.995336       0.000888452
               910                -1         -0.995341       0.000887491
               911                -1         -0.995346       0.000886531
               912                -1         -0.995351       0.000885574
               913                -1         -0.995356       0.000884618
               914                -1         -0.995361       0.000883665
               915                -1         -0.995366       0.000882714
               916                -1         -0.995371       0.000881765
               917                -1         -0.995376       0.000880818
               918                -1         -0.995381       0.000879873
               919                -1         -0.995386        0.00087893
               920                -1         -0.995391       0.000877989
               921                -1         -0.995396       0.000877049
               922                -1         -0.995401       0.000876112
               923                -1         -0.995406       0.000875177
               924                -1         -0.995411       0.000874244
               925                -1         -0.995416       0.000873313
               926                -1         -0.995421       0.000872384
               927                -1         -0.995426       0.000871457
               928                -1         -0.995431       0.000870532
               929                -1         -0.995436       0.000869609
               930                -1         -0.995441       0.000868688
               931                -1         -0.995446       0.000867768
               932                -1         -0.995451       0.000866851
               933                -1         -0.995456       0.000865936
               934                -1          -0.99546       0.000865022
               935                -1         -0.995465       0.000864111
               936                -1          -0.99547       0.000863201
               937                -1         -0.995475       0.000862293
               938                -1          -0.99548       0.000861388
               939                -1         -0.995485       0.000860484
               940                -1         -0.995489       0.000859582
               941                -1         -0.995494       0.000858682
               942                -1         -0.995499       0.000857783
               943                -1         -0.995504       0.000856887
               944                -1         -0.995508       0.000855992
               945                -1         -0.995513         0.0008551
               946                -1         -0.995518       0.000854209
               947                -1         -0.995523        0.00085332
               948                -1         -0.995527       0.000852433
               949                -1         -0.995532       0.000851548
               950                -1         -0.995537       0.000850665
               951                -1         -0.995542       0.000849783
               952                -1         -0.995546       0.000848903
               953                -1         -0.995551       0.000848025
               954                -1         -0.995556       0.000847149
               955                -1          -0.99556       0.000846275
               956                -1         -0.995565       0.000845402
               957                -1         -0.995569       0.000844532
               958                -1         -0.995574       0.000843663
               959                -1         -0.995579       0.000842796
               960                -1         -0.995583        0.00084193
               961                -1         -0.995588       0.000841067
               962                -1         -0.995593       0.000840205
               963                -1         -0.995597       0.000839345
               964                -1         -0.995602       0.000838487
               965                -1         -0.995606        0.00083763
               966                -1         -0.995611       0.000836776
               967                -1         -0.995615       0.000835923
               968                -1          -0.99562       0.000835071
               969                -1         -0.995624       0.000834222
               970                -1         -0.995629       0.000833374
               971                -1         -0.995633       0.000832528
               972                -1         -0.995638       0.000831683
               973                -1         -0.995642       0.000830841
               974                -1         -0.995647           0.00083
               975                -1         -0.995651        0.00082916
               976                -1         -0.995656       0.000828323
               977                -1          -0.99566       0.000827487
               978                -1         -0.995665       0.000826653
               979                -1         -0.995669        0.00082582
               980                -1         -0.995673       0.000824989
               981                -1         -0.995678        0.00082416
               982                -1         -0.995682       0.000823333
               983                -1         -0.995687       0.000822507
               984                -1         -0.995691       0.000821683
               985                -1         -0.995695        0.00082086
               986                -1           -0.9957       0.000820039
               987                -1         -0.995704        0.00081922
               988                -1         -0.995709       0.000818402
               989                -1         -0.995713       0.000817586
               990                -1         -0.995717       0.000816772
               991                -1         -0.995721       0.000815959
               992                -1         -0.995726       0.000815148
               993                -1          -0.99573       0.000814339
               994                -1         -0.995734       0.000813531
               995                -1         -0.995739       0.000812724
               996                -1         -0.995743        0.00081192
               997                -1         -0.995747       0.000811116
               998                -1         -0.995752       0.000810315
               999                -1         -0.995756       0.000809515
              1000                -1          -0.99576       0.000808717
