#BEST_LENGTH_HISTORY
32.7869
29.6032
29.5012
27.0897
27.0455
26.2761
24.3971
23.3286
22.2471
20.3219
20.3219
19.7762
18.9392
18.6703
18.5733
16.4596
16.1777
15.4837
15.3896
13.5911
13.1836
12.9833
12.825
12.2171
11.9937
11.9595
11.7362
11.4848
11.4648
11.4648
11.4648
11.4476
11.4397
11.3566
11.328
10.9288
10.9288
10.9171
10.9171
10.89
10.89
10.89
10.8796
10.8796
10.8796
10.7358
10.7136
10.7136
10.7136
10.5367
10.5367
10.5272
10.3727
10.3727
10.2141
9.76945
9.32924
9.32791
9.32597
8.63227
7.93855
7.93528
7.93528
7.93528
7.93528
7.93528
7.61564
7.61564
7.5555
7.5555
7.37087
7.37087
6.78595
6.78595
6.78595
6.24306
6.24306
6.24306
6.24306
6.24306
6.24306
6.24306
6.24306
6.24306
6.24306
6.24306
6.24306
6.24306
6.24306
6.24306
6.24306
6.24306
6.24306
6.24306
6.24306
6.24306
6.24306
6.24306
6.24306
6.24306
6.24306
6.24306
6.24306
6.24306
6.24306
6.24306
6.24306
6.24306
6.24306
6.24306
6.24306
6.24306
6.24306
6.24306
6.24306
6.24306
6.24306
6.24306
6.24306
6.24306
6.24306
6.24306
6.24306
6.24306
6.24306
6.24306
6.24306
6.24306
6.24306
6.24306
6.24306
6.24306
6.24306
6.24306
6.24306
6.24306
6.24306
6.24306
6.24306
6.24306
6.24306
6.24306
6.24306
6.24306
6.24306
6.24306
6.24306
6.24306
6.24306
6.24306
6.24306
6.24306
6.24306
6.24306
6.24306
6.24306
6.24306
6.24306
6.24306
6.24306
6.24306
6.24306
6.24306
6.24306
6.24306
6.24306
6.24306
6.24306
6.24306
6.24306
6.24306
6.24306
6.24306
6.24306
6.24306
6.24306
6.24306
6.24306
6.24306
6.24306
6.24306
6.24306
6.24306
6.24306
6.24306
6.24306
6.24306
6.24306
6.24306
6.24306
6.24306
6.24306
6.24306
6.24306
6.24306
6.24306
6.24306
6.24306
6.24306
6.24306
