#HALF_LENGTH_HISTORY
41.4168
39.5091
37.5818
35.8275
34.9972
33.7452
32.5265
31.0839
30.2607
29.4435
28.1142
27.3042
25.9219
25.4371
24.6115
23.8996
23.6611
22.7433
22.259
21.4307
20.8023
20.3263
19.247
18.7359
18.3965
18.0798
17.7892
17.7239
17.7375
17.3361
16.3376
16.4958
16.1914
16.8107
16.7711
16.6174
16.3858
16.4463
16.3583
16.1185
16.3979
16.4521
16.6028
16.708
16.8555
16.3453
16.6628
16.7974
16.4126
16.3364
15.7582
16.0551
15.8379
15.5505
15.3023
15.2398
14.7541
15.0923
14.9092
14.6328
14.2775
14.066
13.5369
13.5171
13.2682
12.8108
12.8505
13.2755
13.0105
13.2652
13.4203
13.629
13.938
13.5932
13.6681
13.3002
13.3106
13.2068
12.8162
12.4771
12.3299
11.7092
11.5884
11.6623
11.9652
12.2138
12.3655
12.8664
12.8141
12.9504
12.1862
12.1528
11.8424
11.9275
11.8164
11.3149
11.6208
11.3354
11.2291
11.23
11.4518
11.3192
11.2158
11.5612
11.0985
10.8505
11.1833
11.2198
11.2946
11.1851
11.3028
11.0916
11.2915
11.79
11.6591
11.5674
11.337
11.2668
11.2788
11.5099
11.4576
11.5088
10.9886
11.0885
11.1805
11.4498
11.5665
11.1338
11.4018
10.9795
11.3166
11.5223
11.4466
11.7389
11.5206
11.5793
11.9659
11.7819
11.3859
11.4954
11.3392
11.261
11.3318
11.2953
11.3876
11.311
11.3406
11.1048
11.5505
11.3698
11.4329
11.4835
11.4578
11.3591
11.5037
11.1399
11.181
11.298
11.5503
11.8376
11.446
11.5108
12.0581
11.7896
11.3529
11.5503
11.4163
11.2479
11.5758
11.09
11.2317
11.9246
11.4896
11.4032
11.5741
11.3653
11.4831
11.5331
11.6017
11.2831
11.2819
11.1707
11.5618
11.5054
11.5857
11.4892
11.0886
12.084
11.8517
11.2577
11.4088
11.3915
11.4446
10.9789
11.5402
11.3953
11.2475
11.2671
11.2091
10.8316
