#HALF_LENGTH_HISTORY
41.2923
39.7797
38.2657
37.3542
36.3727
34.6382
34.3469
33.9826
32.4029
31.6524
31.1772
30.1297
30.0121
29.0945
28.6741
28.1084
27.5691
27.2693
26.6114
26.626
26.7933
26.2971
26.1843
25.8967
26.19
25.463
25.1094
25.0205
25.1037
24.0522
24.0143
23.7357
23.9337
24.4389
24.6292
24.2843
24.2967
24.6776
24.2744
24.1694
23.8207
24.398
23.4048
23.4207
22.6686
22.3248
21.9073
21.3953
21.1938
21.5318
21.1669
20.9832
20.7419
20.0036
20.2541
20.9678
20.4047
20.1527
20.2379
19.5248
20.0039
19.7841
19.3427
19.4565
19.5842
19.5233
18.8337
19.0111
19.4034
19.1068
19.4074
18.7375
18.7777
18.4001
18.2295
18.3015
17.6362
18.0763
17.8572
17.6106
18.1108
17.6568
17.6208
17.7037
18.2458
17.7368
17.7546
17.4578
17.5478
17.3664
17.6165
17.5482
17.4894
17.4504
18.0169
17.5002
17.7465
17.1131
17.528
17.2953
17.4788
16.9959
17.5326
17.7669
17.9088
17.473
17.6838
17.1668
17.0894
16.9048
16.7535
17.1064
17.267
17.2879
17.0693
16.7215
16.6239
17.4926
17.0984
17.5984
17.558
17.0938
16.8223
17.3496
17.0991
16.7009
17.1482
17.662
17.3814
17.9518
17.643
18.3086
18.0666
17.4412
16.9005
17.659
17.3264
17.0412
17.4788
17.6151
17.5498
16.3647
16.709
17.2809
16.9537
17.117
17.0573
16.9266
17.0777
17.2178
17.301
17.911
17.1607
16.9605
17.7236
17.7194
17.6376
17.253
17.4139
17.017
16.5883
16.5822
16.425
16.8298
17.099
17.0278
17.3348
17.7382
18.0629
17.583
17.3126
17.5059
17.3298
17.1324
16.8403
17.2644
17.3502
17.7273
17.4185
17.5425
17.478
17.1411
17.4722
17.284
16.9896
17.448
17.0815
16.8805
17.313
16.8135
17.53
17.3822
17.5441
17.0735
16.9767
16.8235
16.3015
16.3414
16.7869
17.2482
