#BEST_LENGTH_HISTORY
14.619
13.7406
13.1178
12.629
12.0527
11.5427
11.2054
10.9323
10.7378
10.7378
10.5024
9.44721
9.44721
8.99929
8.9183
8.88655
8.88655
8.69355
8.57636
8.10772
7.98275
7.79154
7.79154
7.6803
7.51158
7.48295
7.21187
7.21187
7.03636
6.63713
6.61939
6.61939
6.61939
6.57545
6.57545
6.40092
6.34257
6.34257
6.27756
6.27756
6.27756
6.27756
6.08298
6.08298
6.08298
6.08298
6.02112
6.02112
5.84605
5.84605
5.84605
5.79145
5.77297
5.77297
5.71837
5.7182
5.60743
5.60743
5.60743
5.43206
5.43206
5.43206
5.43206
5.42646
5.36741
5.36741
5.36741
5.36741
5.36741
5.36741
5.36741
5.34962
5.34962
5.34962
5.33369
5.28698
5.28698
5.28698
5.28698
5.28698
5.28698
5.28698
5.28698
5.28698
5.28698
5.15229
5.15229
5.15229
5.15229
5.15229
5.15229
5.15229
5.09661
5.09661
5.00479
5.00479
5.00479
5.00479
5.00479
5.00479
5.00479
5.00479
5.00479
5.00479
5.00479
5.00479
5.00479
5.00479
4.99658
4.99658
4.99658
4.99658
4.99658
4.99658
4.99658
4.99658
4.99658
4.99658
4.99658
4.99658
4.99658
4.99658
4.99658
4.99658
4.99658
4.99658
4.99658
4.99658
4.99658
4.99658
4.99658
4.99658
4.99658
4.99658
4.99658
4.99658
4.99658
4.99658
4.99658
4.99658
4.99658
4.99658
4.99658
4.99658
4.99658
4.99658
4.99658
4.99658
4.99658
4.99658
4.99658
4.99658
4.99658
4.99658
4.99658
4.99658
4.99658
4.99658
4.99658
4.99658
4.99658
4.99658
4.99658
4.99658
4.99658
4.99658
4.99658
4.99658
4.99658
4.99658
4.99658
4.99658
4.99658
4.99658
4.99658
4.99658
4.99658
4.99658
4.99658
4.99658
4.99658
4.99658
4.99658
4.99658
4.99658
4.99658
4.99658
4.99658
4.99658
4.99658
4.99658
4.99658
4.99658
4.99658
4.99658
4.99658
4.99658
4.99658
4.99658
4.99658
4.99658
4.99658
4.99658
4.99658
4.99658
4.99658
4.99658
4.99658
4.99658
4.99658
4.99658
4.99658
4.99658
4.99658
4.99658
4.99658
4.99658
4.99658
4.99658
4.99658
4.99658
4.99658
4.99658
4.99658
4.99658
4.99658
4.99658
4.99658
4.99658
4.99658
4.99658
4.99658
4.99658
4.99658
4.99658
4.99658
4.99658
4.99658
4.99658
4.99658
4.99658
4.99658
4.99658
4.99658
4.99658
4.99658
4.99658
4.99658
4.99658
4.99658
4.99658
4.99658
4.99658
4.99658
4.99658
4.99658
4.99658
4.99658
4.99658
4.99658
4.99658
4.99658
4.99658
4.99658
4.99658
4.99658
4.99658
4.99658
4.99658
4.99658
4.99658
4.99658
4.99658
4.99658
4.99658
4.99658
4.99658
4.99658
4.99658
4.99658
4.99658
4.99658
4.99658
4.99658
4.99658
4.99658
4.99658
4.99658
4.99658
4.99658
4.99658
4.99658
4.99658
4.99658
4.99658
4.99658
4.99658
4.99658
4.99658
4.99658
4.99658
4.99658
4.99658
4.99658
4.99658
4.99658
4.99658
4.99658
4.99658
4.99658
4.99658
4.99658
4.99658
4.99658
4.99658
4.99658
4.99658
4.99658
4.99658
4.99658
4.99658
4.99658
4.99658
4.99658
4.99658
4.99658
4.99658
4.99658
4.99658
4.99658
4.99658
4.99658
4.99658
4.99658
4.99658
4.99658
4.99658
4.99658
4.99658
4.99658
4.99658
4.99658
4.99658
4.99658
4.99658
4.99658
4.99658
4.99658
4.99658
4.99658
4.99658
4.99658
4.99658
4.99658
4.99658
4.99658
4.99658
4.99658
4.99658
4.99658
4.99658
4.99658
4.99658
4.99658
4.99658
4.99658
4.99658
4.99658
4.99658
4.99658
4.99658
4.99658
4.99658
4.99658
4.99658
4.99658
4.99658
4.99658
4.99658
4.99658
4.99658
4.99658
4.99658
4.99658
4.99658
4.99658
4.99658
4.99658
4.99658
4.99658
4.99658
4.99658
4.99658
4.99658
4.99658
4.99658
4.99658
4.99658
4.99658
4.99658
4.99658
4.99658
4.99658
4.99658
4.99658
4.99658
4.99658
4.99658
4.99658
4.99658
4.99658
4.99658
4.99658
4.99658
4.99658
4.99658
4.99658
4.99658
4.99658
4.99658
4.99658
4.99658
4.99658
4.99658
4.99658
4.99658
4.99658
4.99658
4.99658
4.99658
4.99658
4.99658
4.99658
4.99658
4.99658
4.99658
4.99658
4.99658
4.99658
4.99658
4.99658
4.99658
4.99658
4.99658
4.99658
4.99658
4.99658
4.99658
4.99658
4.99658
4.99658
4.99658
4.99658
4.99658
4.99658
4.99658
4.99658
4.99658
4.99658
4.99658
4.99658
4.99658
4.99658
4.99658
4.99658
4.99658
4.99658
4.99658
4.99658
4.99658
4.99658
4.99658
4.99658
4.99658
4.99658
4.99658
4.99658
4.99658
4.99658
4.99658
4.99658
4.99658
4.99658
4.99658
4.99658
4.99658
4.99658
4.99658
4.99658
4.99658
4.99658
4.99658
4.99658
4.99658
4.99658
4.99658
4.99658
4.99658
4.99658
4.99658
4.99658
4.99658
4.99658
4.99658
4.99658
4.99658
4.99658
4.99658
4.99658
4.99658
4.99658
4.99658
4.99658
4.99658
4.99658
4.99658
4.99658
4.99658
4.99658
4.99658
4.99658
4.99658
4.99658
4.99658
4.99658
4.99658
4.99658
4.99658
4.99658
4.99658
4.99658
4.99658
4.99658
4.99658
4.99658
4.99658
4.99658
4.99658
4.99658
4.99658
4.99658
4.99658
4.99658
4.99658
4.99658
4.99658
4.99658
4.99658
4.99658
4.99658
4.99658
4.99658
4.99658
4.99658
4.99658
4.99658
4.99658
4.99658
4.99658
4.99658
4.99658
4.99658
4.99658
4.99658
4.99658
4.99658
4.99658
4.99658
4.99658
4.99658
4.99658
4.99658
4.99658
4.99658
4.99658
4.99658
4.99658
4.99658
4.99658
4.99658
4.99658
4.99658
4.99658
4.99658
4.99658
4.99658
4.99658
4.99658
4.99658
4.99658
4.99658
4.99658
4.99658
4.99658
4.99658
4.99658
4.99658
4.99658
4.99658
4.99658
4.99658
4.99658
4.99658
4.99658
4.99658
4.99658
4.99658
4.99658
4.99658
4.99658
4.99658
4.99658
4.99658
4.99658
4.99658
4.99658
4.99658
4.99658
4.99658
4.99658
4.99658
4.99658
4.99658
4.99658
4.99658
4.99658
4.99658
4.99658
4.99658
4.99658
4.99658
4.99658
4.99658
4.99658
4.99658
4.99658
4.99658
4.99658
4.99658
4.99658
4.99658
4.99658
4.99658
4.99658
4.99658
4.99658
4.99658
4.99658
4.99658
4.99658
4.99658
4.99658
4.99658
4.99658
4.99658
4.99658
4.99658
4.99658
4.99658
4.99658
4.99658
4.99658
4.99658
4.99658
4.99658
4.99658
4.99658
4.99658
4.99658
4.99658
4.99658
4.99658
4.99658
4.99658
4.99658
4.99658
4.99658
4.99658
4.99658
4.99658
4.99658
4.99658
4.99658
4.99658
4.99658
4.99658
4.99658
4.99658
4.99658
4.99658
4.99658
4.99658
4.99658
4.99658
4.99658
4.99658
4.99658
4.99658
4.99658
4.99658
4.99658
4.99658
4.99658
4.99658
4.99658
4.99658
4.99658
4.99658
4.99658
4.99658
4.99658
4.99658
4.99658
4.99658
4.99658
4.99658
4.99658
4.99658
4.99658
4.99658
4.99658
4.99658
4.99658
4.99658
4.99658
4.99658
4.99658
4.99658
4.99658
4.99658
4.99658
4.99658
4.99658
4.99658
4.99658
4.99658
4.99658
4.99658
4.99658
4.99658
4.99658
4.99658
4.99658
4.99658
4.99658
4.99658
4.99658
4.99658
4.99658
4.99658
4.99658
4.99658
4.99658
4.99658
4.99658
4.99658
4.99658
4.99658
4.99658
4.99658
4.99658
4.99658
4.99658
4.99658
4.99658
4.99658
4.99658
4.99658
4.99658
4.99658
4.99658
4.99658
4.99658
4.99658
4.99658
4.99658
4.99658
4.99658
4.99658
4.99658
4.99658
4.99658
4.99658
4.99658
4.99658
4.99658
4.99658
4.99658
4.99658
4.99658
4.99658
4.99658
4.99658
4.99658
4.99658
4.99658
4.99658
4.99658
4.99658
4.99658
4.99658
4.99658
4.99658
4.99658
4.99658
4.99658
4.99658
4.99658
4.99658
4.99658
4.99658
4.99658
4.99658
4.99658
4.99658
4.99658
4.99658
4.99658
4.99658
4.99658
4.99658
4.99658
4.99658
4.99658
4.99658
4.99658
4.99658
4.99658
4.99658
4.99658
4.99658
4.99658
4.99658
4.99658
4.99658
4.99658
4.99658
4.99658
4.99658
4.99658
4.99658
4.99658
4.99658
4.99658
4.99658
4.99658
4.99658
4.99658
4.99658
4.99658
4.99658
4.99658
4.99658
4.99658
4.99658
4.99658
4.99658
4.99658
4.99658
4.99658
4.99658
4.99658
4.99658
4.99658
4.99658
4.99658
4.99658
4.99658
4.99658
4.99658
4.99658
4.99658
4.99658
4.99658
4.99658
4.99658
4.99658
4.99658
4.99658
4.99658
4.99658
4.99658
4.99658
4.99658
4.99658
4.99658
4.99658
4.99658
4.99658
4.99658
4.99658
4.99658
4.99658
4.99658
4.99658
4.99658
4.99658
4.99658
4.99658
4.99658
4.99658
4.99658
4.99658
4.99658
4.99658
4.99658
4.99658
4.99658
4.99658
4.99658
4.99658
4.99658
4.99658
4.99658
4.99658
4.99658
4.99658
4.99658
4.99658
4.99658
4.99658
4.99658
4.99658
4.99658
4.99658
4.99658
4.99658
4.99658
4.99658
4.99658
4.99658
4.99658
4.99658
4.99658
4.99658
4.99658
4.99658
4.99658
4.99658
4.99658
4.99658
4.99658
4.99658
4.99658
4.99658
4.99658
4.99658
4.99658
4.99658
4.99658
4.99658
4.99658
4.99658
4.99658
4.99658
4.99658
4.99658
4.99658
4.99658
4.99658
4.99658
4.99658
4.99658
4.99658
4.99658
4.99658
4.99658
4.99658
4.99658
4.99658
4.99658
4.99658
4.99658
4.99658
4.99658
4.99658
4.99658
4.99658
4.99658
4.99658
4.99658
4.99658
4.99658
4.99658
4.99658
4.99658
4.99658
4.99658
4.99658
4.99658
4.99658
4.99658
4.99658
4.99658
4.99658
4.99658
4.99658
4.99658
4.99658
4.99658
