#HALF_LENGTH_HISTORY
17.8988
17.3828
16.6484
16.2258
15.6824
15.0596
14.8398
14.6343
14.1752
14.0486
14.003
13.6692
13.5297
13.1749
13.0223
12.6009
12.3528
12.3038
12.0541
12.0918
12.0072
11.7803
11.7452
11.474
11.5967
11.2874
11.0268
11.0721
11.0975
10.8171
10.7964
10.7349
10.7091
10.7766
10.8829
10.646
10.5669
10.617
10.3499
10.3913
10.2298
10.4307
10.115
10.2755
10.2846
10.1215
10.1955
9.96934
9.99277
10.1412
9.99358
9.84984
9.97272
9.65796
9.71603
10.0897
9.86702
9.74889
9.76432
9.5929
9.69511
9.597
9.38145
9.45009
9.48455
9.50007
9.17916
9.23265
9.24972
9.18184
9.31345
9.21378
9.30441
9.29038
9.23569
9.29479
9.20532
9.31361
9.23461
9.09303
9.2948
9.11019
9.1649
9.26039
9.48248
9.27069
9.35369
9.35687
9.31674
9.34906
9.46778
9.57224
9.55256
9.46081
9.68556
9.35662
9.49568
9.20567
9.37271
9.2322
9.19707
9.02612
9.27437
9.25282
9.32443
9.17359
9.20113
8.98198
8.9979
8.85308
8.80471
8.96468
8.9915
8.85551
8.91696
8.83434
8.82069
9.09743
8.98752
9.25783
9.32032
9.01565
8.95374
9.19896
9.07789
8.9559
9.07667
9.29568
9.1686
9.36912
9.29742
9.55921
9.46639
9.23555
9.0055
9.30121
9.20031
9.07458
9.1939
9.22544
9.16868
8.79251
8.88198
9.12675
8.96354
9.00726
8.97365
8.88322
8.97811
9.03708
8.96271
9.22613
8.98444
8.93783
9.1736
9.24794
9.15628
9.09941
9.15548
8.98752
8.75644
8.766
8.77153
8.85288
8.9902
8.9619
9.07209
9.16514
9.25281
9.05295
8.93042
9.0918
9.09604
9.13011
9.04496
9.13653
9.21013
9.17477
9.1661
9.14729
9.12514
9.076
9.11785
9.04382
8.98312
9.21725
8.96991
8.91774
9.08763
8.91642
9.12926
9.09791
9.19513
9.11187
9.02726
8.93907
8.77134
8.85982
9.01407
9.11085
8.88801
9.05558
9.05068
9.14407
9.11108
8.96798
9.00703
9.03791
8.85986
9.01715
8.84135
8.96119
8.91873
8.75049
8.76493
9.00592
8.89972
9.09629
8.97378
8.9043
9.06386
9.05691
8.96119
8.97712
9.13977
8.95207
8.99754
9.20716
9.25031
9.1516
9.01891
8.84989
9.14258
8.95607
8.9993
9.06766
8.9759
8.88428
9.00763
8.99335
9.14118
9.4198
9.19089
9.28994
9.08939
9.07344
8.93459
8.82894
8.80781
9.08733
9.12342
9.12402
9.10869
9.0634
9.00418
8.99292
9.09886
9.04548
9.15928
9.09894
9.37844
9.06488
9.18726
9.0011
9.04967
8.93093
8.97829
9.16866
9.16739
9.19746
9.17763
9.30359
9.29827
9.36327
9.23984
9.19514
9.0946
9.17073
9.05187
8.88393
8.99865
9.06561
9.07109
9.11485
9.09782
9.3092
9.19643
9.06927
9.06306
9.37334
9.22049
9.01107
9.12022
9.25726
9.25064
9.21325
9.18065
9.07809
9.06171
9.07582
8.96799
9.11538
9.29773
9.07247
9.08468
8.99807
8.83969
8.96345
9.02897
9.04899
9.07451
9.21298
9.38985
9.4332
9.287
9.52569
9.21148
9.29219
9.196
9.17547
9.13569
9.19783
9.16259
9.26299
9.04927
9.04698
9.08335
8.92409
8.96049
8.84013
8.79479
8.86574
8.82345
9.13052
9.01034
8.96077
9.22261
9.11401
9.11659
9.07256
9.04941
8.8473
8.91519
9.18909
9.16408
8.93646
8.98902
8.78263
8.85958
8.92021
9.02331
9.02235
9.1403
9.00983
8.99708
8.87487
8.9374
8.87313
8.96619
9.06381
8.9603
9.02053
9.08232
8.97882
8.80826
8.94628
8.9251
8.94964
9.14096
9.05839
9.04234
9.03117
9.21698
9.28566
9.39313
9.19969
9.13751
9.19496
9.12546
9.17481
9.0687
9.31018
9.18415
9.14017
8.94567
8.94859
9.21608
9.2095
9.13085
9.11499
8.93948
9.06306
9.0029
8.89234
8.88363
9.08266
9.00228
8.87648
8.87164
8.87314
8.94407
9.00995
9.05402
8.75703
8.7848
8.84563
8.96614
8.95096
9.06687
9.155
8.83783
8.91665
8.81125
9.05003
9.08538
8.97542
9.15627
8.99015
8.92354
8.93063
8.84685
8.91685
8.929
9.06769
8.88004
9.06337
8.99162
9.06606
8.93933
8.96774
9.10859
8.97266
9.23619
8.8966
9.18486
8.93248
9.36693
9.15678
9.00604
9.11679
9.04411
9.19482
9.02232
9.12125
9.07801
8.9564
9.18943
8.92311
9.10456
9.27843
9.47863
9.27387
9.20254
9.18724
9.37388
9.26503
9.35022
9.41857
9.70661
9.26805
9.23509
9.32828
9.03981
8.96068
8.85356
8.85875
9.07605
9.2338
9.12417
8.98557
9.00449
8.96244
8.79055
8.94021
9.11582
9.18762
8.99402
9.15574
9.03077
8.87817
9.21944
8.90568
9.05423
8.93677
9.01846
9.0973
9.11517
8.94088
9.04862
8.95559
8.96113
8.96719
9.01604
9.12839
9.03885
9.19787
9.14543
9.08922
8.98572
8.89466
8.78751
8.8809
8.76065
8.84273
8.81411
8.98298
8.88112
8.8001
9.14137
8.92484
8.8313
9.06312
9.17312
9.08501
9.34069
9.19529
9.06553
9.03008
9.07882
9.01599
9.08751
8.92614
9.35617
9.21471
9.26221
9.20723
8.98667
8.83912
9.02888
9.06226
9.04436
9.09676
9.05507
9.02996
9.31688
8.99974
9.1022
9.06174
9.12411
9.01026
9.08871
8.98751
9.06471
8.96462
8.97106
9.0282
9.14357
9.19649
9.22795
9.21489
9.20505
9.08839
9.13727
9.35717
9.2027
9.15526
8.94209
9.13445
9.18138
9.08991
8.95914
8.94942
9.10259
9.04937
8.92366
9.03257
8.96308
8.93325
8.98962
9.08662
8.80944
9.06448
9.02491
8.94318
8.82191
8.96114
8.79342
8.74204
8.81599
8.90805
9.02659
9.12437
8.93767
9.0081
8.88657
9.19377
9.09731
9.05439
9.03713
9.01727
8.93952
9.15938
8.86623
9.01914
9.05675
8.89642
8.94866
9.10752
9.0009
8.91366
9.1931
9.13143
9.18842
9.21323
9.05526
9.08458
9.1988
9.09582
9.19523
9.06509
9.03308
9.13899
9.07562
8.88919
8.9685
8.90294
9.15601
9.26897
9.01118
9.06418
8.83958
8.99507
9.10597
8.88527
9.06154
9.25879
9.02463
8.97251
9.15527
9.08597
8.87823
8.93589
9.0532
9.00495
9.08427
8.96014
9.13112
9.03467
9.0174
8.95769
9.04359
8.95611
8.98622
9.17117
9.05147
9.03524
8.92356
9.14383
9.12959
8.9497
9.17397
9.25849
9.12153
9.12874
9.02881
8.77318
9.08268
9.2487
9.20641
9.22935
8.98566
8.99868
9.09066
9.04195
9.08293
9.09542
8.93613
9.07708
9.25448
8.85785
9.11981
8.85017
9.05668
8.93237
8.99788
8.95797
8.85916
8.96024
8.89635
8.9234
8.98264
8.91674
9.04178
9.05858
9.14787
8.99847
9.13435
9.00296
8.91893
8.97595
8.93822
8.95357
8.74725
8.96112
9.04829
9.05481
8.87177
8.92415
8.85087
8.95108
8.86966
8.88153
8.99858
9.05538
9.03108
9.18307
9.12264
8.93338
9.14745
8.89675
8.95036
8.99966
9.06829
8.87199
8.94114
9.00956
8.96102
8.84142
8.91644
9.01453
9.19234
9.09574
9.26811
9.16584
9.2292
9.16091
9.09623
9.07084
8.89911
8.98017
8.89623
8.74763
8.8922
8.97252
8.97294
9.03735
8.93762
9.02384
8.94583
8.70956
9.06965
9.30235
9.2645
9.4741
9.24099
9.14695
9.13706
9.0749
9.23619
9.16264
9.02548
9.00941
9.18136
9.43944
9.28678
9.13483
9.03478
8.90642
8.72374
8.84409
9.02153
9.00355
9.08353
9.04475
9.11371
9.15365
9.00003
9.14757
9.11149
8.94028
9.11984
8.80738
8.89082
8.8185
8.83126
8.91835
8.95982
9.0958
9.14081
9.18413
9.13654
9.10882
8.98634
9.06057
9.13394
8.98025
9.01658
8.90551
9.02883
9.09876
9.03066
9.03184
9.06325
9.32381
9.27652
9.01372
8.98261
9.03615
9.03119
9.12854
9.09546
8.91792
9.17422
9.20658
9.03281
8.94609
8.87574
9.08222
8.75097
8.61658
8.77634
8.86838
8.97496
8.91587
8.8187
8.97589
8.91126
9.07267
8.99057
9.26842
8.99246
9.01805
9.07932
8.86521
8.88263
8.92762
8.94696
9.1207
9.21096
9.2093
9.27118
9.33854
9.10224
9.13852
9.12984
9.15249
9.04394
8.88499
9.39182
9.13753
9.18314
9.18492
9.2789
9.36795
9.28978
9.20369
9.06708
9.03673
9.00516
9.01101
8.98166
9.1532
9.15736
9.19015
9.34587
9.08767
8.94048
9.14102
9.04932
9.08956
9.32296
9.02081
9.07735
9.19415
9.26387
9.10148
9.33193
9.31054
9.15481
9.20408
9.2078
9.2745
9.23111
9.08064
9.25095
9.19602
8.95408
8.84861
8.95707
8.86414
9.24782
9.06134
9.19921
9.32702
9.25647
9.20814
8.97821
9.13114
9.08638
9.12963
9.12189
9.13071
9.11087
9.15037
9.02249
9.1751
9.05279
9.03473
9.07203
9.05603
9.01058
8.90169
9.04072
9.20603
9.00109
9.06234
9.08667
9.21142
8.9016
9.15756
9.02973
9.11548
9.29436
9.17848
8.91497
8.93352
8.95524
9.00879
8.79934
8.96949
9.25257
8.96906
8.91615
8.92854
8.94633
8.9102
9.09816
9.06844
9.09274
9.07169
9.03661
8.90653
8.71825
9.0101
9.04708
8.84815
8.94504
9.01849
8.97612
9.07137
9.0835
8.99887
9.13398
9.06619
9.14744
9.22219
9.13431
9.06838
8.96334
9.08284
9.07686
9.06194
9.04649
9.10112
8.92296
8.9744
9.05097
8.97081
8.9559
9.00104
9.18124
9.29233
9.22357
9.17932
9.37504
9.34059
9.3025
9.06446
8.79017
8.98878
9.18206
9.05717
9.03022
9.17006
9.22202
9.18384
9.13193
9.19312
9.27564
9.23139
9.1201
8.86503
8.9601
9.13152
9.03169
8.89174
8.983
8.98614
8.94808
9.20732
9.12545
9.22978
9.30827
9.02996
8.97192
8.91464
8.79326
8.85563
8.87788
9.07109
