#     BLOCK:   ACTUAL_M:     M_AVE:       ERROR:
                 1              0.44              0.44                 0
                 2              0.16               0.3         0.0989949
                 3              0.32          0.306667         0.0662207
                 4               0.2              0.28         0.0547723
                 5              0.16             0.256         0.0487934
                 6              0.24          0.253333          0.040734
                 7              0.16              0.24         0.0370328
                 8              0.04             0.215         0.0399609
                 9              0.16          0.208889         0.0359851
                10              0.16             0.204          0.032717
                11              0.24          0.207273         0.0299059
                12               0.2          0.206667         0.0274199
                13              0.32          0.215385         0.0266606
                14              0.52          0.237143         0.0324419
                15              0.56          0.258667         0.0367317
                16              0.56            0.2775         0.0389661
                17               0.6          0.296471         0.0410329
                18              0.48          0.306667              0.04
                19              0.48          0.315789         0.0389212
                20              0.56             0.328         0.0388433
                21              0.64          0.342857         0.0397335
                22              0.64          0.356364         0.0401575
                23              0.52          0.363478         0.0390366
                24              0.44          0.366667         0.0375401
                25               0.4             0.368         0.0360622
                26              0.36          0.367692         0.0346765
                27              0.36          0.367407         0.0333933
                28              0.32          0.365714         0.0322436
                29              0.24          0.361379         0.0314218
                30              0.28          0.358667         0.0304913
                31              0.44           0.36129         0.0296204
                32              0.36           0.36125         0.0286947
                33              0.44          0.363636         0.0279243
                34              0.48          0.367059         0.0273119
                35              0.56          0.372571         0.0270822
                36              0.56          0.377778         0.0268257
                37              0.64          0.384865         0.0270206
                38               0.6          0.390526         0.0268961
                39              0.44          0.391795         0.0262363
                40               0.4             0.392         0.0255812
                41              0.44          0.393171         0.0249841
                42              0.48          0.395238         0.0244746
                43               0.4          0.395349         0.0239057
                44               0.4          0.395455         0.0233626
                45              0.36          0.394667         0.0228567
                46              0.44          0.395652         0.0223811
                47              0.52          0.398298         0.0220607
                48              0.44          0.399167         0.0216182
                49              0.36          0.398367         0.0211918
                50              0.44            0.3992         0.0207843
                51              0.48          0.400784         0.0204371
                52              0.48          0.402308         0.0201007
                53              0.52          0.404528         0.0198438
                54              0.48          0.405926         0.0195254
                55              0.48          0.407273         0.0192168
                56               0.4          0.407143         0.0188741
                57              0.36          0.406316         0.0185611
                58              0.32          0.404828         0.0183006
                59              0.32           0.40339         0.0180468
                60              0.36          0.402667         0.0177605
                61              0.32          0.401311          0.017521
                62              0.32               0.4         0.0172874
                63              0.32           0.39873         0.0170596
                64              0.32            0.3975         0.0168373
                65              0.44          0.398154          0.016591
                66              0.44          0.398788         0.0163517
                67               0.4          0.398806         0.0161077
                68              0.32          0.397647         0.0159124
                69              0.32          0.396522         0.0157216
                70              0.24          0.394286         0.0156552
                71              0.24          0.392113         0.0155848
                72              0.32          0.391111         0.0154005
                73              0.32          0.390137         0.0152203
                74              0.36           0.38973           0.01502
                75              0.24          0.387733         0.0149519
                76              0.28          0.386316         0.0148222
                77               0.4          0.386494         0.0146307
                78              0.44          0.387179         0.0144592
                79              0.36          0.386835         0.0142803
                80              0.36            0.3865         0.0141057
                81              0.36          0.386173         0.0139354
                82               0.4          0.386341         0.0137665
                83              0.48           0.38747         0.0136468
                84              0.52          0.389048         0.0135752
                85              0.64             0.392         0.0137328
                86              0.68          0.395349         0.0139755
                87              0.76           0.39954         0.0144297
                88              0.64          0.402273         0.0145221
                89              0.68          0.405393         0.0146904
                90              0.72          0.408889         0.0149373
                91              0.76          0.412747         0.0152633
                92              0.72          0.416087         0.0154585
                93               0.8          0.420215         0.0158338
                94              0.88          0.425106         0.0164035
                95                 1          0.431158         0.0173111
                96                 1          0.437083         0.0181166
                97                 1          0.442887         0.0188364
                98                 1          0.448571         0.0194831
                99                 1          0.454141         0.0200667
               100                 1            0.4596         0.0205951
               101                 1           0.46495         0.0210748
               102                 1          0.470196         0.0215111
               103                 1           0.47534         0.0219086
               104                 1          0.480385         0.0222712
               105                 1          0.485333         0.0226022
               106                 1          0.490189         0.0229045
               107                 1          0.494953         0.0231807
               108                 1           0.49963          0.023433
               109                 1           0.50422         0.0236634
               110                 1          0.508727         0.0238737
               111                 1          0.513153         0.0240653
               112                 1            0.5175         0.0242399
               113                 1           0.52177         0.0243985
               114                 1          0.525965         0.0245425
               115                 1          0.530087         0.0246728
               116                 1          0.534138         0.0247905
               117                 1           0.53812         0.0248963
               118                 1          0.542034         0.0249911
               119                 1          0.545882         0.0250757
               120                 1          0.549667         0.0251506
               121                 1          0.553388         0.0252166
               122                 1          0.557049         0.0252743
               123                 1           0.56065         0.0253241
               124                 1          0.564194         0.0253665
               125                 1           0.56768          0.025402
               126                 1          0.571111         0.0254311
               127                 1          0.574488         0.0254541
               128                 1          0.577812         0.0254714
               129                 1          0.581085         0.0254833
               130                 1          0.584308         0.0254902
               131                 1          0.587481         0.0254924
               132                 1          0.590606         0.0254901
               133                 1          0.593684         0.0254836
               134                 1          0.596716         0.0254732
               135                 1          0.599704         0.0254591
               136                 1          0.602647         0.0254414
               137                 1          0.605547         0.0254205
               138                 1          0.608406         0.0253965
               139                 1          0.611223         0.0253696
               140                 1             0.614         0.0253399
               141                 1          0.616738         0.0253076
               142                 1          0.619437         0.0252729
               143                 1          0.622098         0.0252359
               144                 1          0.624722         0.0251967
               145                 1           0.62731         0.0251555
               146                 1          0.629863         0.0251124
               147                 1          0.632381         0.0250675
               148                 1          0.634865         0.0250209
               149                 1          0.637315         0.0249727
               150                 1          0.639733          0.024923
               151                 1          0.642119         0.0248719
               152                 1          0.644474         0.0248194
               153                 1          0.646797         0.0247657
               154                 1          0.649091         0.0247109
               155                 1          0.651355          0.024655
               156                 1           0.65359          0.024598
               157                 1          0.655796         0.0245401
               158                 1          0.657975         0.0244813
               159                 1          0.660126         0.0244216
               160                 1           0.66225         0.0243612
               161                 1          0.664348         0.0243001
               162                 1           0.66642         0.0242382
               163                 1          0.668466         0.0241758
               164                 1          0.670488         0.0241127
               165                 1          0.672485         0.0240491
               166                 1          0.674458         0.0239851
               167                 1          0.676407         0.0239205
               168                 1          0.678333         0.0238556
               169                 1          0.680237         0.0237902
               170                 1          0.682118         0.0237245
               171                 1          0.683977         0.0236585
               172                 1          0.685814         0.0235922
               173                 1           0.68763         0.0235256
               174                 1          0.689425         0.0234588
               175                 1            0.6912         0.0233918
               176                 1          0.692955         0.0233246
               177                 1          0.694689         0.0232572
               178                 1          0.696404         0.0231897
               179                 1          0.698101         0.0231221
               180                 1          0.699778         0.0230544
               181                 1          0.701436         0.0229866
               182                 1          0.703077         0.0229188
               183                 1          0.704699         0.0228509
               184                 1          0.706304          0.022783
               185                 1          0.707892         0.0227151
               186                 1          0.709462         0.0226472
               187                 1          0.711016         0.0225793
               188                 1          0.712553         0.0225115
               189                 1          0.714074         0.0224437
               190                 1          0.715579          0.022376
               191                 1          0.717068         0.0223083
               192                 1          0.718542         0.0222407
               193                 1              0.72         0.0221733
               194                 1          0.721443         0.0221059
               195                 1          0.722872         0.0220386
               196                 1          0.724286         0.0219715
               197                 1          0.725685         0.0219045
               198                 1          0.727071         0.0218376
               199                 1          0.728442         0.0217709
               200                 1            0.7298         0.0217044
               201                 1          0.731144          0.021638
               202                 1          0.732475         0.0215718
               203                 1          0.733793         0.0215057
               204                 1          0.735098         0.0214398
               205                 1           0.73639         0.0213742
               206                 1           0.73767         0.0213087
               207                 1          0.738937         0.0212434
               208                 1          0.740192         0.0211783
               209                 1          0.741435         0.0211134
               210                 1          0.742667         0.0210488
               211                 1          0.743886         0.0209843
               212                 1          0.745094         0.0209201
               213                 1          0.746291          0.020856
               214                 1          0.747477         0.0207923
               215                 1          0.748651         0.0207287
               216                 1          0.749815         0.0206654
               217                 1          0.750968         0.0206023
               218                 1           0.75211         0.0205394
               219                 1          0.753242         0.0204768
               220                 1          0.754364         0.0204144
               221                 1          0.755475         0.0203523
               222                 1          0.756577         0.0202904
               223                 1          0.757668         0.0202287
               224                 1           0.75875         0.0201673
               225                 1          0.759822         0.0201062
               226                 1          0.760885         0.0200453
               227                 1          0.761938         0.0199846
               228                 1          0.762982         0.0199242
               229                 1          0.764017         0.0198641
               230                 1          0.765043         0.0198042
               231                 1          0.766061         0.0197446
               232                 1          0.767069         0.0196852
               233                 1          0.768069         0.0196261
               234                 1           0.76906         0.0195672
               235                 1          0.770043         0.0195086
               236                 1          0.771017         0.0194503
               237                 1          0.771983         0.0193922
               238                 1          0.772941         0.0193344
               239                 1          0.773891         0.0192768
               240                 1          0.774833         0.0192195
               241                 1          0.775768         0.0191624
               242                 1          0.776694         0.0191056
               243                 1          0.777613         0.0190491
               244                 1          0.778525         0.0189928
               245                 1          0.779429         0.0189368
               246                 1          0.780325          0.018881
               247                 1          0.781215         0.0188255
               248                 1          0.782097         0.0187703
               249                 1          0.782972         0.0187153
               250                 1           0.78384         0.0186606
               251                 1          0.784701         0.0186061
               252                 1          0.785556         0.0185518
               253                 1          0.786403         0.0184979
               254                 1          0.787244         0.0184441
               255                 1          0.788078         0.0183907
               256                 1          0.788906         0.0183375
               257                 1          0.789728         0.0182845
               258                 1          0.790543         0.0182318
               259                 1          0.791351         0.0181793
               260                 1          0.792154         0.0181271
               261                 1           0.79295         0.0180751
               262                 1           0.79374         0.0180234
               263                 1          0.794525         0.0179719
               264                 1          0.795303         0.0179207
               265                 1          0.796075         0.0178697
               266                 1          0.796842          0.017819
               267                 1          0.797603         0.0177685
               268                 1          0.798358         0.0177182
               269                 1          0.799108         0.0176682
               270                 1          0.799852         0.0176184
               271                 1           0.80059         0.0175689
               272                 1          0.801324         0.0175196
               273                 1          0.802051         0.0174705
               274                 1          0.802774         0.0174217
               275                 1          0.803491         0.0173731
               276                 1          0.804203         0.0173247
               277                 1           0.80491         0.0172766
               278                 1          0.805612         0.0172287
               279                 1          0.806308          0.017181
               280                 1             0.807         0.0171336
               281                 1          0.807687         0.0170864
               282                 1          0.808369         0.0170394
               283                 1          0.809046         0.0169926
               284                 1          0.809718         0.0169461
               285                 1          0.810386         0.0168998
               286                 1          0.811049         0.0168537
               287                 1          0.811707         0.0168078
               288                 1          0.812361         0.0167622
               289                 1           0.81301         0.0167167
               290                 1          0.813655         0.0166715
               291                 1          0.814296         0.0166265
               292                 1          0.814932         0.0165817
               293                 1          0.815563         0.0165372
               294                 1           0.81619         0.0164928
               295                 1          0.816814         0.0164487
               296                 1          0.817432         0.0164047
               297                 1          0.818047          0.016361
               298                 1          0.818658         0.0163175
               299                 1          0.819264         0.0162742
               300                 1          0.819867         0.0162311
               301                 1          0.820465         0.0161882
               302                 1           0.82106         0.0161455
               303                 1           0.82165          0.016103
               304                 1          0.822237         0.0160607
               305                 1           0.82282         0.0160187
               306                 1          0.823399         0.0159768
               307                 1          0.823974         0.0159351
               308                 1          0.824545         0.0158936
               309                 1          0.825113         0.0158523
               310                 1          0.825677         0.0158112
               311                 1          0.826238         0.0157703
               312                 1          0.826795         0.0157296
               313                 1          0.827348          0.015689
               314                 1          0.827898         0.0156487
               315                 1          0.828444         0.0156086
               316                 1          0.828987         0.0155686
               317                 1          0.829527         0.0155288
               318                 1          0.830063         0.0154893
               319                 1          0.830596         0.0154499
               320                 1          0.831125         0.0154107
               321                 1          0.831651         0.0153716
               322                 1          0.832174         0.0153328
               323                 1          0.832693         0.0152941
               324                 1           0.83321         0.0152556
               325                 1          0.833723         0.0152173
               326                 1          0.834233         0.0151792
               327                 1           0.83474         0.0151412
               328                 1          0.835244         0.0151034
               329                 1          0.835745         0.0150658
               330                 1          0.836242         0.0150284
               331                 1          0.836737         0.0149911
               332                 1          0.837229          0.014954
               333                 1          0.837718         0.0149171
               334                 1          0.838204         0.0148804
               335                 1          0.838687         0.0148438
               336                 1          0.839167         0.0148074
               337                 1          0.839644         0.0147711
               338                 1          0.840118          0.014735
               339                 1           0.84059         0.0146991
               340                 1          0.841059         0.0146634
               341                 1          0.841525         0.0146278
               342                 1          0.841988         0.0145923
               343                 1          0.842449         0.0145571
               344                 1          0.842907         0.0145219
               345                 1          0.843362          0.014487
               346                 1          0.843815         0.0144522
               347                 1          0.844265         0.0144175
               348                 1          0.844713         0.0143831
               349                 1          0.845158         0.0143487
               350                 1            0.8456         0.0143145
               351                 1           0.84604         0.0142805
               352                 1          0.846477         0.0142467
               353                 1          0.846912         0.0142129
               354                 1          0.847345         0.0141794
               355                 1          0.847775         0.0141459
               356                 1          0.848202         0.0141127
               357                 1          0.848627         0.0140795
               358                 1           0.84905         0.0140466
               359                 1          0.849471         0.0140137
               360                 1          0.849889          0.013981
               361                 1          0.850305         0.0139485
               362                 1          0.850718         0.0139161
               363                 1          0.851129         0.0138838
               364                 1          0.851538         0.0138517
               365                 1          0.851945         0.0138197
               366                 1           0.85235         0.0137879
               367                 1          0.852752         0.0137562
               368                 1          0.853152         0.0137246
               369                 1           0.85355         0.0136932
               370                 1          0.853946         0.0136619
               371                 1           0.85434         0.0136307
               372                 1          0.854731         0.0135997
               373                 1          0.855121         0.0135688
               374                 1          0.855508         0.0135381
               375                 1          0.855893         0.0135075
               376                 1          0.856277          0.013477
               377                 1          0.856658         0.0134466
               378                 1          0.857037         0.0134164
               379                 1          0.857414         0.0133863
               380                 1          0.857789         0.0133563
               381                 1          0.858163         0.0133265
               382                 1          0.858534         0.0132968
               383                 1          0.858903         0.0132672
               384                 1          0.859271         0.0132377
               385                 1          0.859636         0.0132084
               386                 1              0.86         0.0131792
               387                 1          0.860362         0.0131501
               388                 1          0.860722         0.0131211
               389                 1           0.86108         0.0130923
               390                 1          0.861436         0.0130635
               391                 1           0.86179         0.0130349
               392                 1          0.862143         0.0130065
               393                 1          0.862494         0.0129781
               394                 1          0.862843         0.0129498
               395                 1           0.86319         0.0129217
               396                 1          0.863535         0.0128937
               397                 1          0.863879         0.0128658
               398                 1          0.864221          0.012838
               399                 1          0.864561         0.0128104
               400                 1            0.8649         0.0127828
               401                 1          0.865237         0.0127554
               402                 1          0.865572          0.012728
               403                 1          0.865906         0.0127008
               404                 1          0.866238         0.0126737
               405                 1          0.866568         0.0126467
               406                 1          0.866897         0.0126199
               407                 1          0.867224         0.0125931
               408                 1          0.867549         0.0125664
               409                 1          0.867873         0.0125399
               410                 1          0.868195         0.0125134
               411                 1          0.868516         0.0124871
               412                 1          0.868835         0.0124609
               413                 1          0.869153         0.0124347
               414                 1          0.869469         0.0124087
               415                 1          0.869783         0.0123828
               416                 1          0.870096          0.012357
               417                 1          0.870408         0.0123313
               418                 1          0.870718         0.0123057
               419                 1          0.871026         0.0122802
               420                 1          0.871333         0.0122548
               421                 1          0.871639         0.0122295
               422                 1          0.871943         0.0122043
               423                 1          0.872246         0.0121792
               424                 1          0.872547         0.0121542
               425                 1          0.872847         0.0121293
               426                 1          0.873146         0.0121045
               427                 1          0.873443         0.0120798
               428                 1          0.873738         0.0120552
               429                 1          0.874033         0.0120307
               430                 1          0.874326         0.0120063
               431                 1          0.874617         0.0119819
               432                 1          0.874907         0.0119577
               433                 1          0.875196         0.0119336
               434                 1          0.875484         0.0119096
               435                 1           0.87577         0.0118856
               436                 1          0.876055         0.0118618
               437                 1          0.876339          0.011838
               438                 1          0.876621         0.0118144
               439                 1          0.876902         0.0117908
               440                 1          0.877182         0.0117673
               441                 1           0.87746         0.0117439
               442                 1          0.877738         0.0117206
               443                 1          0.878014         0.0116974
               444                 1          0.878288         0.0116743
               445                 1          0.878562         0.0116513
               446                 1          0.878834         0.0116283
               447                 1          0.879105         0.0116055
               448                 1          0.879375         0.0115827
               449                 1          0.879644           0.01156
               450                 1          0.879911         0.0115374
               451                 1          0.880177         0.0115149
               452                 1          0.880442         0.0114925
               453                 1          0.880706         0.0114701
               454                 1          0.880969         0.0114479
               455                 1          0.881231         0.0114257
               456                 1          0.881491         0.0114036
               457                 1          0.881751         0.0113816
               458                 1          0.882009         0.0113597
               459                 1          0.882266         0.0113379
               460                 1          0.882522         0.0113161
               461                 1          0.882777         0.0112944
               462                 1           0.88303         0.0112728
               463                 1          0.883283         0.0112513
               464                 1          0.883534         0.0112299
               465                 1          0.883785         0.0112085
               466                 1          0.884034         0.0111872
               467                 1          0.884283          0.011166
               468                 1           0.88453         0.0111449
               469                 1          0.884776         0.0111239
               470                 1          0.885021         0.0111029
               471                 1          0.885265          0.011082
               472                 1          0.885508         0.0110612
               473                 1          0.885751         0.0110405
               474                 1          0.885992         0.0110198
               475                 1          0.886232         0.0109992
               476                 1          0.886471         0.0109787
               477                 1          0.886709         0.0109583
               478                 1          0.886946         0.0109379
               479                 1          0.887182         0.0109176
               480                 1          0.887417         0.0108974
               481                 1          0.887651         0.0108773
               482                 1          0.887884         0.0108572
               483                 1          0.888116         0.0108372
               484                 1          0.888347         0.0108173
               485                 1          0.888577         0.0107974
               486                 1          0.888807         0.0107776
               487                 1          0.889035         0.0107579
               488                 1          0.889262         0.0107383
               489                 1          0.889489         0.0107187
               490                 1          0.889714         0.0106992
               491                 1          0.889939         0.0106798
               492                 1          0.890163         0.0106604
               493                 1          0.890385         0.0106411
               494                 1          0.890607         0.0106219
               495                 1          0.890828         0.0106027
               496                 1          0.891048         0.0105836
               497                 1          0.891268         0.0105646
               498                 1          0.891486         0.0105456
               499                 1          0.891703         0.0105268
               500                 1           0.89192         0.0105079
               501                 1          0.892136         0.0104892
               502                 1          0.892351         0.0104705
               503                 1          0.892565         0.0104518
               504                 1          0.892778         0.0104333
               505                 1           0.89299         0.0104148
               506                 1          0.893202         0.0103963
               507                 1          0.893412          0.010378
               508                 1          0.893622         0.0103597
               509                 1          0.893831         0.0103414
               510                 1          0.894039         0.0103232
               511                 1          0.894247         0.0103051
               512                 1          0.894453         0.0102871
               513                 1          0.894659         0.0102691
               514                 1          0.894864         0.0102511
               515                 1          0.895068         0.0102333
               516                 1          0.895271         0.0102155
               517                 1          0.895474         0.0101977
               518                 1          0.895676           0.01018
               519                 1          0.895877         0.0101624
               520                 1          0.896077         0.0101448
               521                 1          0.896276         0.0101273
               522                 1          0.896475         0.0101098
               523                 1          0.896673         0.0100925
               524                 1           0.89687         0.0100751
               525                 1          0.897067         0.0100578
               526                 1          0.897262         0.0100406
               527                 1          0.897457         0.0100235
               528                 1          0.897652         0.0100064
               529                 1          0.897845        0.00998932
               530                 1          0.898038        0.00997233
               531                 1           0.89823         0.0099554
               532                 1          0.898421        0.00993852
               533                 1          0.898612         0.0099217
               534                 1          0.898801        0.00990494
               535                 1          0.898991        0.00988823
               536                 1          0.899179        0.00987158
               537                 1          0.899367        0.00985498
               538                 1          0.899554        0.00983844
               539                 1           0.89974        0.00982195
               540                 1          0.899926        0.00980552
               541                 1          0.900111        0.00978914
               542                 1          0.900295        0.00977281
               543                 1          0.900479        0.00975654
               544                 1          0.900662        0.00974032
               545                 1          0.900844        0.00972415
               546                 1          0.901026        0.00970804
               547                 1          0.901207        0.00969197
               548                 1          0.901387        0.00967596
               549                 1          0.901566        0.00966001
               550                 1          0.901745         0.0096441
               551                 1          0.901924        0.00962825
               552                 1          0.902101        0.00961244
               553                 1          0.902278        0.00959669
               554                 1          0.902455        0.00958099
               555                 1          0.902631        0.00956534
               556                 1          0.902806        0.00954974
               557                 1           0.90298        0.00953419
               558                 1          0.903154        0.00951869
               559                 1          0.903327        0.00950323
               560                 1            0.9035        0.00948783
               561                 1          0.903672        0.00947248
               562                 1          0.903843        0.00945717
               563                 1          0.904014        0.00944192
               564                 1          0.904184        0.00942671
               565                 1          0.904354        0.00941155
               566                 1          0.904523        0.00939644
               567                 1          0.904691        0.00938138
               568                 1          0.904859        0.00936636
               569                 1          0.905026        0.00935139
               570                 1          0.905193        0.00933647
               571                 1          0.905359         0.0093216
               572                 1          0.905524        0.00930677
               573                 1          0.905689        0.00929199
               574                 1          0.905854        0.00927725
               575                 1          0.906017        0.00926256
               576                 1          0.906181        0.00924792
               577                 1          0.906343        0.00923332
               578                 1          0.906505        0.00921877
               579                 1          0.906667        0.00920426
               580                 1          0.906828        0.00918979
               581                 1          0.906988        0.00917538
               582                 1          0.907148          0.009161
               583                 1          0.907307        0.00914667
               584                 1          0.907466        0.00913239
               585                 1          0.907624        0.00911815
               586                 1          0.907782        0.00910395
               587                 1          0.907939         0.0090898
               588                 1          0.908095        0.00907569
               589                 1          0.908251        0.00906162
               590                 1          0.908407        0.00904759
               591                 1          0.908562        0.00903361
               592                 1          0.908716        0.00901967
               593                 1           0.90887        0.00900578
               594                 1          0.909024        0.00899192
               595                 1          0.909176        0.00897811
               596                 1          0.909329        0.00896434
               597                 1          0.909481        0.00895061
               598                 1          0.909632        0.00893692
               599                 1          0.909783        0.00892328
               600                 1          0.909933        0.00890967
               601                 1          0.910083        0.00889611
               602                 1          0.910233        0.00888258
               603                 1          0.910381         0.0088691
               604                 1           0.91053        0.00885566
               605                 1          0.910678        0.00884225
               606                 1          0.910825        0.00882889
               607                 1          0.910972        0.00881557
               608                 1          0.911118        0.00880228
               609                 1          0.911264        0.00878904
               610                 1           0.91141        0.00877584
               611                 1          0.911555        0.00876267
               612                 1          0.911699        0.00874954
               613                 1          0.911843        0.00873646
               614                 1          0.911987        0.00872341
               615                 1           0.91213         0.0087104
               616                 1          0.912273        0.00869742
               617                 1          0.912415        0.00868449
               618                 1          0.912557        0.00867159
               619                 1          0.912698        0.00865873
               620                 1          0.912839        0.00864591
               621                 1          0.912979        0.00863313
               622                 1          0.913119        0.00862038
               623                 1          0.913258        0.00860768
               624                 1          0.913397          0.008595
               625                 1          0.913536        0.00858237
               626                 1          0.913674        0.00856977
               627                 1          0.913812        0.00855721
               628                 1          0.913949        0.00854468
               629                 1          0.914086        0.00853219
               630                 1          0.914222        0.00851974
               631                 1          0.914358        0.00850732
               632                 1          0.914494        0.00849494
               633                 1          0.914629        0.00848259
               634                 1          0.914763        0.00847028
               635                 1          0.914898        0.00845801
               636                 1          0.915031        0.00844577
               637                 1          0.915165        0.00843356
               638                 1          0.915298        0.00842139
               639                 1           0.91543        0.00840926
               640                 1          0.915563        0.00839715
               641                 1          0.915694        0.00838509
               642                 1          0.915826        0.00837305
               643                 1          0.915956        0.00836106
               644                 1          0.916087        0.00834909
               645                 1          0.916217        0.00833716
               646                 1          0.916347        0.00832526
               647                 1          0.916476         0.0083134
               648                 1          0.916605        0.00830157
               649                 1          0.916733        0.00828977
               650                 1          0.916862        0.00827801
               651                 1          0.916989        0.00826628
               652                 1          0.917117        0.00825458
               653                 1          0.917243        0.00824292
               654                 1           0.91737        0.00823128
               655                 1          0.917496        0.00821968
               656                 1          0.917622        0.00820811
               657                 1          0.917747        0.00819658
               658                 1          0.917872        0.00818508
               659                 1          0.917997         0.0081736
               660                 1          0.918121        0.00816216
               661                 1          0.918245        0.00815076
               662                 1          0.918369        0.00813938
               663                 1          0.918492        0.00812803
               664                 1          0.918614        0.00811672
               665                 1          0.918737        0.00810544
               666                 1          0.918859        0.00809418
               667                 1          0.918981        0.00808296
               668                 1          0.919102        0.00807177
               669                 1          0.919223        0.00806061
               670                 1          0.919343        0.00804948
               671                 1          0.919463        0.00803838
               672                 1          0.919583        0.00802732
               673                 1          0.919703        0.00801628
               674                 1          0.919822        0.00800527
               675                 1          0.919941        0.00799429
               676                 1          0.920059        0.00798334
               677                 1          0.920177        0.00797242
               678                 1          0.920295        0.00796153
               679                 1          0.920412        0.00795067
               680                 1          0.920529        0.00793984
               681                 1          0.920646        0.00792904
               682                 1          0.920762        0.00791827
               683                 1          0.920878        0.00790753
               684                 1          0.920994        0.00789681
               685                 1          0.921109        0.00788613
               686                 1          0.921224        0.00787547
               687                 1          0.921339        0.00786484
               688                 1          0.921453        0.00785424
               689                 1          0.921567        0.00784367
               690                 1          0.921681        0.00783312
               691                 1          0.921795        0.00782261
               692                 1          0.921908        0.00781212
               693                 1           0.92202        0.00780166
               694                 1          0.922133        0.00779123
               695                 1          0.922245        0.00778082
               696                 1          0.922356        0.00777044
               697                 1          0.922468        0.00776009
               698                 1          0.922579        0.00774977
               699                 1           0.92269        0.00773948
               700                 1            0.9228        0.00772921
               701                 1           0.92291        0.00771897
               702                 1           0.92302        0.00770875
               703                 1          0.923129        0.00769856
               704                 1          0.923239         0.0076884
               705                 1          0.923348        0.00767827
               706                 1          0.923456        0.00766816
               707                 1          0.923564        0.00765808
               708                 1          0.923672        0.00764802
               709                 1           0.92378        0.00763799
               710                 1          0.923887        0.00762799
               711                 1          0.923994        0.00761801
               712                 1          0.924101        0.00760806
               713                 1          0.924208        0.00759813
               714                 1          0.924314        0.00758823
               715                 1           0.92442        0.00757836
               716                 1          0.924525        0.00756851
               717                 1           0.92463        0.00755869
               718                 1          0.924735        0.00754889
               719                 1           0.92484        0.00753911
               720                 1          0.924944        0.00752937
               721                 1          0.925049        0.00751964
               722                 1          0.925152        0.00750994
               723                 1          0.925256        0.00750027
               724                 1          0.925359        0.00749062
               725                 1          0.925462          0.007481
               726                 1          0.925565         0.0074714
               727                 1          0.925667        0.00746182
               728                 1          0.925769        0.00745227
               729                 1          0.925871        0.00744274
               730                 1          0.925973        0.00743324
               731                 1          0.926074        0.00742376
               732                 1          0.926175        0.00741431
               733                 1          0.926276        0.00740488
               734                 1          0.926376        0.00739547
               735                 1          0.926476        0.00738609
               736                 1          0.926576        0.00737673
               737                 1          0.926676        0.00736739
               738                 1          0.926775        0.00735808
               739                 1          0.926874        0.00734879
               740                 1          0.926973        0.00733952
               741                 1          0.927072        0.00733028
               742                 1           0.92717        0.00732106
               743                 1          0.927268        0.00731186
               744                 1          0.927366        0.00730268
               745                 1          0.927463        0.00729353
               746                 1           0.92756         0.0072844
               747                 1          0.927657         0.0072753
               748                 1          0.927754        0.00726622
               749                 1           0.92785        0.00725715
               750                 1          0.927947        0.00724812
               751                 1          0.928043         0.0072391
               752                 1          0.928138        0.00723011
               753                 1          0.928234        0.00722113
               754                 1          0.928329        0.00721218
               755                 1          0.928424        0.00720326
               756                 1          0.928519        0.00719435
               757                 1          0.928613        0.00718547
               758                 1          0.928707         0.0071766
               759                 1          0.928801        0.00716776
               760                 1          0.928895        0.00715894
               761                 1          0.928988        0.00715015
               762                 1          0.929081        0.00714137
               763                 1          0.929174        0.00713261
               764                 1          0.929267        0.00712388
               765                 1          0.929359        0.00711517
               766                 1          0.929452        0.00710648
               767                 1          0.929544        0.00709781
               768                 1          0.929635        0.00708916
               769                 1          0.929727        0.00708053
               770                 1          0.929818        0.00707192
               771                 1          0.929909        0.00706334
               772                 1              0.93        0.00705477
               773                 1          0.930091        0.00704623
               774                 1          0.930181         0.0070377
               775                 1          0.930271         0.0070292
               776                 1          0.930361        0.00702071
               777                 1           0.93045        0.00701225
               778                 1           0.93054        0.00700381
               779                 1          0.930629        0.00699538
               780                 1          0.930718        0.00698698
               781                 1          0.930807         0.0069786
               782                 1          0.930895        0.00697023
               783                 1          0.930983        0.00696189
               784                 1          0.931071        0.00695357
               785                 1          0.931159        0.00694526
               786                 1          0.931247        0.00693698
               787                 1          0.931334        0.00692871
               788                 1          0.931421        0.00692047
               789                 1          0.931508        0.00691224
               790                 1          0.931595        0.00690404
               791                 1          0.931681        0.00689585
               792                 1          0.931768        0.00688768
               793                 1          0.931854        0.00687954
               794                 1           0.93194        0.00687141
               795                 1          0.932025         0.0068633
               796                 1          0.932111        0.00685521
               797                 1          0.932196        0.00684713
               798                 1          0.932281        0.00683908
               799                 1          0.932365        0.00683105
               800                 1           0.93245        0.00682303
               801                 1          0.932534        0.00681503
               802                 1          0.932618        0.00680706
               803                 1          0.932702         0.0067991
               804                 1          0.932786        0.00679115
               805                 1           0.93287        0.00678323
               806                 1          0.932953        0.00677533
               807                 1          0.933036        0.00676744
               808                 1          0.933119        0.00675957
               809                 1          0.933201        0.00675172
               810                 1          0.933284        0.00674389
               811                 1          0.933366        0.00673608
               812                 1          0.933448        0.00672828
               813                 1           0.93353         0.0067205
               814                 1          0.933612        0.00671274
               815                 1          0.933693          0.006705
               816                 1          0.933775        0.00669728
               817                 1          0.933856        0.00668957
               818                 1          0.933936        0.00668188
               819                 1          0.934017        0.00667421
               820                 1          0.934098        0.00666655
               821                 1          0.934178        0.00665892
               822                 1          0.934258         0.0066513
               823                 1          0.934338         0.0066437
               824                 1          0.934417        0.00663611
               825                 1          0.934497        0.00662854
               826                 1          0.934576        0.00662099
               827                 1          0.934655        0.00661346
               828                 1          0.934734        0.00660594
               829                 1          0.934813        0.00659844
               830                 1          0.934892        0.00659096
               831                 1           0.93497        0.00658349
               832                 1          0.935048        0.00657605
               833                 1          0.935126        0.00656861
               834                 1          0.935204         0.0065612
               835                 1          0.935281         0.0065538
               836                 1          0.935359        0.00654642
               837                 1          0.935436        0.00653905
               838                 1          0.935513         0.0065317
               839                 1           0.93559        0.00652437
               840                 1          0.935667        0.00651705
               841                 1          0.935743        0.00650975
               842                 1          0.935819        0.00650247
               843                 1          0.935896         0.0064952
               844                 1          0.935972        0.00648795
               845                 1          0.936047        0.00648071
               846                 1          0.936123        0.00647349
               847                 1          0.936198        0.00646629
               848                 1          0.936274         0.0064591
               849                 1          0.936349        0.00645193
               850                 1          0.936424        0.00644477
               851                 1          0.936498        0.00643763
               852                 1          0.936573        0.00643051
               853                 1          0.936647         0.0064234
               854                 1          0.936721        0.00641631
               855                 1          0.936795        0.00640923
               856                 1          0.936869        0.00640217
               857                 1          0.936943        0.00639512
               858                 1          0.937016        0.00638809
               859                 1           0.93709        0.00638107
               860                 1          0.937163        0.00637407
               861                 1          0.937236        0.00636709
               862                 1          0.937309        0.00636012
               863                 1          0.937381        0.00635316
               864                 1          0.937454        0.00634622
               865                 1          0.937526         0.0063393
               866                 1          0.937598        0.00633239
               867                 1           0.93767        0.00632549
               868                 1          0.937742        0.00631861
               869                 1          0.937814        0.00631175
               870                 1          0.937885         0.0063049
               871                 1          0.937956        0.00629806
               872                 1          0.938028        0.00629124
               873                 1          0.938099        0.00628444
               874                 1          0.938169        0.00627765
               875                 1           0.93824        0.00627087
               876                 1          0.938311        0.00626411
               877                 1          0.938381        0.00625736
               878                 1          0.938451        0.00625063
               879                 1          0.938521        0.00624391
               880                 1          0.938591         0.0062372
               881                 1          0.938661        0.00623051
               882                 1           0.93873        0.00622384
               883                 1            0.9388        0.00621718
               884                 1          0.938869        0.00621053
               885                 1          0.938938        0.00620389
               886                 1          0.939007        0.00619727
               887                 1          0.939076        0.00619067
               888                 1          0.939144        0.00618408
               889                 1          0.939213         0.0061775
               890                 1          0.939281        0.00617094
               891                 1          0.939349        0.00616439
               892                 1          0.939417        0.00615785
               893                 1          0.939485        0.00615133
               894                 1          0.939553        0.00614482
               895                 1           0.93962        0.00613833
               896                 1          0.939688        0.00613185
               897                 1          0.939755        0.00612538
               898                 1          0.939822        0.00611893
               899                 1          0.939889        0.00611249
               900                 1          0.939956        0.00610606
               901                 1          0.940022        0.00609965
               902                 1          0.940089        0.00609325
               903                 1          0.940155        0.00608686
               904                 1          0.940221        0.00608049
               905                 1          0.940287        0.00607413
               906                 1          0.940353        0.00606778
               907                 1          0.940419        0.00606144
               908                 1          0.940485        0.00605512
               909                 1           0.94055        0.00604882
               910                 1          0.940615        0.00604252
               911                 1          0.940681        0.00603624
               912                 1          0.940746        0.00602997
               913                 1          0.940811        0.00602372
               914                 1          0.940875        0.00601748
               915                 1           0.94094        0.00601125
               916                 1          0.941004        0.00600503
               917                 1          0.941069        0.00599883
               918                 1          0.941133        0.00599263
               919                 1          0.941197        0.00598646
               920                 1          0.941261        0.00598029
               921                 1          0.941325        0.00597414
               922                 1          0.941388          0.005968
               923                 1          0.941452        0.00596187
               924                 1          0.941515        0.00595575
               925                 1          0.941578        0.00594965
               926                 1          0.941641        0.00594356
               927                 1          0.941704        0.00593748
               928                 1          0.941767        0.00593141
               929                 1           0.94183        0.00592536
               930                 1          0.941892        0.00591932
               931                 1          0.941955        0.00591329
               932                 1          0.942017        0.00590727
               933                 1          0.942079        0.00590127
               934                 1          0.942141        0.00589528
               935                 1          0.942203         0.0058893
               936                 1          0.942265        0.00588333
               937                 1          0.942327        0.00587737
               938                 1          0.942388        0.00587143
               939                 1          0.942449         0.0058655
               940                 1          0.942511        0.00585958
               941                 1          0.942572        0.00585367
               942                 1          0.942633        0.00584777
               943                 1          0.942694        0.00584189
               944                 1          0.942754        0.00583601
               945                 1          0.942815        0.00583015
               946                 1          0.942875         0.0058243
               947                 1          0.942936        0.00581846
               948                 1          0.942996        0.00581264
               949                 1          0.943056        0.00580682
               950                 1          0.943116        0.00580102
               951                 1          0.943176        0.00579523
               952                 1          0.943235        0.00578945
               953                 1          0.943295        0.00578368
               954                 1          0.943354        0.00577792
               955                 1          0.943414        0.00577218
               956                 1          0.943473        0.00576644
               957                 1          0.943532        0.00576072
               958                 1          0.943591        0.00575501
               959                 1           0.94365        0.00574931
               960                 1          0.943708        0.00574362
               961                 1          0.943767        0.00573794
               962                 1          0.943825        0.00573227
               963                 1          0.943884        0.00572662
               964                 1          0.943942        0.00572097
               965                 1             0.944        0.00571534
               966                 1          0.944058        0.00570972
               967                 1          0.944116        0.00570411
               968                 1          0.944174         0.0056985
               969                 1          0.944231        0.00569292
               970                 1          0.944289        0.00568734
               971                 1          0.944346        0.00568177
               972                 1          0.944403        0.00567621
               973                 1           0.94446        0.00567067
               974                 1          0.944517        0.00566513
               975                 1          0.944574        0.00565961
               976                 1          0.944631        0.00565409
               977                 1          0.944688        0.00564859
               978                 1          0.944744         0.0056431
               979                 1          0.944801        0.00563761
               980                 1          0.944857        0.00563214
               981                 1          0.944913        0.00562668
               982                 1          0.944969        0.00562123
               983                 1          0.945025        0.00561579
               984                 1          0.945081        0.00561036
               985                 1          0.945137        0.00560494
               986                 1          0.945193        0.00559954
               987                 1          0.945248        0.00559414
               988                 1          0.945304        0.00558875
               989                 1          0.945359        0.00558337
               990                 1          0.945414        0.00557801
               991                 1          0.945469        0.00557265
               992                 1          0.945524         0.0055673
               993                 1          0.945579        0.00556197
               994                 1          0.945634        0.00555664
               995                 1          0.945688        0.00555132
               996                 1          0.945743        0.00554602
               997                 1          0.945797        0.00554072
               998                 1          0.945852        0.00553544
               999                 1          0.945906        0.00553016
              1000                 1           0.94596         0.0055249
