#     BLOCK:   ACTUAL_X:     X_AVE:       ERROR:
                 1           32.2667           32.2667                 0
                 2           4.26667           18.2667           9.89949
                 3           17.0667           17.8667           6.60774
                 4           6.66667           15.0667           5.51725
                 5           4.26667           12.9067            4.8181
                 6               9.6           12.3556           4.04648
                 7           4.26667              11.2           3.62966
                 8          0.266667           9.83333           3.42359
                 9           4.26667           9.21481           3.09856
                10           4.26667              8.72           2.82794
                11               9.6               8.8           2.57198
                12           6.66667           8.62222           2.36379
                13           17.0667           9.27179           2.26945
                14           45.0667           11.8286           3.24208
                15           52.2667           14.5244           3.99244
                16           52.2667           16.8833           4.38474
                17                60           19.4196           4.80467
                18              38.4           20.4741           4.65202
                19              38.4           21.4175           4.50183
                20           52.2667             22.96           4.53329
                21           68.2667           25.1175           4.80345
                22           68.2667           27.0788           4.96942
                23           45.0667           27.8609           4.81451
                24           32.2667           28.0444            4.6174
                25           26.6667           27.9893           4.43304
                26              21.6           27.7436           4.26934
                27              21.6            27.516           4.11728
                28           17.0667           27.1429           3.98711
                29               9.6           26.5379           3.89524
                30           13.0667           26.0889           3.79119
                31           32.2667           26.2882           3.67413
                32              21.6           26.1417           3.56223
                33           32.2667           26.3273           3.45912
                34              38.4           26.6824           3.37556
                35           52.2667           27.4133           3.35733
                36           52.2667           28.1037           3.33429
                37           68.2667           29.1892            3.4163
                38                60                30           3.42126
                39           32.2667           30.0581           3.33403
                40           26.6667           29.9733           3.25176
                41           32.2667           30.0293           3.17293
                42              38.4           30.2286           3.10364
                43           26.6667           30.1457           3.03256
                44           26.6667           30.0667           2.96467
                45              21.6           29.8785           2.90476
                46           32.2667           29.9304           2.84207
                47           45.0667           30.2525           2.79979
                48           32.2667           30.2944           2.74177
                49              21.6            30.117           2.69156
                50           32.2667             30.16           2.63807
                51              38.4           30.3216           2.59128
                52              38.4           30.4769            2.5461
                53           45.0667           30.7522            2.5129
                54              38.4           30.8938           2.47035
                55              38.4           31.0303           2.42921
                56           26.6667           30.9524           2.38708
                57              21.6           30.7883           2.35083
                58           17.0667           30.5517           2.32217
                59           17.0667           30.3232           2.29403
                60              21.6           30.1778            2.2604
                61           17.0667           29.9628           2.23354
                62           17.0667           29.7548           2.20718
                63           17.0667           29.5534           2.18132
                64           17.0667           29.3583           2.15594
                65           32.2667           29.4031           2.12324
                66           32.2667           29.4465           2.09151
                67           26.6667            29.405            2.0607
                68           17.0667           29.2235           2.03837
                69           17.0667           29.0473           2.01643
                70               9.6           28.7695           2.00667
                71               9.6           28.4995           1.99649
                72           17.0667           28.3407           1.97507
                73           17.0667           28.1863           1.95404
                74              21.6           28.0973           1.92966
                75               9.6           27.8507           1.91963
                76           13.0667           27.6561            1.9042
                77           26.6667           27.6433           1.87951
                78           32.2667           27.7026           1.85635
                79              21.6           27.6253           1.83446
                80              21.6             27.55           1.81307
                81              21.6           27.4765           1.79218
                82           26.6667           27.4667           1.77035
                83              38.4           27.5984           1.75391
                84           45.0667           27.8063           1.74532
                85           68.2667           28.2824           1.78852
                86           77.0667           28.8496            1.8555
                87           96.2667           29.6245           1.98941
                88           68.2667           30.0636           2.01469
                89           77.0667           30.5918           2.06011
                90              86.4           31.2119            2.1285
                91           96.2667           31.9267           2.22192
                92              86.4           32.5188           2.27529
                93           106.667           33.3161           2.38643
                94           129.067           34.3348           2.56926
                95           166.667           35.7277            2.8953
                96           166.667           37.0917           3.17018
                97           166.667           38.4275           3.40733
                98           166.667           39.7361           3.61511
                99           166.667           41.0182           3.79916
               100           166.667           42.2747            3.9635
               101           166.667           43.5063           4.11116
               102           166.667           44.7137           4.24447
               103           166.667           45.8977           4.36528
               104           166.667            47.059           4.47509
               105           166.667           48.1981           4.57516
               106           166.667           49.3157           4.66651
               107           166.667           50.4125           4.75003
               108           166.667           51.4889           4.82647
               109           166.667           52.5456            4.8965
               110           166.667            53.583           4.96067
               111           166.667           54.6018           5.01951
               112           166.667           55.6024           5.07344
               113           166.667           56.5853           5.12286
               114           166.667           57.5509           5.16813
               115           166.667           58.4997           5.20956
               116           166.667           59.4322           5.24744
               117           166.667           60.3487           5.28202
               118           166.667           61.2497           5.31355
               119           166.667           62.1356           5.34223
               120           166.667           63.0067           5.36826
               121           166.667           63.8634           5.39182
               122           166.667            64.706           5.41307
               123           166.667            65.535           5.43216
               124           166.667           66.3505           5.44924
               125           166.667           67.1531           5.46442
               126           166.667           67.9429           5.47783
               127           166.667           68.7202           5.48958
               128           166.667           69.4854           5.49976
               129           166.667           70.2388           5.50848
               130           166.667           70.9805           5.51582
               131           166.667           71.7109           5.52187
               132           166.667           72.4303            5.5267
               133           166.667           73.1388           5.53038
               134           166.667           73.8368           5.53297
               135           166.667           74.5244           5.53455
               136           166.667            75.202           5.53517
               137           166.667           75.8696           5.53488
               138           166.667           76.5275           5.53374
               139           166.667            77.176            5.5318
               140           166.667           77.8152            5.5291
               141           166.667           78.4454           5.52567
               142           166.667           79.0667           5.52158
               143           166.667           79.6793           5.51684
               144           166.667           80.2833            5.5115
               145           166.667           80.8791            5.5056
               146           166.667           81.4667           5.49915
               147           166.667           82.0463            5.4922
               148           166.667            82.618           5.48477
               149           166.667           83.1821           5.47689
               150           166.667           83.7387           5.46859
               151           166.667           84.2879           5.45988
               152           166.667           84.8298           5.45079
               153           166.667           85.3647           5.44134
               154           166.667           85.8926           5.43156
               155           166.667           86.4138           5.42146
               156           166.667           86.9282           5.41106
               157           166.667           87.4361           5.40038
               158           166.667           87.9376           5.38943
               159           166.667           88.4327           5.37823
               160           166.667           88.9217            5.3668
               161           166.667           89.4046           5.35514
               162           166.667           89.8815           5.34328
               163           166.667           90.3526           5.33123
               164           166.667           90.8179           5.31899
               165           166.667           91.2776           5.30658
               166           166.667           91.7317           5.29401
               167           166.667           92.1804           5.28129
               168           166.667           92.6238           5.26843
               169           166.667           93.0619           5.25544
               170           166.667           93.4949           5.24234
               171           166.667           93.9228           5.22911
               172           166.667           94.3457           5.21579
               173           166.667           94.7638           5.20236
               174           166.667            95.177           5.18885
               175           166.667           95.5855           5.17526
               176           166.667           95.9894           5.16159
               177           166.667           96.3887           5.14785
               178           166.667           96.7835           5.13404
               179           166.667           97.1739           5.12018
               180           166.667             97.56           5.10627
               181           166.667           97.9418           5.09232
               182           166.667           98.3194           5.07832
               183           166.667           98.6929           5.06428
               184           166.667           99.0623           5.05022
               185           166.667           99.4277           5.03612
               186           166.667           99.7892             5.022
               187           166.667           100.147           5.00786
               188           166.667           100.501           4.99371
               189           166.667           100.851           4.97955
               190           166.667           101.197           4.96537
               191           166.667            101.54           4.95119
               192           166.667           101.879           4.93701
               193           166.667           102.215           4.92283
               194           166.667           102.547           4.90865
               195           166.667           102.876           4.89448
               196           166.667           103.201           4.88032
               197           166.667           103.524           4.86616
               198           166.667           103.842           4.85203
               199           166.667           104.158            4.8379
               200           166.667           104.471            4.8238
               201           166.667            104.78           4.80972
               202           166.667           105.086           4.79565
               203           166.667            105.39           4.78161
               204           166.667            105.69            4.7676
               205           166.667           105.988           4.75361
               206           166.667           106.282           4.73965
               207           166.667           106.574           4.72573
               208           166.667           106.863           4.71183
               209           166.667           107.149           4.69796
               210           166.667           107.432           4.68413
               211           166.667           107.713           4.67034
               212           166.667           107.991           4.65658
               213           166.667           108.267           4.64286
               214           166.667            108.54           4.62918
               215           166.667            108.81           4.61553
               216           166.667           109.078           4.60193
               217           166.667           109.343           4.58837
               218           166.667           109.606           4.57485
               219           166.667           109.867           4.56138
               220           166.667           110.125           4.54794
               221           166.667           110.381           4.53455
               222           166.667           110.634           4.52121
               223           166.667           110.886           4.50791
               224           166.667           111.135           4.49466
               225           166.667           111.381           4.48146
               226           166.667           111.626            4.4683
               227           166.667           111.868           4.45519
               228           166.667           112.109           4.44213
               229           166.667           112.347           4.42911
               230           166.667           112.583           4.41615
               231           166.667           112.817           4.40323
               232           166.667           113.049           4.39037
               233           166.667            113.28           4.37755
               234           166.667           113.508           4.36478
               235           166.667           113.734           4.35207
               236           166.667           113.958            4.3394
               237           166.667           114.181           4.32679
               238           166.667           114.401           4.31423
               239           166.667            114.62           4.30171
               240           166.667           114.837           4.28925
               241           166.667           115.052           4.27684
               242           166.667           115.265           4.26448
               243           166.667           115.477           4.25218
               244           166.667           115.686           4.23992
               245           166.667           115.894           4.22772
               246           166.667           116.101           4.21557
               247           166.667           116.306           4.20347
               248           166.667           116.509           4.19142
               249           166.667            116.71           4.17943
               250           166.667            116.91           4.16748
               251           166.667           117.108           4.15559
               252           166.667           117.305           4.14375
               253           166.667             117.5           4.13197
               254           166.667           117.693           4.12023
               255           166.667           117.885           4.10855
               256           166.667           118.076           4.09691
               257           166.667           118.265           4.08533
               258           166.667           118.453            4.0738
               259           166.667           118.639           4.06232
               260           166.667           118.824            4.0509
               261           166.667           119.007           4.03952
               262           166.667           119.189            4.0282
               263           166.667           119.369           4.01692
               264           166.667           119.548            4.0057
               265           166.667           119.726           3.99453
               266           166.667           119.903           3.98341
               267           166.667           120.078           3.97234
               268           166.667           120.252           3.96132
               269           166.667           120.424           3.95035
               270           166.667           120.596           3.93943
               271           166.667           120.766           3.92856
               272           166.667           120.934           3.91774
               273           166.667           121.102           3.90697
               274           166.667           121.268           3.89625
               275           166.667           121.433           3.88557
               276           166.667           121.597           3.87495
               277           166.667            121.76           3.86438
               278           166.667           121.921           3.85385
               279           166.667           122.082           3.84337
               280           166.667           122.241           3.83294
               281           166.667           122.399           3.82256
               282           166.667           122.556           3.81223
               283           166.667           122.712           3.80194
               284           166.667           122.867            3.7917
               285           166.667            123.02           3.78151
               286           166.667           123.173           3.77137
               287           166.667           123.325           3.76127
               288           166.667           123.475           3.75122
               289           166.667           123.624           3.74122
               290           166.667           123.773           3.73126
               291           166.667            123.92           3.72135
               292           166.667           124.067           3.71148
               293           166.667           124.212           3.70166
               294           166.667           124.356           3.69189
               295           166.667             124.5           3.68216
               296           166.667           124.642           3.67247
               297           166.667           124.784           3.66283
               298           166.667           124.924           3.65324
               299           166.667           125.064           3.64368
               300           166.667           125.203           3.63418
               301           166.667            125.34           3.62471
               302           166.667           125.477           3.61529
               303           166.667           125.613           3.60592
               304           166.667           125.748           3.59658
               305           166.667           125.882           3.58729
               306           166.667           126.016           3.57804
               307           166.667           126.148           3.56884
               308           166.667            126.28           3.55967
               309           166.667            126.41           3.55055
               310           166.667            126.54           3.54147
               311           166.667           126.669           3.53244
               312           166.667           126.797           3.52344
               313           166.667           126.925           3.51448
               314           166.667           127.051           3.50557
               315           166.667           127.177            3.4967
               316           166.667           127.302           3.48786
               317           166.667           127.426           3.47907
               318           166.667            127.55           3.47032
               319           166.667           127.672            3.4616
               320           166.667           127.794           3.45293
               321           166.667           127.915            3.4443
               322           166.667           128.036            3.4357
               323           166.667           128.155           3.42715
               324           166.667           128.274           3.41863
               325           166.667           128.392           3.41015
               326           166.667            128.51           3.40171
               327           166.667           128.626           3.39331
               328           166.667           128.742           3.38494
               329           166.667           128.858           3.37662
               330           166.667           128.972           3.36833
               331           166.667           129.086           3.36008
               332           166.667           129.199           3.35186
               333           166.667           129.312           3.34369
               334           166.667           129.424           3.33554
               335           166.667           129.535           3.32744
               336           166.667           129.645           3.31937
               337           166.667           129.755           3.31134
               338           166.667           129.864           3.30334
               339           166.667           129.973           3.29538
               340           166.667           130.081           3.28746
               341           166.667           130.188           3.27957
               342           166.667           130.295           3.27171
               343           166.667           130.401           3.26389
               344           166.667           130.506            3.2561
               345           166.667           130.611           3.24835
               346           166.667           130.715           3.24063
               347           166.667           130.819           3.23295
               348           166.667           130.922            3.2253
               349           166.667           131.024           3.21769
               350           166.667           131.126            3.2101
               351           166.667           131.227           3.20255
               352           166.667           131.328           3.19504
               353           166.667           131.428           3.18756
               354           166.667           131.528           3.18011
               355           166.667           131.627           3.17269
               356           166.667           131.725            3.1653
               357           166.667           131.823           3.15795
               358           166.667            131.92           3.15063
               359           166.667           132.017           3.14334
               360           166.667           132.113           3.13608
               361           166.667           132.209           3.12885
               362           166.667           132.304           3.12166
               363           166.667           132.399           3.11449
               364           166.667           132.493           3.10736
               365           166.667           132.587           3.10025
               366           166.667            132.68           3.09318
               367           166.667           132.772           3.08614
               368           166.667           132.864           3.07913
               369           166.667           132.956           3.07215
               370           166.667           133.047           3.06519
               371           166.667           133.138           3.05827
               372           166.667           133.228           3.05138
               373           166.667           133.318           3.04451
               374           166.667           133.407           3.03768
               375           166.667           133.495           3.03087
               376           166.667           133.584           3.02409
               377           166.667           133.671           3.01735
               378           166.667           133.759           3.01063
               379           166.667           133.846           3.00393
               380           166.667           133.932           2.99727
               381           166.667           134.018           2.99063
               382           166.667           134.103           2.98403
               383           166.667           134.188           2.97745
               384           166.667           134.273           2.97089
               385           166.667           134.357           2.96437
               386           166.667           134.441           2.95787
               387           166.667           134.524            2.9514
               388           166.667           134.607           2.94496
               389           166.667           134.689           2.93854
               390           166.667           134.771           2.93215
               391           166.667           134.853           2.92578
               392           166.667           134.934           2.91944
               393           166.667           135.015           2.91313
               394           166.667           135.095           2.90685
               395           166.667           135.175           2.90058
               396           166.667           135.255           2.89435
               397           166.667           135.334           2.88814
               398           166.667           135.412           2.88196
               399           166.667           135.491            2.8758
               400           166.667           135.569           2.86966
               401           166.667           135.646           2.86356
               402           166.667           135.723           2.85747
               403           166.667             135.8           2.85141
               404           166.667           135.877           2.84538
               405           166.667           135.953           2.83937
               406           166.667           136.028           2.83338
               407           166.667           136.104           2.82742
               408           166.667           136.178           2.82148
               409           166.667           136.253           2.81557
               410           166.667           136.327           2.80968
               411           166.667           136.401           2.80381
               412           166.667           136.474           2.79797
               413           166.667           136.548           2.79215
               414           166.667            136.62           2.78635
               415           166.667           136.693           2.78058
               416           166.667           136.765           2.77483
               417           166.667           136.836            2.7691
               418           166.667           136.908            2.7634
               419           166.667           136.979           2.75771
               420           166.667            137.05           2.75205
               421           166.667            137.12           2.74641
               422           166.667            137.19            2.7408
               423           166.667            137.26            2.7352
               424           166.667           137.329           2.72963
               425           166.667           137.398           2.72408
               426           166.667           137.467           2.71855
               427           166.667           137.535           2.71305
               428           166.667           137.603           2.70756
               429           166.667           137.671            2.7021
               430           166.667           137.738           2.69666
               431           166.667           137.805           2.69123
               432           166.667           137.872           2.68583
               433           166.667           137.939           2.68045
               434           166.667           138.005            2.6751
               435           166.667           138.071           2.66976
               436           166.667           138.136           2.66444
               437           166.667           138.202           2.65914
               438           166.667           138.267           2.65386
               439           166.667           138.331           2.64861
               440           166.667           138.396           2.64337
               441           166.667            138.46           2.63815
               442           166.667           138.524           2.63296
               443           166.667           138.587           2.62778
               444           166.667            138.65           2.62262
               445           166.667           138.713           2.61748
               446           166.667           138.776           2.61237
               447           166.667           138.838           2.60727
               448           166.667           138.901           2.60219
               449           166.667           138.962           2.59713
               450           166.667           139.024           2.59208
               451           166.667           139.085           2.58706
               452           166.667           139.146           2.58206
               453           166.667           139.207           2.57707
               454           166.667           139.268           2.57211
               455           166.667           139.328           2.56716
               456           166.667           139.388           2.56223
               457           166.667           139.447           2.55732
               458           166.667           139.507           2.55242
               459           166.667           139.566           2.54755
               460           166.667           139.625           2.54269
               461           166.667           139.684           2.53785
               462           166.667           139.742           2.53303
               463           166.667             139.8           2.52823
               464           166.667           139.858           2.52344
               465           166.667           139.916           2.51867
               466           166.667           139.973           2.51392
               467           166.667            140.03           2.50919
               468           166.667           140.087           2.50447
               469           166.667           140.144           2.49977
               470           166.667             140.2           2.49509
               471           166.667           140.256           2.49043
               472           166.667           140.312           2.48578
               473           166.667           140.368           2.48115
               474           166.667           140.424           2.47653
               475           166.667           140.479           2.47194
               476           166.667           140.534           2.46736
               477           166.667           140.589           2.46279
               478           166.667           140.643           2.45824
               479           166.667           140.698           2.45371
               480           166.667           140.752            2.4492
               481           166.667           140.806            2.4447
               482           166.667           140.859           2.44021
               483           166.667           140.913           2.43575
               484           166.667           140.966           2.43129
               485           166.667           141.019           2.42686
               486           166.667           141.072           2.42244
               487           166.667           141.124           2.41804
               488           166.667           141.177           2.41365
               489           166.667           141.229           2.40927
               490           166.667           141.281           2.40492
               491           166.667           141.332           2.40057
               492           166.667           141.384           2.39625
               493           166.667           141.435           2.39193
               494           166.667           141.486           2.38764
               495           166.667           141.537           2.38336
               496           166.667           141.588           2.37909
               497           166.667           141.638           2.37484
               498           166.667           141.688            2.3706
               499           166.667           141.738           2.36638
               500           166.667           141.788           2.36217
               501           166.667           141.838           2.35798
               502           166.667           141.887            2.3538
               503           166.667           141.937           2.34964
               504           166.667           141.986           2.34549
               505           166.667           142.035           2.34135
               506           166.667           142.083           2.33723
               507           166.667           142.132           2.33312
               508           166.667            142.18           2.32903
               509           166.667           142.228           2.32495
               510           166.667           142.276           2.32089
               511           166.667           142.324           2.31683
               512           166.667           142.371            2.3128
               513           166.667           142.419           2.30877
               514           166.667           142.466           2.30476
               515           166.667           142.513           2.30077
               516           166.667            142.56           2.29678
               517           166.667           142.606           2.29282
               518           166.667           142.653           2.28886
               519           166.667           142.699           2.28492
               520           166.667           142.745           2.28099
               521           166.667           142.791           2.27707
               522           166.667           142.837           2.27317
               523           166.667           142.882           2.26928
               524           166.667           142.928            2.2654
               525           166.667           142.973           2.26154
               526           166.667           143.018           2.25769
               527           166.667           143.063           2.25385
               528           166.667           143.108           2.25002
               529           166.667           143.152           2.24621
               530           166.667           143.196           2.24241
               531           166.667           143.241           2.23862
               532           166.667           143.285           2.23485
               533           166.667           143.329           2.23109
               534           166.667           143.372           2.22734
               535           166.667           143.416            2.2236
               536           166.667           143.459           2.21987
               537           166.667           143.502           2.21616
               538           166.667           143.545           2.21246
               539           166.667           143.588           2.20877
               540           166.667           143.631           2.20509
               541           166.667           143.674           2.20143
               542           166.667           143.716           2.19778
               543           166.667           143.758           2.19413
               544           166.667             143.8           2.19051
               545           166.667           143.842           2.18689
               546           166.667           143.884           2.18328
               547           166.667           143.926           2.17969
               548           166.667           143.967           2.17611
               549           166.667           144.009           2.17253
               550           166.667            144.05           2.16897
               551           166.667           144.091           2.16543
               552           166.667           144.132           2.16189
               553           166.667           144.173           2.15836
               554           166.667           144.213           2.15485
               555           166.667           144.254           2.15135
               556           166.667           144.294           2.14786
               557           166.667           144.334           2.14438
               558           166.667           144.374           2.14091
               559           166.667           144.414           2.13745
               560           166.667           144.454             2.134
               561           166.667           144.493           2.13056
               562           166.667           144.533           2.12714
               563           166.667           144.572           2.12372
               564           166.667           144.611           2.12032
               565           166.667            144.65           2.11692
               566           166.667           144.689           2.11354
               567           166.667           144.728           2.11017
               568           166.667           144.767           2.10681
               569           166.667           144.805           2.10346
               570           166.667           144.844           2.10012
               571           166.667           144.882           2.09679
               572           166.667            144.92           2.09347
               573           166.667           144.958           2.09016
               574           166.667           144.996           2.08686
               575           166.667           145.033           2.08357
               576           166.667           145.071           2.08029
               577           166.667           145.108           2.07702
               578           166.667           145.146           2.07376
               579           166.667           145.183           2.07051
               580           166.667            145.22           2.06728
               581           166.667           145.257           2.06405
               582           166.667           145.293           2.06083
               583           166.667            145.33           2.05762
               584           166.667           145.367           2.05442
               585           166.667           145.403           2.05123
               586           166.667           145.439           2.04805
               587           166.667           145.476           2.04488
               588           166.667           145.512           2.04172
               589           166.667           145.547           2.03857
               590           166.667           145.583           2.03543
               591           166.667           145.619            2.0323
               592           166.667           145.655           2.02918
               593           166.667            145.69           2.02606
               594           166.667           145.725           2.02296
               595           166.667            145.76           2.01987
               596           166.667           145.796           2.01678
               597           166.667            145.83           2.01371
               598           166.667           145.865           2.01064
               599           166.667             145.9           2.00758
               600           166.667           145.935           2.00454
               601           166.667           145.969            2.0015
               602           166.667           146.004           1.99847
               603           166.667           146.038           1.99545
               604           166.667           146.072           1.99244
               605           166.667           146.106           1.98943
               606           166.667            146.14           1.98644
               607           166.667           146.174           1.98346
               608           166.667           146.207           1.98048
               609           166.667           146.241           1.97751
               610           166.667           146.275           1.97455
               611           166.667           146.308           1.97161
               612           166.667           146.341           1.96866
               613           166.667           146.374           1.96573
               614           166.667           146.407           1.96281
               615           166.667            146.44           1.95989
               616           166.667           146.473           1.95699
               617           166.667           146.506           1.95409
               618           166.667           146.539            1.9512
               619           166.667           146.571           1.94832
               620           166.667           146.603           1.94544
               621           166.667           146.636           1.94258
               622           166.667           146.668           1.93972
               623           166.667             146.7           1.93688
               624           166.667           146.732           1.93404
               625           166.667           146.764            1.9312
               626           166.667           146.796           1.92838
               627           166.667           146.827           1.92557
               628           166.667           146.859           1.92276
               629           166.667           146.891           1.91996
               630           166.667           146.922           1.91717
               631           166.667           146.953           1.91439
               632           166.667           146.984           1.91161
               633           166.667           147.015           1.90884
               634           166.667           147.046           1.90609
               635           166.667           147.077           1.90333
               636           166.667           147.108           1.90059
               637           166.667           147.139           1.89785
               638           166.667           147.169           1.89513
               639           166.667             147.2           1.89241
               640           166.667            147.23           1.88969
               641           166.667           147.261           1.88699
               642           166.667           147.291           1.88429
               643           166.667           147.321            1.8816
               644           166.667           147.351           1.87892
               645           166.667           147.381           1.87625
               646           166.667           147.411           1.87358
               647           166.667           147.441           1.87092
               648           166.667            147.47           1.86827
               649           166.667             147.5           1.86562
               650           166.667           147.529           1.86299
               651           166.667           147.559           1.86036
               652           166.667           147.588           1.85773
               653           166.667           147.617           1.85512
               654           166.667           147.646           1.85251
               655           166.667           147.676           1.84991
               656           166.667           147.704           1.84732
               657           166.667           147.733           1.84473
               658           166.667           147.762           1.84215
               659           166.667           147.791           1.83958
               660           166.667           147.819           1.83701
               661           166.667           147.848           1.83446
               662           166.667           147.876           1.83191
               663           166.667           147.905           1.82936
               664           166.667           147.933           1.82682
               665           166.667           147.961            1.8243
               666           166.667           147.989           1.82177
               667           166.667           148.017           1.81926
               668           166.667           148.045           1.81675
               669           166.667           148.073           1.81424
               670           166.667           148.101           1.81175
               671           166.667           148.128           1.80926
               672           166.667           148.156           1.80678
               673           166.667           148.183            1.8043
               674           166.667           148.211           1.80183
               675           166.667           148.238           1.79937
               676           166.667           148.265           1.79692
               677           166.667           148.293           1.79447
               678           166.667            148.32           1.79203
               679           166.667           148.347           1.78959
               680           166.667           148.374           1.78716
               681           166.667           148.401           1.78474
               682           166.667           148.427           1.78232
               683           166.667           148.454           1.77991
               684           166.667           148.481           1.77751
               685           166.667           148.507           1.77511
               686           166.667           148.534           1.77272
               687           166.667            148.56           1.77034
               688           166.667           148.586           1.76796
               689           166.667           148.613           1.76559
               690           166.667           148.639           1.76323
               691           166.667           148.665           1.76087
               692           166.667           148.691           1.75851
               693           166.667           148.717           1.75617
               694           166.667           148.743           1.75383
               695           166.667           148.769           1.75149
               696           166.667           148.794           1.74917
               697           166.667            148.82           1.74685
               698           166.667           148.845           1.74453
               699           166.667           148.871           1.74222
               700           166.667           148.896           1.73992
               701           166.667           148.922           1.73762
               702           166.667           148.947           1.73533
               703           166.667           148.972           1.73304
               704           166.667           148.997           1.73076
               705           166.667           149.022           1.72849
               706           166.667           149.047           1.72622
               707           166.667           149.072           1.72396
               708           166.667           149.097            1.7217
               709           166.667           149.122           1.71945
               710           166.667           149.147           1.71721
               711           166.667           149.171           1.71497
               712           166.667           149.196           1.71274
               713           166.667            149.22           1.71051
               714           166.667           149.245           1.70829
               715           166.667           149.269           1.70608
               716           166.667           149.293           1.70387
               717           166.667           149.318           1.70166
               718           166.667           149.342           1.69946
               719           166.667           149.366           1.69727
               720           166.667            149.39           1.69508
               721           166.667           149.414            1.6929
               722           166.667           149.438           1.69073
               723           166.667           149.462           1.68855
               724           166.667           149.485           1.68639
               725           166.667           149.509           1.68423
               726           166.667           149.533           1.68208
               727           166.667           149.556           1.67993
               728           166.667            149.58           1.67778
               729           166.667           149.603           1.67565
               730           166.667           149.627           1.67351
               731           166.667            149.65           1.67139
               732           166.667           149.673           1.66927
               733           166.667           149.696           1.66715
               734           166.667            149.72           1.66504
               735           166.667           149.743           1.66293
               736           166.667           149.766           1.66083
               737           166.667           149.789           1.65874
               738           166.667           149.811           1.65665
               739           166.667           149.834           1.65456
               740           166.667           149.857           1.65248
               741           166.667            149.88           1.65041
               742           166.667           149.902           1.64834
               743           166.667           149.925           1.64627
               744           166.667           149.947           1.64422
               745           166.667            149.97           1.64216
               746           166.667           149.992           1.64011
               747           166.667           150.014           1.63807
               748           166.667           150.037           1.63603
               749           166.667           150.059             1.634
               750           166.667           150.081           1.63197
               751           166.667           150.103           1.62995
               752           166.667           150.125           1.62793
               753           166.667           150.147           1.62591
               754           166.667           150.169            1.6239
               755           166.667           150.191            1.6219
               756           166.667           150.213            1.6199
               757           166.667           150.234           1.61791
               758           166.667           150.256           1.61592
               759           166.667           150.278           1.61393
               760           166.667           150.299           1.61195
               761           166.667           150.321           1.60998
               762           166.667           150.342           1.60801
               763           166.667           150.364           1.60604
               764           166.667           150.385           1.60408
               765           166.667           150.406           1.60213
               766           166.667           150.428           1.60018
               767           166.667           150.449           1.59823
               768           166.667            150.47           1.59629
               769           166.667           150.491           1.59435
               770           166.667           150.512           1.59242
               771           166.667           150.533           1.59049
               772           166.667           150.554           1.58857
               773           166.667           150.575           1.58665
               774           166.667           150.595           1.58474
               775           166.667           150.616           1.58283
               776           166.667           150.637           1.58092
               777           166.667           150.657           1.57902
               778           166.667           150.678           1.57713
               779           166.667           150.699           1.57524
               780           166.667           150.719           1.57335
               781           166.667           150.739           1.57147
               782           166.667            150.76           1.56959
               783           166.667            150.78           1.56772
               784           166.667             150.8           1.56585
               785           166.667           150.821           1.56399
               786           166.667           150.841           1.56213
               787           166.667           150.861           1.56027
               788           166.667           150.881           1.55842
               789           166.667           150.901           1.55657
               790           166.667           150.921           1.55473
               791           166.667           150.941           1.55289
               792           166.667           150.961           1.55106
               793           166.667            150.98           1.54923
               794           166.667               151            1.5474
               795           166.667            151.02           1.54558
               796           166.667            151.04           1.54377
               797           166.667           151.059           1.54195
               798           166.667           151.079           1.54014
               799           166.667           151.098           1.53834
               800           166.667           151.118           1.53654
               801           166.667           151.137           1.53475
               802           166.667           151.156           1.53295
               803           166.667           151.176           1.53117
               804           166.667           151.195           1.52938
               805           166.667           151.214            1.5276
               806           166.667           151.233           1.52583
               807           166.667           151.253           1.52406
               808           166.667           151.272           1.52229
               809           166.667           151.291           1.52053
               810           166.667            151.31           1.51877
               811           166.667           151.329           1.51702
               812           166.667           151.347           1.51526
               813           166.667           151.366           1.51352
               814           166.667           151.385           1.51178
               815           166.667           151.404           1.51004
               816           166.667           151.423            1.5083
               817           166.667           151.441           1.50657
               818           166.667            151.46           1.50484
               819           166.667           151.478           1.50312
               820           166.667           151.497            1.5014
               821           166.667           151.515           1.49969
               822           166.667           151.534           1.49798
               823           166.667           151.552           1.49627
               824           166.667           151.571           1.49457
               825           166.667           151.589           1.49287
               826           166.667           151.607           1.49117
               827           166.667           151.625           1.48948
               828           166.667           151.643           1.48779
               829           166.667           151.662           1.48611
               830           166.667            151.68           1.48443
               831           166.667           151.698           1.48275
               832           166.667           151.716           1.48108
               833           166.667           151.734           1.47941
               834           166.667           151.752           1.47774
               835           166.667           151.769           1.47608
               836           166.667           151.787           1.47442
               837           166.667           151.805           1.47277
               838           166.667           151.823           1.47112
               839           166.667            151.84           1.46947
               840           166.667           151.858           1.46783
               841           166.667           151.876           1.46619
               842           166.667           151.893           1.46455
               843           166.667           151.911           1.46292
               844           166.667           151.928           1.46129
               845           166.667           151.946           1.45966
               846           166.667           151.963           1.45804
               847           166.667            151.98           1.45642
               848           166.667           151.998           1.45481
               849           166.667           152.015            1.4532
               850           166.667           152.032           1.45159
               851           166.667            152.05           1.44999
               852           166.667           152.067           1.44839
               853           166.667           152.084           1.44679
               854           166.667           152.101            1.4452
               855           166.667           152.118           1.44361
               856           166.667           152.135           1.44202
               857           166.667           152.152           1.44044
               858           166.667           152.169           1.43886
               859           166.667           152.186           1.43728
               860           166.667           152.202           1.43571
               861           166.667           152.219           1.43414
               862           166.667           152.236           1.43257
               863           166.667           152.253           1.43101
               864           166.667           152.269           1.42945
               865           166.667           152.286            1.4279
               866           166.667           152.303           1.42634
               867           166.667           152.319            1.4248
               868           166.667           152.336           1.42325
               869           166.667           152.352           1.42171
               870           166.667           152.369           1.42017
               871           166.667           152.385           1.41863
               872           166.667           152.402            1.4171
               873           166.667           152.418           1.41557
               874           166.667           152.434           1.41405
               875           166.667            152.45           1.41252
               876           166.667           152.467             1.411
               877           166.667           152.483           1.40949
               878           166.667           152.499           1.40798
               879           166.667           152.515           1.40647
               880           166.667           152.531           1.40496
               881           166.667           152.547           1.40346
               882           166.667           152.563           1.40196
               883           166.667           152.579           1.40046
               884           166.667           152.595           1.39897
               885           166.667           152.611           1.39748
               886           166.667           152.627           1.39599
               887           166.667           152.643            1.3945
               888           166.667           152.659           1.39302
               889           166.667           152.674           1.39155
               890           166.667            152.69           1.39007
               891           166.667           152.706            1.3886
               892           166.667           152.721           1.38713
               893           166.667           152.737           1.38567
               894           166.667           152.753            1.3842
               895           166.667           152.768           1.38274
               896           166.667           152.784           1.38129
               897           166.667           152.799           1.37983
               898           166.667           152.815           1.37838
               899           166.667            152.83           1.37694
               900           166.667           152.845           1.37549
               901           166.667           152.861           1.37405
               902           166.667           152.876           1.37261
               903           166.667           152.891           1.37118
               904           166.667           152.906           1.36975
               905           166.667           152.922           1.36832
               906           166.667           152.937           1.36689
               907           166.667           152.952           1.36547
               908           166.667           152.967           1.36405
               909           166.667           152.982           1.36263
               910           166.667           152.997           1.36122
               911           166.667           153.012            1.3598
               912           166.667           153.027            1.3584
               913           166.667           153.042           1.35699
               914           166.667           153.057           1.35559
               915           166.667           153.072           1.35419
               916           166.667           153.087           1.35279
               917           166.667           153.102            1.3514
               918           166.667           153.116              1.35
               919           166.667           153.131           1.34862
               920           166.667           153.146           1.34723
               921           166.667            153.16           1.34585
               922           166.667           153.175           1.34447
               923           166.667            153.19           1.34309
               924           166.667           153.204           1.34172
               925           166.667           153.219           1.34034
               926           166.667           153.233           1.33898
               927           166.667           153.248           1.33761
               928           166.667           153.262           1.33625
               929           166.667           153.277           1.33489
               930           166.667           153.291           1.33353
               931           166.667           153.306           1.33217
               932           166.667            153.32           1.33082
               933           166.667           153.334           1.32947
               934           166.667           153.348           1.32812
               935           166.667           153.363           1.32678
               936           166.667           153.377           1.32544
               937           166.667           153.391            1.3241
               938           166.667           153.405           1.32276
               939           166.667           153.419           1.32143
               940           166.667           153.433            1.3201
               941           166.667           153.448           1.31877
               942           166.667           153.462           1.31745
               943           166.667           153.476           1.31612
               944           166.667            153.49            1.3148
               945           166.667           153.503           1.31349
               946           166.667           153.517           1.31217
               947           166.667           153.531           1.31086
               948           166.667           153.545           1.30955
               949           166.667           153.559           1.30824
               950           166.667           153.573           1.30694
               951           166.667           153.587           1.30564
               952           166.667             153.6           1.30434
               953           166.667           153.614           1.30304
               954           166.667           153.628           1.30175
               955           166.667           153.641           1.30046
               956           166.667           153.655           1.29917
               957           166.667           153.669           1.29788
               958           166.667           153.682            1.2966
               959           166.667           153.696           1.29532
               960           166.667           153.709           1.29404
               961           166.667           153.723           1.29276
               962           166.667           153.736           1.29149
               963           166.667            153.75           1.29022
               964           166.667           153.763           1.28895
               965           166.667           153.776           1.28768
               966           166.667            153.79           1.28642
               967           166.667           153.803           1.28516
               968           166.667           153.816            1.2839
               969           166.667            153.83           1.28264
               970           166.667           153.843           1.28139
               971           166.667           153.856           1.28013
               972           166.667           153.869           1.27889
               973           166.667           153.882           1.27764
               974           166.667           153.895           1.27639
               975           166.667           153.909           1.27515
               976           166.667           153.922           1.27391
               977           166.667           153.935           1.27268
               978           166.667           153.948           1.27144
               979           166.667           153.961           1.27021
               980           166.667           153.974           1.26898
               981           166.667           153.987           1.26775
               982           166.667           153.999           1.26653
               983           166.667           154.012            1.2653
               984           166.667           154.025           1.26408
               985           166.667           154.038           1.26286
               986           166.667           154.051           1.26165
               987           166.667           154.064           1.26043
               988           166.667           154.076           1.25922
               989           166.667           154.089           1.25801
               990           166.667           154.102           1.25681
               991           166.667           154.114            1.2556
               992           166.667           154.127            1.2544
               993           166.667            154.14            1.2532
               994           166.667           154.152             1.252
               995           166.667           154.165           1.25081
               996           166.667           154.178           1.24962
               997           166.667            154.19           1.24843
               998           166.667           154.203           1.24724
               999           166.667           154.215           1.24605
              1000           166.667           154.227           1.24487
