#     BLOCK:   ACTUAL_TE:    TE_AVE:      ERROR:
                 1             -0.52             -0.52                 0
                 2              -0.6             -0.56         0.0282843
                 3             -0.68              -0.6         0.0377124
                 4             -0.68             -0.62         0.0331662
                 5             -0.76            -0.648         0.0364856
                 6             -0.76         -0.666667         0.0348542
                 7             -0.76             -0.68         0.0323249
                 8             -0.76             -0.69         0.0297909
                 9             -0.84         -0.706667          0.030792
                10             -0.84             -0.72         0.0304631
                11             -0.84         -0.730909         0.0295826
                12             -0.84             -0.74           0.02848
                13             -0.84         -0.747692         0.0273083
                14             -0.84         -0.754286         0.0261416
                15             -0.84             -0.76         0.0250156
                16             -0.84            -0.765         0.0239466
                17             -0.84         -0.769412         0.0229407
                18             -0.84         -0.773333         0.0219989
                19             -0.84         -0.776842          0.021119
                20             -0.84             -0.78         0.0202978
                21             -0.92         -0.786667         0.0203967
                22             -0.92         -0.792727         0.0203501
                23             -0.92         -0.798261         0.0202036
                24             -0.92         -0.803333         0.0199884
                25             -0.92            -0.808         0.0197261
                26             -0.92         -0.812308         0.0194321
                27             -0.92         -0.816296         0.0191173
                28             -0.92             -0.82         0.0187899
                29             -0.92         -0.823448         0.0184557
                30             -0.92         -0.826667         0.0181189
                31             -0.92         -0.829677         0.0177828
                32             -0.92           -0.8325         0.0174497
                33             -0.92         -0.835152         0.0171212
                34             -0.92         -0.837647         0.0167985
                35             -0.92             -0.84         0.0164825
                36             -0.92         -0.842222         0.0161738
                37             -0.92         -0.844324         0.0158727
                38             -0.92         -0.846316         0.0155794
                39             -0.92         -0.848205         0.0152941
                40             -0.92             -0.85         0.0150167
                41             -0.92         -0.851707         0.0147471
                42             -0.92         -0.853333         0.0144854
                43             -0.92         -0.854884         0.0142312
                44             -0.92         -0.856364         0.0139845
                45             -0.92         -0.857778         0.0137451
                46             -0.92          -0.85913         0.0135127
                47             -0.92         -0.860426         0.0132871
                48             -0.92         -0.861667         0.0130681
                49             -0.92         -0.862857         0.0128555
                50             -0.92            -0.864         0.0126491
                51             -0.92         -0.865098         0.0124487
                52             -0.92         -0.866154          0.012254
                53             -0.92          -0.86717         0.0120648
                54             -0.92         -0.868148          0.011881
                55             -0.92         -0.869091         0.0117023
                56             -0.92             -0.87         0.0115286
                57             -0.92         -0.870877         0.0113596
                58             -0.92         -0.871724         0.0111953
                59             -0.92         -0.872542         0.0110354
                60             -0.92         -0.873333         0.0108798
                61             -0.92         -0.874098         0.0107283
                62             -0.92         -0.874839         0.0105808
                63             -0.92         -0.875556         0.0104371
                64             -0.92          -0.87625         0.0102971
                65             -0.92         -0.876923         0.0101607
                66             -0.92         -0.877576         0.0100276
                67             -0.92         -0.878209        0.00989795
                68             -0.92         -0.878824        0.00977146
                69             -0.92          -0.87942        0.00964805
                70             -0.92             -0.88        0.00952762
                71             -0.92         -0.880563        0.00941007
                72             -0.92         -0.881111         0.0092953
                73             -0.92         -0.881644        0.00918322
                74             -0.92         -0.882162        0.00907374
                75             -0.92         -0.882667        0.00896677
                76             -0.92         -0.883158        0.00886223
                77             -0.92         -0.883636        0.00876004
                78             -0.92         -0.884103        0.00866013
                79             -0.92         -0.884557        0.00856242
                80             -0.92            -0.885        0.00846685
                81             -0.92         -0.885432        0.00837334
                82             -0.92         -0.885854        0.00828183
                83             -0.92         -0.886265        0.00819226
                84             -0.92         -0.886667        0.00810457
                85             -0.92         -0.887059         0.0080187
                86             -0.92         -0.887442        0.00793461
                87             -0.92         -0.887816        0.00785222
                88             -0.92         -0.888182        0.00777151
                89             -0.92         -0.888539        0.00769241
                90             -0.92         -0.888889        0.00761487
                91             -0.92         -0.889231        0.00753886
                92             -0.92         -0.889565        0.00746433
                93             -0.92         -0.889892        0.00739124
                94             -0.92         -0.890213        0.00731955
                95                -1         -0.891368        0.00733316
                96                -1           -0.8925        0.00734357
                97                -1         -0.893608        0.00735101
                98                -1         -0.894694        0.00735573
                99                -1         -0.895758        0.00735793
               100                -1           -0.8968        0.00735783
               101                -1         -0.897822        0.00735558
               102                -1         -0.898824        0.00735136
               103                -1         -0.899806        0.00734533
               104                -1         -0.900769        0.00733761
               105                -1         -0.901714        0.00732833
               106                -1         -0.902642        0.00731762
               107                -1         -0.903551        0.00730558
               108                -1         -0.904444        0.00729232
               109                -1         -0.905321        0.00727792
               110                -1         -0.906182        0.00726247
               111                -1         -0.907027        0.00724606
               112                -1         -0.907857        0.00722876
               113                -1         -0.908673        0.00721063
               114                -1         -0.909474        0.00719174
               115                -1         -0.910261        0.00717216
               116                -1         -0.911034        0.00715193
               117                -1         -0.911795        0.00713111
               118                -1         -0.912542        0.00710975
               119                -1         -0.913277        0.00708788
               120                -1            -0.914        0.00706557
               121                -1         -0.914711        0.00704283
               122                -1          -0.91541        0.00701971
               123                -1         -0.916098        0.00699625
               124                -1         -0.916774        0.00697247
               125                -1          -0.91744        0.00694841
               126                -1         -0.918095        0.00692409
               127                -1          -0.91874        0.00689954
               128                -1         -0.919375        0.00687478
               129                -1             -0.92        0.00684984
               130                -1         -0.920615        0.00682473
               131                -1         -0.921221        0.00679949
               132                -1         -0.921818        0.00677412
               133                -1         -0.922406        0.00674864
               134                -1         -0.922985        0.00672307
               135                -1         -0.923556        0.00669743
               136                -1         -0.924118        0.00667173
               137                -1         -0.924672        0.00664599
               138                -1         -0.925217         0.0066202
               139                -1         -0.925755         0.0065944
               140                -1         -0.926286        0.00656859
               141                -1         -0.926809        0.00654277
               142                -1         -0.927324        0.00651697
               143                -1         -0.927832        0.00649118
               144                -1         -0.928333        0.00646542
               145                -1         -0.928828         0.0064397
               146                -1         -0.929315        0.00641402
               147                -1         -0.929796        0.00638838
               148                -1          -0.93027         0.0063628
               149                -1         -0.930738        0.00633729
               150                -1           -0.9312        0.00631184
               151                -1         -0.931656        0.00628646
               152                -1         -0.932105        0.00626116
               153                -1         -0.932549        0.00623594
               154                -1         -0.932987        0.00621081
               155                -1         -0.933419        0.00618577
               156                -1         -0.933846        0.00616083
               157                -1         -0.934268        0.00613598
               158                -1         -0.934684        0.00611123
               159                -1         -0.935094        0.00608659
               160                -1           -0.9355        0.00606205
               161                -1         -0.935901        0.00603762
               162                -1         -0.936296         0.0060133
               163                -1         -0.936687         0.0059891
               164                -1         -0.937073        0.00596501
               165                -1         -0.937455        0.00594104
               166                -1         -0.937831        0.00591718
               167                -1         -0.938204        0.00589345
               168                -1         -0.938571        0.00586984
               169                -1         -0.938935        0.00584635
               170                -1         -0.939294        0.00582298
               171                -1         -0.939649        0.00579974
               172                -1             -0.94        0.00577662
               173                -1         -0.940347        0.00575364
               174                -1          -0.94069        0.00573077
               175                -1         -0.941029        0.00570804
               176                -1         -0.941364        0.00568543
               177                -1         -0.941695        0.00566295
               178                -1         -0.942022        0.00564061
               179                -1         -0.942346        0.00561839
               180                -1         -0.942667         0.0055963
               181                -1         -0.942983        0.00557433
               182                -1         -0.943297         0.0055525
               183                -1         -0.943607         0.0055308
               184                -1         -0.943913        0.00550923
               185                -1         -0.944216        0.00548778
               186                -1         -0.944516        0.00546647
               187                -1         -0.944813        0.00544528
               188                -1         -0.945106        0.00542422
               189                -1         -0.945397        0.00540329
               190                -1         -0.945684        0.00538249
               191                -1         -0.945969        0.00536182
               192                -1          -0.94625        0.00534127
               193                -1         -0.946528        0.00532085
               194                -1         -0.946804        0.00530056
               195                -1         -0.947077        0.00528039
               196                -1         -0.947347        0.00526035
               197                -1         -0.947614        0.00524043
               198                -1         -0.947879        0.00522064
               199                -1         -0.948141        0.00520097
               200                -1           -0.9484        0.00518143
               201                -1         -0.948657        0.00516201
               202                -1         -0.948911        0.00514271
               203                -1         -0.949163        0.00512353
               204                -1         -0.949412        0.00510447
               205                -1         -0.949659        0.00508553
               206                -1         -0.949903        0.00506671
               207                -1         -0.950145        0.00504801
               208                -1         -0.950385        0.00502943
               209                -1         -0.950622        0.00501096
               210                -1         -0.950857        0.00499262
               211                -1          -0.95109        0.00497438
               212                -1         -0.951321        0.00495627
               213                -1         -0.951549        0.00493826
               214                -1         -0.951776        0.00492037
               215                -1            -0.952         0.0049026
               216                -1         -0.952222        0.00488494
               217                -1         -0.952442        0.00486738
               218                -1         -0.952661        0.00484994
               219                -1         -0.952877        0.00483261
               220                -1         -0.953091        0.00481539
               221                -1         -0.953303        0.00479828
               222                -1         -0.953514        0.00478127
               223                -1         -0.953722        0.00476437
               224                -1         -0.953929        0.00474758
               225                -1         -0.954133        0.00473089
               226                -1         -0.954336        0.00471431
               227                -1         -0.954537        0.00469783
               228                -1         -0.954737        0.00468146
               229                -1         -0.954934        0.00466519
               230                -1          -0.95513        0.00464902
               231                -1         -0.955325        0.00463295
               232                -1         -0.955517        0.00461698
               233                -1         -0.955708        0.00460111
               234                -1         -0.955897        0.00458534
               235                -1         -0.956085        0.00456966
               236                -1         -0.956271        0.00455409
               237                -1         -0.956456        0.00453861
               238                -1         -0.956639        0.00452322
               239                -1          -0.95682        0.00450794
               240                -1            -0.957        0.00449274
               241                -1         -0.957178        0.00447764
               242                -1         -0.957355        0.00446263
               243                -1         -0.957531        0.00444772
               244                -1         -0.957705        0.00443289
               245                -1         -0.957878        0.00441816
               246                -1         -0.958049        0.00440352
               247                -1         -0.958219        0.00438896
               248                -1         -0.958387         0.0043745
               249                -1         -0.958554        0.00436012
               250                -1          -0.95872        0.00434583
               251                -1         -0.958884        0.00433163
               252                -1         -0.959048        0.00431751
               253                -1         -0.959209        0.00430348
               254                -1          -0.95937        0.00428953
               255                -1         -0.959529        0.00427567
               256                -1         -0.959688        0.00426189
               257                -1         -0.959844        0.00424819
               258                -1             -0.96        0.00423457
               259                -1         -0.960154        0.00422104
               260                -1         -0.960308        0.00420759
               261                -1          -0.96046        0.00419421
               262                -1         -0.960611        0.00418092
               263                -1          -0.96076         0.0041677
               264                -1         -0.960909        0.00415457
               265                -1         -0.961057        0.00414151
               266                -1         -0.961203        0.00412852
               267                -1         -0.961348        0.00411562
               268                -1         -0.961493        0.00410279
               269                -1         -0.961636        0.00409003
               270                -1         -0.961778        0.00407735
               271                -1         -0.961919        0.00406474
               272                -1         -0.962059        0.00405221
               273                -1         -0.962198        0.00403975
               274                -1         -0.962336        0.00402736
               275                -1         -0.962473        0.00401504
               276                -1         -0.962609         0.0040028
               277                -1         -0.962744        0.00399062
               278                -1         -0.962878        0.00397852
               279                -1         -0.963011        0.00396648
               280                -1         -0.963143        0.00395452
               281                -1         -0.963274        0.00394262
               282                -1         -0.963404        0.00393079
               283                -1         -0.963534        0.00391902
               284                -1         -0.963662        0.00390733
               285                -1         -0.963789         0.0038957
               286                -1         -0.963916        0.00388413
               287                -1         -0.964042        0.00387263
               288                -1         -0.964167         0.0038612
               289                -1         -0.964291        0.00384983
               290                -1         -0.964414        0.00383852
               291                -1         -0.964536        0.00382728
               292                -1         -0.964658         0.0038161
               293                -1         -0.964778        0.00380498
               294                -1         -0.964898        0.00379392
               295                -1         -0.965017        0.00378293
               296                -1         -0.965135        0.00377199
               297                -1         -0.965253        0.00376112
               298                -1         -0.965369         0.0037503
               299                -1         -0.965485        0.00373955
               300                -1           -0.9656        0.00372885
               301                -1         -0.965714        0.00371822
               302                -1         -0.965828        0.00370764
               303                -1         -0.965941        0.00369712
               304                -1         -0.966053        0.00368665
               305                -1         -0.966164        0.00367624
               306                -1         -0.966275        0.00366589
               307                -1         -0.966384         0.0036556
               308                -1         -0.966494        0.00364536
               309                -1         -0.966602        0.00363517
               310                -1          -0.96671        0.00362504
               311                -1         -0.966817        0.00361497
               312                -1         -0.966923        0.00360494
               313                -1         -0.967029        0.00359498
               314                -1         -0.967134        0.00358506
               315                -1         -0.967238         0.0035752
               316                -1         -0.967342        0.00356539
               317                -1         -0.967445        0.00355563
               318                -1         -0.967547        0.00354592
               319                -1         -0.967649        0.00353626
               320                -1          -0.96775        0.00352666
               321                -1          -0.96785         0.0035171
               322                -1          -0.96795        0.00350759
               323                -1          -0.96805        0.00349814
               324                -1         -0.968148        0.00348873
               325                -1         -0.968246        0.00347937
               326                -1         -0.968344        0.00347006
               327                -1          -0.96844         0.0034608
               328                -1         -0.968537        0.00345159
               329                -1         -0.968632        0.00344242
               330                -1         -0.968727         0.0034333
               331                -1         -0.968822        0.00342423
               332                -1         -0.968916         0.0034152
               333                -1         -0.969009        0.00340622
               334                -1         -0.969102        0.00339729
               335                -1         -0.969194         0.0033884
               336                -1         -0.969286        0.00337955
               337                -1         -0.969377        0.00337075
               338                -1         -0.969467          0.003362
               339                -1         -0.969558        0.00335329
               340                -1         -0.969647        0.00334462
               341                -1         -0.969736          0.003336
               342                -1         -0.969825        0.00332742
               343                -1         -0.969913        0.00331888
               344                -1             -0.97        0.00331038
               345                -1         -0.970087        0.00330193
               346                -1         -0.970173        0.00329352
               347                -1         -0.970259        0.00328515
               348                -1         -0.970345        0.00327682
               349                -1          -0.97043        0.00326853
               350                -1         -0.970514        0.00326028
               351                -1         -0.970598        0.00325208
               352                -1         -0.970682        0.00324391
               353                -1         -0.970765        0.00323578
               354                -1         -0.970847         0.0032277
               355                -1          -0.97093        0.00321965
               356                -1         -0.971011        0.00321164
               357                -1         -0.971092        0.00320367
               358                -1         -0.971173        0.00319574
               359                -1         -0.971253        0.00318785
               360                -1         -0.971333        0.00317999
               361                -1         -0.971413        0.00317217
               362                -1         -0.971492        0.00316439
               363                -1          -0.97157        0.00315665
               364                -1         -0.971648        0.00314894
               365                -1         -0.971726        0.00314128
               366                -1         -0.971803        0.00313364
               367                -1          -0.97188        0.00312605
               368                -1         -0.971957        0.00311848
               369                -1         -0.972033        0.00311096
               370                -1         -0.972108        0.00310347
               371                -1         -0.972183        0.00309602
               372                -1         -0.972258         0.0030886
               373                -1         -0.972332        0.00308121
               374                -1         -0.972406        0.00307386
               375                -1          -0.97248        0.00306654
               376                -1         -0.972553        0.00305926
               377                -1         -0.972626        0.00305201
               378                -1         -0.972698         0.0030448
               379                -1          -0.97277        0.00303762
               380                -1         -0.972842        0.00303047
               381                -1         -0.972913        0.00302335
               382                -1         -0.972984        0.00301627
               383                -1         -0.973055        0.00300922
               384                -1         -0.973125         0.0030022
               385                -1         -0.973195        0.00299521
               386                -1         -0.973264        0.00298826
               387                -1         -0.973333        0.00298133
               388                -1         -0.973402        0.00297444
               389                -1          -0.97347        0.00296758
               390                -1         -0.973538        0.00296075
               391                -1         -0.973606        0.00295395
               392                -1         -0.973673        0.00294719
               393                -1          -0.97374        0.00294045
               394                -1         -0.973807        0.00293374
               395                -1         -0.973873        0.00292706
               396                -1         -0.973939        0.00292041
               397                -1         -0.974005        0.00291379
               398                -1          -0.97407        0.00290721
               399                -1         -0.974135        0.00290065
               400                -1           -0.9742        0.00289411
               401                -1         -0.974264        0.00288761
               402                -1         -0.974328        0.00288114
               403                -1         -0.974392        0.00287469
               404                -1         -0.974455        0.00286828
               405                -1         -0.974519        0.00286189
               406                -1         -0.974581        0.00285553
               407                -1         -0.974644        0.00284919
               408                -1         -0.974706        0.00284289
               409                -1         -0.974768        0.00283661
               410                -1         -0.974829        0.00283036
               411                -1         -0.974891        0.00282414
               412                -1         -0.974951        0.00281794
               413                -1         -0.975012        0.00281177
               414                -1         -0.975072        0.00280562
               415                -1         -0.975133        0.00279951
               416                -1         -0.975192        0.00279341
               417                -1         -0.975252        0.00278735
               418                -1         -0.975311        0.00278131
               419                -1          -0.97537         0.0027753
               420                -1         -0.975429        0.00276931
               421                -1         -0.975487        0.00276334
               422                -1         -0.975545        0.00275741
               423                -1         -0.975603        0.00275149
               424                -1          -0.97566        0.00274561
               425                -1         -0.975718        0.00273974
               426                -1         -0.975775         0.0027339
               427                -1         -0.975831        0.00272809
               428                -1         -0.975888         0.0027223
               429                -1         -0.975944        0.00271654
               430                -1            -0.976        0.00271079
               431                -1         -0.976056        0.00270508
               432                -1         -0.976111        0.00269938
               433                -1         -0.976166        0.00269371
               434                -1         -0.976221        0.00268807
               435                -1         -0.976276        0.00268244
               436                -1          -0.97633        0.00267684
               437                -1         -0.976384        0.00267126
               438                -1         -0.976438        0.00266571
               439                -1         -0.976492        0.00266018
               440                -1         -0.976545        0.00265467
               441                -1         -0.976599        0.00264918
               442                -1         -0.976652        0.00264372
               443                -1         -0.976704        0.00263827
               444                -1         -0.976757        0.00263285
               445                -1         -0.976809        0.00262745
               446                -1         -0.976861        0.00262208
               447                -1         -0.976913        0.00261672
               448                -1         -0.976964        0.00261139
               449                -1         -0.977016        0.00260608
               450                -1         -0.977067        0.00260079
               451                -1         -0.977118        0.00259552
               452                -1         -0.977168        0.00259027
               453                -1         -0.977219        0.00258504
               454                -1         -0.977269        0.00257983
               455                -1         -0.977319        0.00257465
               456                -1         -0.977368        0.00256948
               457                -1         -0.977418        0.00256434
               458                -1         -0.977467        0.00255921
               459                -1         -0.977516        0.00255411
               460                -1         -0.977565        0.00254902
               461                -1         -0.977614        0.00254396
               462                -1         -0.977662        0.00253891
               463                -1         -0.977711        0.00253389
               464                -1         -0.977759        0.00252888
               465                -1         -0.977806        0.00252389
               466                -1         -0.977854        0.00251893
               467                -1         -0.977901        0.00251398
               468                -1         -0.977949        0.00250905
               469                -1         -0.977996        0.00250414
               470                -1         -0.978043        0.00249925
               471                -1         -0.978089        0.00249438
               472                -1         -0.978136        0.00248953
               473                -1         -0.978182        0.00248469
               474                -1         -0.978228        0.00247988
               475                -1         -0.978274        0.00247508
               476                -1         -0.978319         0.0024703
               477                -1         -0.978365        0.00246554
               478                -1          -0.97841         0.0024608
               479                -1         -0.978455        0.00245607
               480                -1           -0.9785        0.00245137
               481                -1         -0.978545        0.00244668
               482                -1         -0.978589        0.00244201
               483                -1         -0.978634        0.00243735
               484                -1         -0.978678        0.00243272
               485                -1         -0.978722         0.0024281
               486                -1         -0.978765         0.0024235
               487                -1         -0.978809        0.00241891
               488                -1         -0.978852        0.00241435
               489                -1         -0.978896         0.0024098
               490                -1         -0.978939        0.00240526
               491                -1         -0.978982        0.00240075
               492                -1         -0.979024        0.00239625
               493                -1         -0.979067        0.00239176
               494                -1         -0.979109         0.0023873
               495                -1         -0.979152        0.00238285
               496                -1         -0.979194        0.00237841
               497                -1         -0.979235          0.002374
               498                -1         -0.979277         0.0023696
               499                -1         -0.979319        0.00236521
               500                -1          -0.97936        0.00236084
               501                -1         -0.979401        0.00235649
               502                -1         -0.979442        0.00235215
               503                -1         -0.979483        0.00234783
               504                -1         -0.979524        0.00234353
               505                -1         -0.979564        0.00233924
               506                -1         -0.979605        0.00233496
               507                -1         -0.979645         0.0023307
               508                -1         -0.979685        0.00232646
               509                -1         -0.979725        0.00232223
               510                -1         -0.979765        0.00231802
               511                -1         -0.979804        0.00231382
               512                -1         -0.979844        0.00230964
               513                -1         -0.979883        0.00230547
               514                -1         -0.979922        0.00230132
               515                -1         -0.979961        0.00229718
               516                -1             -0.98        0.00229305
               517                -1         -0.980039        0.00228895
               518                -1         -0.980077        0.00228485
               519                -1         -0.980116        0.00228077
               520                -1         -0.980154        0.00227671
               521                -1         -0.980192        0.00227265
               522                -1          -0.98023        0.00226862
               523                -1         -0.980268        0.00226459
               524                -1         -0.980305        0.00226059
               525                -1         -0.980343        0.00225659
               526                -1          -0.98038        0.00225261
               527                -1         -0.980417        0.00224864
               528                -1         -0.980455        0.00224469
               529                -1         -0.980491        0.00224075
               530                -1         -0.980528        0.00223683
               531                -1         -0.980565        0.00223291
               532                -1         -0.980602        0.00222902
               533                -1         -0.980638        0.00222513
               534                -1         -0.980674        0.00222126
               535                -1          -0.98071         0.0022174
               536                -1         -0.980746        0.00221356
               537                -1         -0.980782        0.00220972
               538                -1         -0.980818        0.00220591
               539                -1         -0.980853         0.0022021
               540                -1         -0.980889        0.00219831
               541                -1         -0.980924        0.00219453
               542                -1         -0.980959        0.00219076
               543                -1         -0.980994        0.00218701
               544                -1         -0.981029        0.00218327
               545                -1         -0.981064        0.00217954
               546                -1         -0.981099        0.00217582
               547                -1         -0.981133        0.00217212
               548                -1         -0.981168        0.00216843
               549                -1         -0.981202        0.00216475
               550                -1         -0.981236        0.00216108
               551                -1          -0.98127        0.00215743
               552                -1         -0.981304        0.00215379
               553                -1         -0.981338        0.00215016
               554                -1         -0.981372        0.00214654
               555                -1         -0.981405        0.00214294
               556                -1         -0.981439        0.00213934
               557                -1         -0.981472        0.00213576
               558                -1         -0.981505        0.00213219
               559                -1         -0.981538        0.00212863
               560                -1         -0.981571        0.00212509
               561                -1         -0.981604        0.00212155
               562                -1         -0.981637        0.00211803
               563                -1          -0.98167        0.00211452
               564                -1         -0.981702        0.00211102
               565                -1         -0.981735        0.00210753
               566                -1         -0.981767        0.00210406
               567                -1         -0.981799        0.00210059
               568                -1         -0.981831        0.00209714
               569                -1         -0.981863        0.00209369
               570                -1         -0.981895        0.00209026
               571                -1         -0.981926        0.00208684
               572                -1         -0.981958        0.00208343
               573                -1          -0.98199        0.00208004
               574                -1         -0.982021        0.00207665
               575                -1         -0.982052        0.00207327
               576                -1         -0.982083        0.00206991
               577                -1         -0.982114        0.00206655
               578                -1         -0.982145        0.00206321
               579                -1         -0.982176        0.00205988
               580                -1         -0.982207        0.00205655
               581                -1         -0.982238        0.00205324
               582                -1         -0.982268        0.00204994
               583                -1         -0.982298        0.00204665
               584                -1         -0.982329        0.00204337
               585                -1         -0.982359         0.0020401
               586                -1         -0.982389        0.00203684
               587                -1         -0.982419        0.00203359
               588                -1         -0.982449        0.00203035
               589                -1         -0.982479        0.00202713
               590                -1         -0.982508        0.00202391
               591                -1         -0.982538         0.0020207
               592                -1         -0.982568         0.0020175
               593                -1         -0.982597        0.00201431
               594                -1         -0.982626        0.00201113
               595                -1         -0.982655        0.00200797
               596                -1         -0.982685        0.00200481
               597                -1         -0.982714        0.00200166
               598                -1         -0.982742        0.00199852
               599                -1         -0.982771        0.00199539
               600                -1           -0.9828        0.00199227
               601                -1         -0.982829        0.00198916
               602                -1         -0.982857        0.00198606
               603                -1         -0.982886        0.00198297
               604                -1         -0.982914        0.00197989
               605                -1         -0.982942        0.00197682
               606                -1          -0.98297        0.00197376
               607                -1         -0.982998        0.00197071
               608                -1         -0.983026        0.00196767
               609                -1         -0.983054        0.00196463
               610                -1         -0.983082        0.00196161
               611                -1          -0.98311        0.00195859
               612                -1         -0.983137        0.00195559
               613                -1         -0.983165        0.00195259
               614                -1         -0.983192         0.0019496
               615                -1          -0.98322        0.00194662
               616                -1         -0.983247        0.00194365
               617                -1         -0.983274        0.00194069
               618                -1         -0.983301        0.00193774
               619                -1         -0.983328         0.0019348
               620                -1         -0.983355        0.00193187
               621                -1         -0.983382        0.00192894
               622                -1         -0.983408        0.00192603
               623                -1         -0.983435        0.00192312
               624                -1         -0.983462        0.00192022
               625                -1         -0.983488        0.00191733
               626                -1         -0.983514        0.00191445
               627                -1         -0.983541        0.00191157
               628                -1         -0.983567        0.00190871
               629                -1         -0.983593        0.00190585
               630                -1         -0.983619        0.00190301
               631                -1         -0.983645        0.00190017
               632                -1         -0.983671        0.00189734
               633                -1         -0.983697        0.00189452
               634                -1         -0.983722         0.0018917
               635                -1         -0.983748         0.0018889
               636                -1         -0.983774         0.0018861
               637                -1         -0.983799        0.00188331
               638                -1         -0.983824        0.00188053
               639                -1          -0.98385        0.00187776
               640                -1         -0.983875        0.00187499
               641                -1           -0.9839        0.00187224
               642                -1         -0.983925        0.00186949
               643                -1          -0.98395        0.00186675
               644                -1         -0.983975        0.00186402
               645                -1            -0.984        0.00186129
               646                -1         -0.984025        0.00185858
               647                -1         -0.984049        0.00185587
               648                -1         -0.984074        0.00185317
               649                -1         -0.984099        0.00185047
               650                -1         -0.984123        0.00184779
               651                -1         -0.984147        0.00184511
               652                -1         -0.984172        0.00184244
               653                -1         -0.984196        0.00183978
               654                -1          -0.98422        0.00183712
               655                -1         -0.984244        0.00183448
               656                -1         -0.984268        0.00183184
               657                -1         -0.984292        0.00182921
               658                -1         -0.984316        0.00182658
               659                -1          -0.98434        0.00182397
               660                -1         -0.984364        0.00182136
               661                -1         -0.984387        0.00181875
               662                -1         -0.984411        0.00181616
               663                -1         -0.984434        0.00181357
               664                -1         -0.984458        0.00181099
               665                -1         -0.984481        0.00180842
               666                -1         -0.984505        0.00180586
               667                -1         -0.984528         0.0018033
               668                -1         -0.984551        0.00180075
               669                -1         -0.984574         0.0017982
               670                -1         -0.984597        0.00179567
               671                -1          -0.98462        0.00179314
               672                -1         -0.984643        0.00179061
               673                -1         -0.984666         0.0017881
               674                -1         -0.984688        0.00178559
               675                -1         -0.984711        0.00178309
               676                -1         -0.984734         0.0017806
               677                -1         -0.984756        0.00177811
               678                -1         -0.984779        0.00177563
               679                -1         -0.984801        0.00177315
               680                -1         -0.984824        0.00177069
               681                -1         -0.984846        0.00176823
               682                -1         -0.984868        0.00176577
               683                -1          -0.98489        0.00176333
               684                -1         -0.984912        0.00176089
               685                -1         -0.984934        0.00175846
               686                -1         -0.984956        0.00175603
               687                -1         -0.984978        0.00175361
               688                -1            -0.985         0.0017512
               689                -1         -0.985022        0.00174879
               690                -1         -0.985043        0.00174639
               691                -1         -0.985065          0.001744
               692                -1         -0.985087        0.00174161
               693                -1         -0.985108        0.00173923
               694                -1          -0.98513        0.00173686
               695                -1         -0.985151        0.00173449
               696                -1         -0.985172        0.00173213
               697                -1         -0.985194        0.00172977
               698                -1         -0.985215        0.00172743
               699                -1         -0.985236        0.00172508
               700                -1         -0.985257        0.00172275
               701                -1         -0.985278        0.00172042
               702                -1         -0.985299         0.0017181
               703                -1          -0.98532        0.00171578
               704                -1         -0.985341        0.00171347
               705                -1         -0.985362        0.00171117
               706                -1         -0.985382        0.00170887
               707                -1         -0.985403        0.00170658
               708                -1         -0.985424        0.00170429
               709                -1         -0.985444        0.00170201
               710                -1         -0.985465        0.00169974
               711                -1         -0.985485        0.00169747
               712                -1         -0.985506        0.00169521
               713                -1         -0.985526        0.00169295
               714                -1         -0.985546         0.0016907
               715                -1         -0.985566        0.00168846
               716                -1         -0.985587        0.00168622
               717                -1         -0.985607        0.00168399
               718                -1         -0.985627        0.00168176
               719                -1         -0.985647        0.00167954
               720                -1         -0.985667        0.00167733
               721                -1         -0.985687        0.00167512
               722                -1         -0.985706        0.00167292
               723                -1         -0.985726        0.00167072
               724                -1         -0.985746        0.00166853
               725                -1         -0.985766        0.00166634
               726                -1         -0.985785        0.00166416
               727                -1         -0.985805        0.00166199
               728                -1         -0.985824        0.00165982
               729                -1         -0.985844        0.00165766
               730                -1         -0.985863         0.0016555
               731                -1         -0.985882        0.00165335
               732                -1         -0.985902         0.0016512
               733                -1         -0.985921        0.00164906
               734                -1          -0.98594        0.00164693
               735                -1         -0.985959         0.0016448
               736                -1         -0.985978        0.00164267
               737                -1         -0.985997        0.00164055
               738                -1         -0.986016        0.00163844
               739                -1         -0.986035        0.00163633
               740                -1         -0.986054        0.00163423
               741                -1         -0.986073        0.00163213
               742                -1         -0.986092        0.00163004
               743                -1          -0.98611        0.00162795
               744                -1         -0.986129        0.00162587
               745                -1         -0.986148         0.0016238
               746                -1         -0.986166        0.00162173
               747                -1         -0.986185        0.00161966
               748                -1         -0.986203         0.0016176
               749                -1         -0.986222        0.00161555
               750                -1          -0.98624         0.0016135
               751                -1         -0.986258        0.00161145
               752                -1         -0.986277        0.00160941
               753                -1         -0.986295        0.00160738
               754                -1         -0.986313        0.00160535
               755                -1         -0.986331        0.00160333
               756                -1         -0.986349        0.00160131
               757                -1         -0.986367        0.00159929
               758                -1         -0.986385        0.00159728
               759                -1         -0.986403        0.00159528
               760                -1         -0.986421        0.00159328
               761                -1         -0.986439        0.00159129
               762                -1         -0.986457         0.0015893
               763                -1         -0.986474        0.00158732
               764                -1         -0.986492        0.00158534
               765                -1          -0.98651        0.00158336
               766                -1         -0.986527        0.00158139
               767                -1         -0.986545        0.00157943
               768                -1         -0.986563        0.00157747
               769                -1          -0.98658        0.00157552
               770                -1         -0.986597        0.00157357
               771                -1         -0.986615        0.00157162
               772                -1         -0.986632        0.00156968
               773                -1         -0.986649        0.00156775
               774                -1         -0.986667        0.00156581
               775                -1         -0.986684        0.00156389
               776                -1         -0.986701        0.00156197
               777                -1         -0.986718        0.00156005
               778                -1         -0.986735        0.00155814
               779                -1         -0.986752        0.00155623
               780                -1         -0.986769        0.00155433
               781                -1         -0.986786        0.00155243
               782                -1         -0.986803        0.00155054
               783                -1          -0.98682        0.00154865
               784                -1         -0.986837        0.00154677
               785                -1         -0.986854        0.00154489
               786                -1          -0.98687        0.00154301
               787                -1         -0.986887        0.00154114
               788                -1         -0.986904        0.00153928
               789                -1          -0.98692        0.00153741
               790                -1         -0.986937        0.00153556
               791                -1         -0.986953         0.0015337
               792                -1          -0.98697        0.00153186
               793                -1         -0.986986        0.00153001
               794                -1         -0.987003        0.00152817
               795                -1         -0.987019        0.00152634
               796                -1         -0.987035        0.00152451
               797                -1         -0.987051        0.00152268
               798                -1         -0.987068        0.00152086
               799                -1         -0.987084        0.00151904
               800                -1           -0.9871        0.00151723
               801                -1         -0.987116        0.00151542
               802                -1         -0.987132        0.00151362
               803                -1         -0.987148        0.00151182
               804                -1         -0.987164        0.00151002
               805                -1          -0.98718        0.00150823
               806                -1         -0.987196        0.00150644
               807                -1         -0.987212        0.00150466
               808                -1         -0.987228        0.00150288
               809                -1         -0.987244        0.00150111
               810                -1         -0.987259        0.00149933
               811                -1         -0.987275        0.00149757
               812                -1         -0.987291        0.00149581
               813                -1         -0.987306        0.00149405
               814                -1         -0.987322        0.00149229
               815                -1         -0.987337        0.00149054
               816                -1         -0.987353         0.0014888
               817                -1         -0.987368        0.00148706
               818                -1         -0.987384        0.00148532
               819                -1         -0.987399        0.00148358
               820                -1         -0.987415        0.00148185
               821                -1          -0.98743        0.00148013
               822                -1         -0.987445        0.00147841
               823                -1         -0.987461        0.00147669
               824                -1         -0.987476        0.00147498
               825                -1         -0.987491        0.00147327
               826                -1         -0.987506        0.00147156
               827                -1         -0.987521        0.00146986
               828                -1         -0.987536        0.00146816
               829                -1         -0.987551        0.00146647
               830                -1         -0.987566        0.00146478
               831                -1         -0.987581        0.00146309
               832                -1         -0.987596        0.00146141
               833                -1         -0.987611        0.00145973
               834                -1         -0.987626        0.00145805
               835                -1         -0.987641        0.00145638
               836                -1         -0.987656        0.00145472
               837                -1          -0.98767        0.00145305
               838                -1         -0.987685        0.00145139
               839                -1           -0.9877        0.00144974
               840                -1         -0.987714        0.00144809
               841                -1         -0.987729        0.00144644
               842                -1         -0.987743        0.00144479
               843                -1         -0.987758        0.00144315
               844                -1         -0.987773        0.00144152
               845                -1         -0.987787        0.00143988
               846                -1         -0.987801        0.00143825
               847                -1         -0.987816        0.00143663
               848                -1          -0.98783        0.00143501
               849                -1         -0.987845        0.00143339
               850                -1         -0.987859        0.00143177
               851                -1         -0.987873        0.00143016
               852                -1         -0.987887        0.00142855
               853                -1         -0.987902        0.00142695
               854                -1         -0.987916        0.00142535
               855                -1          -0.98793        0.00142375
               856                -1         -0.987944        0.00142216
               857                -1         -0.987958        0.00142057
               858                -1         -0.987972        0.00141898
               859                -1         -0.987986         0.0014174
               860                -1            -0.988        0.00141582
               861                -1         -0.988014        0.00141424
               862                -1         -0.988028        0.00141267
               863                -1         -0.988042         0.0014111
               864                -1         -0.988056        0.00140954
               865                -1         -0.988069        0.00140797
               866                -1         -0.988083        0.00140642
               867                -1         -0.988097        0.00140486
               868                -1         -0.988111        0.00140331
               869                -1         -0.988124        0.00140176
               870                -1         -0.988138        0.00140022
               871                -1         -0.988152        0.00139868
               872                -1         -0.988165        0.00139714
               873                -1         -0.988179         0.0013956
               874                -1         -0.988192        0.00139407
               875                -1         -0.988206        0.00139254
               876                -1         -0.988219        0.00139102
               877                -1         -0.988233         0.0013895
               878                -1         -0.988246        0.00138798
               879                -1         -0.988259        0.00138647
               880                -1         -0.988273        0.00138495
               881                -1         -0.988286        0.00138345
               882                -1         -0.988299        0.00138194
               883                -1         -0.988313        0.00138044
               884                -1         -0.988326        0.00137894
               885                -1         -0.988339        0.00137745
               886                -1         -0.988352        0.00137595
               887                -1         -0.988365        0.00137447
               888                -1         -0.988378        0.00137298
               889                -1         -0.988391         0.0013715
               890                -1         -0.988404        0.00137002
               891                -1         -0.988418        0.00136854
               892                -1          -0.98843        0.00136707
               893                -1         -0.988443         0.0013656
               894                -1         -0.988456        0.00136414
               895                -1         -0.988469        0.00136267
               896                -1         -0.988482        0.00136121
               897                -1         -0.988495        0.00135975
               898                -1         -0.988508         0.0013583
               899                -1         -0.988521        0.00135685
               900                -1         -0.988533         0.0013554
               901                -1         -0.988546        0.00135396
               902                -1         -0.988559        0.00135252
               903                -1         -0.988571        0.00135108
               904                -1         -0.988584        0.00134964
               905                -1         -0.988597        0.00134821
               906                -1         -0.988609        0.00134678
               907                -1         -0.988622        0.00134535
               908                -1         -0.988634        0.00134393
               909                -1         -0.988647        0.00134251
               910                -1         -0.988659        0.00134109
               911                -1         -0.988672        0.00133968
               912                -1         -0.988684        0.00133827
               913                -1         -0.988697        0.00133686
               914                -1         -0.988709        0.00133545
               915                -1         -0.988721        0.00133405
               916                -1         -0.988734        0.00133265
               917                -1         -0.988746        0.00133126
               918                -1         -0.988758        0.00132986
               919                -1          -0.98877        0.00132847
               920                -1         -0.988783        0.00132708
               921                -1         -0.988795         0.0013257
               922                -1         -0.988807        0.00132432
               923                -1         -0.988819        0.00132294
               924                -1         -0.988831        0.00132156
               925                -1         -0.988843        0.00132019
               926                -1         -0.988855        0.00131882
               927                -1         -0.988867        0.00131745
               928                -1         -0.988879        0.00131608
               929                -1         -0.988891        0.00131472
               930                -1         -0.988903        0.00131336
               931                -1         -0.988915          0.001312
               932                -1         -0.988927        0.00131065
               933                -1         -0.988939         0.0013093
               934                -1         -0.988951        0.00130795
               935                -1         -0.988963        0.00130661
               936                -1         -0.988974        0.00130526
               937                -1         -0.988986        0.00130392
               938                -1         -0.988998        0.00130259
               939                -1          -0.98901        0.00130125
               940                -1         -0.989021        0.00129992
               941                -1         -0.989033        0.00129859
               942                -1         -0.989045        0.00129726
               943                -1         -0.989056        0.00129594
               944                -1         -0.989068        0.00129462
               945                -1         -0.989079         0.0012933
               946                -1         -0.989091        0.00129199
               947                -1         -0.989102        0.00129067
               948                -1         -0.989114        0.00128936
               949                -1         -0.989125        0.00128805
               950                -1         -0.989137        0.00128675
               951                -1         -0.989148        0.00128545
               952                -1          -0.98916        0.00128415
               953                -1         -0.989171        0.00128285
               954                -1         -0.989182        0.00128156
               955                -1         -0.989194        0.00128026
               956                -1         -0.989205        0.00127898
               957                -1         -0.989216        0.00127769
               958                -1         -0.989228         0.0012764
               959                -1         -0.989239        0.00127512
               960                -1          -0.98925        0.00127384
               961                -1         -0.989261        0.00127257
               962                -1         -0.989272        0.00127129
               963                -1         -0.989283        0.00127002
               964                -1         -0.989295        0.00126875
               965                -1         -0.989306        0.00126749
               966                -1         -0.989317        0.00126622
               967                -1         -0.989328        0.00126496
               968                -1         -0.989339         0.0012637
               969                -1          -0.98935        0.00126245
               970                -1         -0.989361        0.00126119
               971                -1         -0.989372        0.00125994
               972                -1         -0.989383        0.00125869
               973                -1         -0.989394        0.00125745
               974                -1         -0.989405         0.0012562
               975                -1         -0.989415        0.00125496
               976                -1         -0.989426        0.00125372
               977                -1         -0.989437        0.00125249
               978                -1         -0.989448        0.00125125
               979                -1         -0.989459        0.00125002
               980                -1         -0.989469        0.00124879
               981                -1          -0.98948        0.00124756
               982                -1         -0.989491        0.00124634
               983                -1         -0.989502        0.00124512
               984                -1         -0.989512         0.0012439
               985                -1         -0.989523        0.00124268
               986                -1         -0.989533        0.00124147
               987                -1         -0.989544        0.00124025
               988                -1         -0.989555        0.00123904
               989                -1         -0.989565        0.00123784
               990                -1         -0.989576        0.00123663
               991                -1         -0.989586        0.00123543
               992                -1         -0.989597        0.00123423
               993                -1         -0.989607        0.00123303
               994                -1         -0.989618        0.00123183
               995                -1         -0.989628        0.00123064
               996                -1         -0.989639        0.00122945
               997                -1         -0.989649        0.00122826
               998                -1         -0.989659        0.00122707
               999                -1          -0.98967        0.00122589
              1000                -1          -0.98968         0.0012247
