                 0                 0                 0                 0
         0.0256496                 0                 0                 0
         0.0512993                 0                 0                 0
         0.0769489                 0                 0                 0
          0.102599                 0                 0                 0
          0.128248                 0                 0                 0
          0.153898                 0                 0                 0
          0.179547                 0                 0                 0
          0.205197                 0                 0                 0
          0.230847                 0                 0                 0
          0.256496                 0                 0                 0
          0.282146                 0                 0                 0
          0.307796                 0                 0                 0
          0.333445                 0                 0                 0
          0.359095                 0                 0                 0
          0.384745                 0                 0                 0
          0.410394                 0                 0                 0
          0.436044                 0                 0                 0
          0.461694                 0                 0                 0
          0.487343                 0                 0                 0
          0.512993                 0                 0                 0
          0.538642                 0                 0                 0
          0.564292                 0                 0                 0
          0.589942                 0                 0                 0
          0.615591                 0                 0                 0
          0.641241                 0                 0                 0
          0.666891                 0                 0                 0
           0.69254                 0                 0                 0
           0.71819                 0                 0                 0
           0.74384                 0                 0                 0
          0.769489                 0                 0                 0
          0.795139                 0                 0                 0
          0.820788                 0                 0                 0
          0.846438                 0                 0                 0
          0.872088                 0           0.00882        0.00154249
          0.897737             0.272             0.319         0.0103666
          0.923387             2.666           2.90374         0.0352161
          0.949037            12.014            12.091         0.0643786
          0.974686            31.758           29.8209          0.114613
           1.00034             52.85           51.5355          0.167736
           1.02599            70.352           70.2055          0.193314
           1.05164            81.066           82.1643           0.22859
           1.07728            82.776           86.9385          0.200248
           1.10293            80.908            86.167          0.212601
           1.12858             79.78           82.0687          0.244844
           1.15423            75.532           76.8263          0.222114
           1.17988            74.072           70.8738          0.190904
           1.20553            67.752           65.5085          0.227544
           1.23118             62.61           60.6247          0.254776
           1.25683            55.742              56.3          0.229874
           1.28248            50.416           52.3662          0.205338
           1.30813            49.624           49.4766          0.192152
           1.33378            49.168            47.137          0.209106
           1.35943            49.062           45.1727          0.189666
           1.38508             45.67           43.6376          0.154712
           1.41073            43.132           42.7468           0.19428
           1.43638            44.518           42.4585          0.200425
           1.46203            43.722           42.0652          0.188138
           1.48768            43.844            42.684          0.180063
           1.51333            43.622            43.508          0.205907
           1.53898            44.146           44.7154          0.226604
           1.56463             46.05           45.8715          0.200796
           1.59028            45.688           47.6747           0.19882
           1.61593            48.202           50.1128          0.208091
           1.64158            50.638           52.7674          0.208732
           1.66723            54.592           56.0385          0.213779
           1.69288            60.532           60.0044          0.195324
           1.71853            65.246           64.3452          0.216121
           1.74418            68.788           69.8961          0.255671
           1.76983            75.708           75.6039          0.243037
           1.79547            81.508           81.4243          0.297523
           1.82112            85.644           87.6125          0.298432
           1.84677            93.862           93.7424             0.323
           1.87242            99.446           100.783          0.320015
           1.89807           105.284           107.817          0.323817
           1.92372           115.208           114.816          0.285603
           1.94937            123.79            121.97          0.302063
           1.97502            131.95           128.358          0.279361
           2.00067           137.944           134.629           0.33308
           2.02632           144.466           140.569          0.379441
           2.05197            145.27           145.753          0.388761
           2.07762           150.858           150.112          0.326809
           2.10327           155.982           152.502          0.375902
           2.12892           154.968           153.773           0.35527
           2.15457           147.712           154.424          0.378781
           2.18022           150.348            154.81          0.344946
           2.20587           149.778           154.803          0.380551
           2.23152           156.074           154.224          0.419457
           2.25717           154.164           152.696          0.357422
           2.28282           154.574           151.747          0.412102
           2.30847           152.784           151.287          0.356462
           2.33412           156.486           151.201          0.351446
           2.35977           153.572           150.993          0.344277
           2.38542           149.832           150.338          0.369486
           2.41107           148.864           150.139          0.397144
           2.43672           151.246           150.726          0.392828
           2.46237           151.146           152.355          0.381004
           2.48802           150.584            154.61          0.391472
           2.51366           152.594           157.266          0.402236
           2.53931           158.702            160.46          0.390841
