#     BLOCK:   ACTUAL_M:     M_AVE:       ERROR:
                 1              0.56              0.56                 0
                 2              0.28              0.42         0.0989949
                 3              0.48              0.44         0.0679869
                 4              0.32              0.41         0.0572276
                 5              0.24             0.376         0.0549618
                 6              0.32          0.366667         0.0465872
                 7              0.28          0.354286         0.0415445
                 8               0.2             0.335         0.0405817
                 9               0.2              0.32         0.0387458
                10               0.2             0.308         0.0366824
                11              0.24          0.301818         0.0338645
                12              0.24          0.296667         0.0314319
                13              0.32          0.298462         0.0290652
                14              0.52          0.314286         0.0309989
                15              0.56          0.330667         0.0329777
                16              0.52            0.3425         0.0329713
                17              0.52          0.352941         0.0326432
                18               0.4          0.355556         0.0309342
                19               0.4          0.357895         0.0293944
                20              0.48             0.364         0.0285517
                21               0.6          0.375238         0.0293205
                22              0.64          0.387273         0.0303573
                23              0.44          0.389565         0.0291238
                24               0.4              0.39         0.0279136
                25               0.4            0.3904         0.0267999
                26               0.2          0.383077         0.0267509
                27              0.28          0.379259         0.0260311
                28              0.24          0.374286         0.0255722
                29              0.24          0.369655         0.0251061
                30              0.32             0.368         0.0243237
                31              0.36          0.367742         0.0235405
                32              0.36            0.3675         0.0228061
                33              0.28          0.364848         0.0222686
                34              0.44          0.367059         0.0217231
                35              0.36          0.366857         0.0211033
                36              0.36          0.366667          0.020518
                37              0.44          0.368649         0.0200589
                38              0.44          0.370526         0.0196188
                39              0.36          0.370256         0.0191176
                40              0.32             0.369         0.0186809
                41               0.4          0.369756         0.0182405
                42              0.44          0.371429         0.0178827
                43              0.52          0.374884         0.0177975
                44              0.56          0.379091         0.0178834
                45              0.56          0.383111         0.0179322
                46              0.56          0.386957         0.0179499
                47              0.84          0.396596         0.0199893
                48              0.88          0.406667         0.0219638
                49              0.88          0.416327         0.0235441
                50              0.92            0.4264          0.025136
                51               0.8          0.433725         0.0256885
                52              0.84          0.441538         0.0263558
                53              0.84          0.449057         0.0269095
                54               0.8          0.455556         0.0271846
                55              0.88          0.463273         0.0277641
                56              0.88          0.470714          0.028248
                57               0.8          0.476491          0.028337
                58              0.84          0.482759         0.0285331
                59              0.84          0.488814         0.0286847
                60              0.88          0.495333         0.0289381
                61              0.92          0.502295         0.0292892
                62              0.96          0.509677         0.0297326
                63              0.92           0.51619         0.0299655
                64                 1           0.52375         0.0304359
                65                 1          0.531077         0.0308369
                66                 1          0.538182         0.0311775
                67              0.88          0.543284         0.0311267
                68              0.84          0.547647         0.0309733
                69              0.72          0.550145          0.030625
                70               0.8          0.553714         0.0303948
                71              0.72          0.556056         0.0300568
                72              0.64          0.557222         0.0296619
                73              0.52          0.556712           0.02926
                74               0.6          0.557297         0.0288704
                75               0.6          0.557867         0.0284911
                76              0.68          0.559474         0.0281615
                77               0.8          0.562597         0.0279685
                78              0.76          0.565128         0.0277242
                79              0.68          0.566582         0.0274114
                80               0.6             0.567         0.0270719
                81              0.56          0.566914         0.0267378
                82              0.52          0.566341         0.0264179
                83               0.6          0.566747         0.0261027
                84              0.52           0.56619         0.0257979
                85              0.64          0.567059          0.025509
                86              0.84          0.570233          0.025409
                87               0.8          0.572874         0.0252538
                88              0.52          0.572273          0.024974
                89              0.48          0.571236         0.0247149
                90              0.52          0.570667         0.0244469
                91              0.44          0.569231         0.0242204
                92              0.28          0.566087         0.0241603
                93              0.28          0.563011         0.0240955
                94              0.28              0.56         0.0240265
                95               0.4          0.558316         0.0238326
                96              0.28          0.555417           0.02376
                97              0.36          0.553402         0.0236003
                98              0.36          0.551429         0.0234419
                99              0.44          0.550303         0.0232321
               100               0.2            0.5468         0.0232624
               101              0.16           0.54297         0.0233452
               102              0.12          0.538824         0.0234817
               103             -0.04          0.533204         0.0239167
               104              0.04          0.528462         0.0241523
               105              0.12          0.524571         0.0242336
               106                 0          0.519623          0.024505
               107             -0.04          0.514393         0.0248279
               108             -0.12          0.508519         0.0252833
               109             -0.12          0.502752         0.0257005
               110             -0.12          0.497091         0.0260829
               111             -0.08          0.491892          0.026361
               112             -0.28             0.485         0.0270115
               113              -0.2          0.478938         0.0274443
               114             -0.12          0.473684         0.0277019
               115             -0.08           0.46887         0.0278762
               116             -0.24          0.462759         0.0282978
               117             -0.28           0.45641         0.0287592
               118              -0.2          0.450847         0.0290485
               119             -0.16          0.445714         0.0292545
               120             -0.04          0.441667         0.0292893
               121             -0.16          0.436694         0.0294663
               122             -0.16          0.431803         0.0296279
               123              0.04          0.428618         0.0295578
               124                 0          0.425161         0.0295209
               125                 0           0.42176           0.02948
               126              0.04           0.41873         0.0294013
               127              0.16          0.416693         0.0292403
               128              0.16          0.414688         0.0290805
               129              0.12          0.412403         0.0289447
               130              0.12          0.410154         0.0288093
               131             -0.04          0.406718         0.0287936
               132              0.24          0.405455         0.0286031
               133              0.36          0.405113         0.0283901
               134              0.24          0.403881          0.028205
               135              0.28          0.402963          0.028011
               136              0.28          0.402059         0.0278196
               137              0.28          0.401168         0.0276308
               138              0.36           0.40087         0.0274322
               139               0.4          0.400863         0.0272348
               140              0.44          0.401143         0.0270417
               141              0.36          0.400851         0.0268515
               142              0.28               0.4         0.0266759
               143              0.28          0.399161         0.0265026
               144              0.28          0.398333         0.0263314
               145               0.2          0.396966         0.0261853
               146              0.32          0.396438         0.0260113
               147              0.32          0.395918         0.0258396
               148               0.4          0.395946          0.025665
               149              0.24          0.394899         0.0255141
               150              0.04          0.392533         0.0254534
               151              0.04          0.390199         0.0253917
               152                 0          0.387632         0.0253541
               153             -0.08          0.384575         0.0253719
               154              -0.2          0.380779         0.0254896
               155             -0.12          0.377548          0.025529
               156             -0.24           0.37359         0.0256705
               157                 0           0.37121          0.025617
               158              0.12           0.36962         0.0255042
               159              0.32          0.369308         0.0253457
               160               0.2           0.36825         0.0252094
               161               0.2          0.367205         0.0250744
               162               0.2          0.366173         0.0249409
               163               0.2          0.365153         0.0248087
               164              0.12          0.363659         0.0247024
               165              0.04          0.361697         0.0246305
               166              0.04          0.359759         0.0245582
               167              0.04          0.357844         0.0244857
               168              0.04          0.355952         0.0244129
               169              0.16          0.354793          0.024296
               170               0.2          0.353882         0.0241701
               171              0.16          0.352749         0.0240554
               172              0.12          0.351395         0.0239535
               173              0.08          0.349827         0.0238664
               174              0.04          0.348046         0.0237956
               175                 0          0.346057         0.0237426
               176               0.2          0.345227         0.0236221
               177              0.28          0.344859         0.0234916
               178              0.32          0.344719           0.02336
               179              0.16          0.343687         0.0232523
               180              0.12          0.342444         0.0231563
               181               0.2          0.341657         0.0230417
               182              0.16          0.340659         0.0229367
               183             -0.04          0.338579         0.0229055
               184              0.08          0.337174         0.0228241
               185              0.08          0.335784          0.022743
               186              0.16          0.334839         0.0226404
               187              0.12           0.33369         0.0225484
               188                 0          0.331915         0.0224982
               189                 0          0.330159         0.0224476
               190              0.16          0.329263         0.0223474
               191              0.08          0.327958         0.0222684
               192              0.32          0.327917         0.0221525
               193              0.24          0.327461         0.0220424
               194              0.16          0.326598         0.0219457
               195              0.16          0.325744         0.0218497
               196               0.2          0.325102         0.0217477
               197              0.04          0.323655         0.0216854
               198              0.12          0.322626         0.0216002
               199             -0.12          0.320402         0.0216059
               200             -0.04            0.3186         0.0215729
               201                 0          0.317015         0.0215237
               202              0.16          0.316238         0.0214312
               203              0.24          0.315862         0.0213289
               204              0.12          0.314902          0.021246
               205              0.28          0.314732          0.021143
               206              0.16          0.313981         0.0210537
               207              0.24          0.313623          0.020955
               208              0.32          0.313654         0.0208543
               209              0.08          0.312536         0.0207845
               210              0.24           0.31219         0.0206884
               211              0.08           0.31109         0.0206196
               212              0.04          0.309811         0.0205619
               213              0.12           0.30892         0.0204847
               214             -0.04           0.30729         0.0204538
               215              -0.2           0.30493         0.0204943
               216              -0.4          0.301667         0.0206576
               217             -0.36          0.298618         0.0207862
               218             -0.32           0.29578         0.0208837
               219             -0.32          0.292968         0.0209767
               220             -0.36              0.29         0.0210903
               221             -0.48          0.286516         0.0212807
               222             -0.52          0.282883         0.0214927
               223             -0.44          0.279641         0.0216394
               224             -0.48           0.27625          0.021807
               225              -0.4          0.273244         0.0219162
               226             -0.24          0.270973         0.0219365
               227             -0.16          0.269075         0.0219219
               228             -0.24          0.266842         0.0219392
               229              -0.2          0.264803         0.0219379
               230             -0.36          0.262087         0.0220101
               231              -0.4          0.259221         0.0221006
               232             -0.48          0.256034         0.0222338
               233             -0.48          0.252876         0.0223617
               234             -0.64           0.24906         0.0225893
               235             -0.68          0.245106         0.0228365
               236              -0.8          0.240678         0.0231652
               237              -0.8          0.236287         0.0234799
               238             -0.68          0.232437         0.0236948
               239             -0.84           0.22795         0.0240168
               240             -0.96             0.223         0.0244214
               241             -0.92          0.218257         0.0247764
               242             -0.84          0.213884         0.0250569
               243             -0.92          0.209218         0.0253846
               244             -0.88          0.204754           0.02567
               245                -1          0.199837          0.026032
               246                -1          0.194959         0.0263791
               247                -1          0.190121         0.0267123
               248                -1          0.185323         0.0270322
               249                -1          0.180562         0.0273396
               250             -0.96             0.176         0.0276082
               251                -1          0.171315          0.027893
               252                -1          0.166667         0.0281669
               253                -1          0.162055         0.0284305
               254                -1           0.15748         0.0286843
               255             -0.96          0.153098         0.0289047
               256                -1          0.148594         0.0291406
               257             -0.96           0.14428         0.0293447
               258              -0.8           0.14062         0.0294584
               259              -0.8          0.136988         0.0295676
               260             -0.88          0.133077         0.0297115
               261             -0.76          0.129655         0.0297941
               262             -0.64          0.126718         0.0298248
               263             -0.56          0.124106         0.0298255
               264             -0.56          0.121515         0.0298249
               265             -0.36          0.119698         0.0297676
               266             -0.52          0.117293         0.0297527
               267             -0.68          0.114307         0.0297907
               268             -0.56          0.111791         0.0297856
               269              -0.6          0.109145         0.0297922
               270             -0.68          0.106222         0.0298249
               271              -0.8          0.102878         0.0299017
               272              -0.8         0.0995588         0.0299755
               273             -0.64         0.0968498         0.0299878
               274             -0.72         0.0938686         0.0300262
               275             -0.72         0.0909091         0.0300625
               276             -0.68         0.0881159         0.0300831
               277              -0.8         0.0849097         0.0301448
               278             -0.84         0.0815827         0.0302194
               279             -0.84         0.0782796         0.0302911
               280              -0.8         0.0751429         0.0303449
               281             -0.68         0.0724555         0.0303557
               282              -0.6         0.0700709         0.0303416
               283              -0.6         0.0677032         0.0303266
               284             -0.52         0.0656338         0.0302903
               285             -0.48         0.0637193         0.0302445
               286             -0.48         0.0618182         0.0301984
               287             -0.56         0.0596516         0.0301708
               288             -0.44         0.0579167         0.0301159
               289             -0.36         0.0564706         0.0300464
               290             -0.36         0.0550345         0.0299771
               291              -0.4         0.0534708         0.0299148
               292             -0.52         0.0515068         0.0298768
               293             -0.72         0.0488737         0.0298906
               294             -0.64         0.0465306         0.0298806
               295             -0.52         0.0446102          0.029841
               296             -0.48         0.0428378         0.0297928
               297             -0.48         0.0410774         0.0297444
               298              -0.6         0.0389262         0.0297223
               299             -0.56         0.0369231         0.0296903
               300             -0.72            0.0344         0.0296984
               301             -0.72         0.0318937         0.0297053
               302             -0.76         0.0292715         0.0297224
               303              -0.6         0.0271947         0.0296968
               304              -0.6         0.0251316         0.0296707
               305             -0.52         0.0233443         0.0296272
               306             -0.68         0.0210458         0.0296194
               307             -0.76         0.0185016          0.029632
               308              -0.8         0.0158442         0.0296547
               309             -0.84         0.0130744         0.0296878
               310              -0.8         0.0104516         0.0297077
               311             -0.68        0.00823151          0.029695
               312             -0.56        0.00641026         0.0296556
               313             -0.48        0.00485623         0.0296015
               314             -0.56        0.00305732         0.0295619
               315              -0.4        0.00177778         0.0294957
               316             -0.36       0.000632911         0.0294246
               317              -0.4      -0.000630915         0.0293589
               318             -0.36       -0.00176101         0.0292883
               319             -0.56       -0.00351097         0.0292487
               320             -0.48            -0.005         0.0291952
               321             -0.48       -0.00647975         0.0291417
               322              -0.6       -0.00832298         0.0291095
               323              -0.6        -0.0101548         0.0290769
               324             -0.64        -0.0120988         0.0290521
               325              -0.6        -0.0139077         0.0290189
               326              -0.8         -0.016319         0.0290299
               327              -0.8        -0.0187156         0.0290399
               328             -0.72        -0.0208537           0.02903
               329              -0.6         -0.022614         0.0289951
               330             -0.76        -0.0248485         0.0289932
               331             -0.88         -0.027432         0.0290205
               332             -0.84        -0.0298795         0.0290361
               333             -0.88        -0.0324324         0.0290609
               334             -0.92        -0.0350898         0.0290951
               335             -0.88        -0.0376119         0.0291174
               336             -0.92        -0.0402381         0.0291489
               337             -0.88          -0.04273         0.0291687
               338             -0.72        -0.0447337         0.0291512
               339              -0.8        -0.0469617         0.0291502
               340              -0.8        -0.0491765         0.0291485
               341             -0.72        -0.0511437         0.0291293
               342             -0.76        -0.0532164         0.0291178
               343             -0.88        -0.0556268         0.0291325
               344             -0.96        -0.0582558         0.0291662
               345             -0.84        -0.0605217         0.0291695
               346             -0.96        -0.0631214         0.0292009
               347             -0.96        -0.0657061         0.0292309
               348             -0.96        -0.0682759         0.0292596
               349             -0.92        -0.0707163         0.0292774
               350             -0.88        -0.0730286         0.0292849
               351             -0.92        -0.0754416         0.0293007
               352                -1        -0.0780682          0.029335
               353             -0.88        -0.0803399         0.0293397
               354             -0.92        -0.0827119         0.0293525
               355             -0.96        -0.0851831         0.0293737
               356                -1        -0.0877528         0.0294034
               357             -0.96        -0.0901961         0.0294223
               358                -1        -0.0927374         0.0294497
               359                -1        -0.0952646         0.0294759
               360                -1        -0.0977778          0.029501
               361             -0.96         -0.100166         0.0295158
               362             -0.88          -0.10232         0.0295128
               363             -0.96         -0.104683         0.0295259
               364             -0.88         -0.106813         0.0295215
               365             -0.84         -0.108822         0.0295089
               366             -0.76         -0.110601         0.0294818
               367              -0.8          -0.11248         0.0294613
               368             -0.76         -0.114239         0.0294337
               369             -0.84         -0.116206         0.0294196
               370             -0.96         -0.118486         0.0294283
               371             -0.96         -0.120755         0.0294363
               372             -0.92         -0.122903         0.0294355
               373             -0.96         -0.125147          0.029442
               374             -0.92         -0.127273         0.0294399
               375             -0.88          -0.12928         0.0294297
               376             -0.84          -0.13117         0.0294121
               377             -0.84          -0.13305         0.0293941
               378             -0.76         -0.134709         0.0293631
               379             -0.72         -0.136253         0.0293262
               380              -0.8            -0.138          0.029301
               381             -0.92         -0.140052         0.0292959
               382             -0.96         -0.142199         0.0292977
               383                -1         -0.144439         0.0293067
               384             -0.96         -0.146563         0.0293073
               385             -0.84         -0.148364         0.0292864
               386              -0.8         -0.150052         0.0292592
               387             -0.64         -0.151318         0.0292109
               388             -0.64         -0.152577         0.0291628
               389             -0.48         -0.153419            0.0291
               390             -0.44         -0.154154         0.0290346
               391             -0.48         -0.154987         0.0289723
               392             -0.52         -0.155918         0.0289134
               393              -0.6         -0.157048         0.0288619
               394             -0.52          -0.15797         0.0288033
               395             -0.52         -0.158886          0.028745
               396             -0.44         -0.159596         0.0286812
               397             -0.36         -0.160101         0.0286134
               398             -0.44         -0.160804         0.0285501
               399              -0.4         -0.161404         0.0284849
               400             -0.36           -0.1619          0.028418
               401             -0.44         -0.162594         0.0283556
               402             -0.44         -0.163284         0.0282934
               403             -0.44          -0.16397         0.0282315
               404             -0.52         -0.164851         0.0281754
               405             -0.44         -0.165531          0.028114
               406             -0.56         -0.166502         0.0280616
               407             -0.56         -0.167469         0.0280093
               408             -0.56         -0.168431         0.0279571
               409              -0.6         -0.169487         0.0279087
               410             -0.52         -0.170341         0.0278537
               411             -0.52         -0.171192         0.0277989
               412             -0.44         -0.171845         0.0277391
               413              -0.6         -0.172881         0.0276913
               414             -0.76           -0.1743         0.0276607
               415             -0.92         -0.176096         0.0276524
               416              -0.8         -0.177596         0.0276265
               417             -0.72         -0.178897         0.0275909
               418             -0.72         -0.180191         0.0275552
               419             -0.56         -0.181098         0.0275044
               420              -0.6         -0.182095          0.027457
               421             -0.68         -0.183278         0.0274172
               422             -0.72          -0.18455         0.0273817
               423              -0.6         -0.185532         0.0273346
               424              -0.6         -0.186509         0.0272876
               425             -0.48           -0.1872         0.0272321
               426             -0.48         -0.187887         0.0271769
               427              -0.6         -0.188852         0.0271304
               428             -0.64         -0.189907         0.0270875
               429             -0.84         -0.191422         0.0270667
               430              -0.8         -0.192837         0.0270407
               431             -0.84         -0.194339         0.0270196
               432             -0.84         -0.195833         0.0269984
               433             -0.76         -0.197136         0.0269674
               434             -0.84         -0.198618          0.026946
               435             -0.72         -0.199816         0.0269107
               436              -0.6         -0.200734         0.0268646
               437             -0.72         -0.201922         0.0268294
               438             -0.72         -0.203105         0.0267942
               439             -0.68         -0.204191         0.0267552
               440             -0.56            -0.205         0.0267066
               441             -0.08         -0.204717         0.0266475
               442              -0.2         -0.204706         0.0265872
               443             -0.32         -0.204966         0.0265285
               444             -0.32         -0.205225           0.02647
               445              -0.4         -0.205663         0.0264141
               446             -0.32         -0.205919         0.0263562
               447              -0.2         -0.205906         0.0262972
               448             -0.08         -0.205625           0.02624
               449             -0.04         -0.205256         0.0261841
               450              -0.2         -0.205244          0.026126
               451             -0.28          -0.20541         0.0260686
               452             -0.28         -0.205575         0.0260114
               453             -0.28          -0.20574         0.0259545
               454             -0.24         -0.205815         0.0258974
               455             -0.44          -0.20633         0.0258456
               456              -0.4         -0.206754         0.0257925
               457             -0.44         -0.207265         0.0257411
               458              -0.4         -0.207686         0.0256883
               459              -0.4         -0.208105         0.0256358
               460              -0.4         -0.208522         0.0255834
               461              -0.4         -0.208937         0.0255313
               462              -0.4         -0.209351         0.0254794
               463             -0.44         -0.209849         0.0254292
               464             -0.32         -0.210086         0.0253755
               465             -0.24         -0.210151          0.025321
               466             -0.24         -0.210215         0.0252668
               467             -0.24         -0.210278         0.0252128
               468             -0.36         -0.210598         0.0251609
               469             -0.36         -0.210917         0.0251093
               470             -0.44         -0.211404         0.0250606
               471             -0.52         -0.212059         0.0250159
               472             -0.36         -0.212373         0.0249649
               473              -0.4          -0.21277         0.0249153
               474             -0.28         -0.212911         0.0248631
               475             -0.28         -0.213053         0.0248112
               476              -0.2         -0.213025         0.0247591
               477              -0.2         -0.212998         0.0247072
               478              -0.4         -0.213389         0.0246586
               479             -0.32         -0.213612         0.0246081
               480             -0.32         -0.213833         0.0245578
               481             -0.32         -0.214054         0.0245078
               482             -0.16         -0.213942         0.0244572
               483              -0.2         -0.213913         0.0244066
               484             -0.04         -0.213554         0.0243588
               485              0.12         -0.212866         0.0243183
               486              0.12         -0.212181         0.0242779
               487                 0         -0.211745         0.0242319
               488              0.04          -0.21123         0.0241878
               489             -0.04         -0.210879         0.0241408
               490              -0.2         -0.210857         0.0240916
               491             -0.24         -0.210916         0.0240426
               492             -0.24         -0.210976         0.0239938
               493              -0.2         -0.210953         0.0239451
               494             -0.16          -0.21085         0.0238969
               495             -0.12         -0.210667         0.0238493
               496             -0.04         -0.210323         0.0238037
               497             -0.04          -0.20998         0.0237583
               498              0.04         -0.209478         0.0237159
               499              0.08         -0.208898         0.0236754
               500                 0          -0.20848         0.0236318
               501             -0.08         -0.208224          0.023586
               502             -0.08         -0.207968         0.0235404
               503                 0         -0.207555         0.0234972
               504             -0.04         -0.207222          0.023453
               505              -0.2         -0.207208         0.0234065
               506              -0.2         -0.207194         0.0233603
               507             -0.28         -0.207337         0.0233146
               508             -0.28          -0.20748         0.0232692
               509             -0.24         -0.207544         0.0232236
               510             -0.28         -0.207686         0.0231785
               511             -0.12         -0.207515         0.0231337
               512             -0.08         -0.207266         0.0230899
               513             -0.08         -0.207018         0.0230462
               514             -0.08          -0.20677         0.0230027
               515             -0.16          -0.20668         0.0229582
               516              -0.4         -0.207054         0.0229168
               517             -0.28         -0.207195         0.0228729
               518             -0.04         -0.206873          0.022831
               519              0.08          -0.20632         0.0227937
               520              0.04         -0.205846         0.0227548
               521              0.24          -0.20499         0.0227272
               522              0.36         -0.203908         0.0227094
               523               0.4         -0.202753         0.0226953
               524              0.44         -0.201527         0.0226851
               525               0.4         -0.200381         0.0226709
               526               0.4          -0.19924         0.0226565
               527              0.36         -0.198178         0.0226383
               528              0.28         -0.197273         0.0226135
               529              0.24         -0.196446         0.0225859
               530              0.28         -0.195547         0.0225612
               531              0.28         -0.194652         0.0225364
               532              0.16         -0.193985         0.0225039
               533                 0         -0.193621         0.0224647
               534             -0.08         -0.193408         0.0224236
               535             -0.04         -0.193121         0.0223835
               536                 0         -0.192761         0.0223447
               537                 0         -0.192402         0.0223059
               538              0.08         -0.191896         0.0222702
               539              0.16         -0.191243         0.0222385
               540               0.2         -0.190519         0.0222091
               541              0.32         -0.189575         0.0221881
               542               0.2         -0.188856         0.0221588
               543              0.12         -0.188287         0.0221253
               544              0.04         -0.187868         0.0220886
               545             -0.16         -0.187817         0.0220481
               546             -0.32         -0.188059         0.0220091
               547             -0.12         -0.187934         0.0219692
               548             -0.32         -0.188175         0.0219304
               549              -0.2         -0.188197         0.0218905
               550             -0.16         -0.188145         0.0218507
               551             -0.44         -0.188603         0.0218159
               552              -0.4         -0.188986         0.0217797
               553             -0.36         -0.189295         0.0217425
               554             -0.44         -0.189747          0.021708
               555             -0.36         -0.190054          0.021671
               556             -0.28         -0.190216         0.0216326
               557              -0.2         -0.190233         0.0215938
               558             -0.24         -0.190323         0.0215553
               559              -0.2          -0.19034         0.0215167
               560             -0.12         -0.190214         0.0214787
               561              -0.2         -0.190232         0.0214404
               562             -0.28         -0.190391         0.0214029
               563              -0.2         -0.190409         0.0213648
               564             -0.16         -0.190355          0.021327
               565             -0.08         -0.190159         0.0212902
               566             -0.04         -0.189894         0.0212542
               567             -0.12         -0.189771         0.0212171
               568                 0         -0.189437         0.0211824
               569              0.24         -0.188682         0.0211586
               570                 0         -0.188351          0.021124
               571             -0.12         -0.188231         0.0210874
               572              -0.2         -0.188252         0.0210505
               573              -0.4         -0.188621          0.021017
               574             -0.36          -0.18892         0.0209825
               575              -0.4         -0.189287         0.0209493
               576             -0.52         -0.189861         0.0209208
               577             -0.64         -0.190641          0.020899
               578             -0.68         -0.191488           0.02088
               579             -0.44         -0.191917         0.0208484
               580             -0.36         -0.192207         0.0208144
               581             -0.28         -0.192358         0.0207792
               582             -0.48         -0.192852         0.0207493
               583             -0.52         -0.193413         0.0207213
               584             -0.52         -0.193973         0.0206934
               585              -0.6         -0.194667         0.0206697
               586             -0.44         -0.195085         0.0206386
               587             -0.56         -0.195707         0.0206128
               588             -0.64         -0.196463         0.0205916
               589             -0.48         -0.196944         0.0205623
               590             -0.56         -0.197559         0.0205366
               591             -0.68         -0.198376         0.0205181
               592             -0.64         -0.199122          0.020497
               593             -0.56          -0.19973         0.0204715
               594             -0.48         -0.200202         0.0204425
               595             -0.56         -0.200807          0.020417
               596             -0.52         -0.201342         0.0203898
               597             -0.48         -0.201809          0.020361
               598             -0.44         -0.202207         0.0203308
               599             -0.52         -0.202738         0.0203038
               600             -0.48           -0.2032         0.0202752
               601             -0.56         -0.203794         0.0202502
               602             -0.48         -0.204252         0.0202217
               603              -0.4         -0.204577         0.0201908
               604             -0.28         -0.204702         0.0201578
               605             -0.32         -0.204893         0.0201254
               606             -0.44         -0.205281         0.0200959
               607             -0.44         -0.205667         0.0200665
               608             -0.44         -0.206053         0.0200372
               609             -0.48         -0.206502         0.0200093
               610              -0.6         -0.207148         0.0199869
               611              -0.6         -0.207791         0.0199646
               612             -0.68         -0.208562         0.0199468
               613              -0.6         -0.209201         0.0199245
               614              -0.6         -0.209837         0.0199022
               615             -0.68         -0.210602         0.0198846
               616             -0.64         -0.211299         0.0198645
               617             -0.52         -0.211799         0.0198386
               618             -0.56         -0.212362         0.0198145
               619             -0.56         -0.212924         0.0197904
               620              -0.4         -0.213226         0.0197608
               621             -0.32         -0.213398         0.0197297
               622             -0.24         -0.213441         0.0196981
               623              -0.2         -0.213419         0.0196665
               624             -0.04         -0.213141         0.0196369
               625             -0.08         -0.212928         0.0196066
               626             -0.12          -0.21278         0.0195759
               627             -0.16         -0.212695         0.0195449
               628             -0.12         -0.212548         0.0195143
               629             -0.08         -0.212337         0.0194844
               630             -0.04         -0.212063         0.0194554
               631             -0.12         -0.211918         0.0194251
               632                 0         -0.211582         0.0193973
               633              0.04         -0.211185         0.0193707
               634                 0         -0.210852          0.019343
               635             -0.12         -0.210709         0.0193131
               636             -0.16         -0.210629         0.0192829
               637             -0.04         -0.210361         0.0192545
               638             -0.08         -0.210157         0.0192254
               639              -0.2         -0.210141         0.0191953
               640              -0.2         -0.210125         0.0191653
               641             -0.12         -0.209984         0.0191359
               642             -0.32         -0.210156         0.0191069
               643             -0.28         -0.210264         0.0190775
               644             -0.08         -0.210062         0.0190489
               645             -0.16         -0.209984         0.0190195
               646             -0.08         -0.209783         0.0189912
               647              -0.2         -0.209768         0.0189618
               648              -0.2         -0.209753         0.0189326
               649             -0.28         -0.209861         0.0189037
               650              -0.2         -0.209846         0.0188746
               651             -0.16          -0.20977         0.0188458
               652             -0.08         -0.209571         0.0188179
               653             -0.12         -0.209433         0.0187896
               654             -0.08         -0.209235         0.0187619
               655             -0.08         -0.209038         0.0187343
               656             -0.08         -0.208841         0.0187068
               657             -0.16         -0.208767         0.0186785
               658             -0.36         -0.208997         0.0186515
               659             -0.24         -0.209044         0.0186232
               660             -0.36         -0.209273         0.0185964
               661             -0.24         -0.209319         0.0185684
               662              -0.2         -0.209305         0.0185403
               663             -0.32         -0.209472         0.0185131
               664              -0.4         -0.209759         0.0184874
               665             -0.28         -0.209865         0.0184599
               666             -0.12          -0.20973         0.0184327
               667             -0.16         -0.209655         0.0184052
               668             -0.12         -0.209521         0.0183782
               669              -0.2         -0.209507         0.0183507
               670             -0.12         -0.209373         0.0183238
               671             -0.24         -0.209419         0.0182966
               672             -0.32         -0.209583         0.0182701
               673             -0.28         -0.209688         0.0182432
               674             -0.32         -0.209852         0.0182169
               675             -0.36         -0.210074         0.0181913
               676             -0.44         -0.210414         0.0181675
               677             -0.28         -0.210517          0.018141
               678             -0.08         -0.210324         0.0181152
               679             -0.16          -0.21025         0.0180887
               680              -0.2         -0.210235         0.0180621
               681             -0.24         -0.210279         0.0180357
               682              -0.2         -0.210264         0.0180092
               683             -0.16          -0.21019          0.017983
               684             -0.08             -0.21         0.0179577
               685              -0.2         -0.209985         0.0179315
               686             -0.08         -0.209796         0.0179064
               687             -0.16         -0.209723         0.0178805
               688             -0.28         -0.209826         0.0178548
               689             -0.44          -0.21016          0.017832
               690              -0.4         -0.210435         0.0178082
               691             -0.44         -0.210767         0.0177856
               692             -0.36         -0.210983         0.0177612
               693              -0.4         -0.211255         0.0177376
               694             -0.48         -0.211643         0.0177163
               695             -0.44         -0.211971         0.0176939
               696             -0.44         -0.212299         0.0176715
               697             -0.52          -0.21274         0.0176516
               698             -0.72         -0.213467         0.0176413
               699              -0.6          -0.21402         0.0176247
               700              -0.6         -0.214571         0.0176082
               701             -0.68         -0.215235         0.0175956
               702             -0.76         -0.216011         0.0175876
               703             -0.76         -0.216785         0.0175796
               704             -0.88         -0.217727         0.0175799
               705             -0.96          -0.21878         0.0175864
               706             -0.88         -0.219717         0.0175864
               707             -0.76         -0.220481         0.0175782
               708             -0.72         -0.221186         0.0175675
               709             -0.76         -0.221946         0.0175591
               710             -0.72         -0.222648         0.0175484
               711             -0.64         -0.223235         0.0175335
               712             -0.44         -0.223539         0.0175116
               713              -0.4         -0.223787         0.0174887
               714             -0.28         -0.223866         0.0174644
               715             -0.16         -0.223776         0.0174402
               716                 0         -0.223464         0.0174187
               717              0.08          -0.22304         0.0173995
               718              0.12         -0.222563         0.0173818
               719               0.2         -0.221975         0.0173676
               720              0.12           -0.2215           0.01735
               721              0.12         -0.221026         0.0173324
               722              0.12         -0.220554         0.0173148
               723              0.12         -0.220083         0.0172973
               724              0.16         -0.219558         0.0172813
               725              0.16         -0.219034         0.0172654
               726              0.24         -0.218402         0.0172532
               727              0.08         -0.217992         0.0172344
               728             -0.04         -0.217747         0.0172124
               729                 0         -0.217449         0.0171914
               730                 0         -0.217151         0.0171704
               731             -0.08         -0.216963          0.017148
               732              0.08         -0.216557         0.0171293
               733             -0.08         -0.216371          0.017107
               734              0.16         -0.215858         0.0170914
               735              0.28         -0.215184         0.0170814
               736              0.16         -0.214674         0.0170658
               737              0.28         -0.214003         0.0170559
               738              0.24         -0.213388         0.0170438
               739              0.04         -0.213045         0.0170242
               740              0.16         -0.212541         0.0170087
               741              0.08         -0.212146         0.0169903
               742             -0.04         -0.211914          0.016969
               743              0.04         -0.211575         0.0169495
               744              0.28         -0.210914         0.0169396
               745              0.28         -0.210255         0.0169297
               746               0.2         -0.209705         0.0169159
               747              0.12         -0.209264         0.0168991
               748              0.16          -0.20877         0.0168837
               749              0.24         -0.208171         0.0168718
               750              0.28          -0.20752         0.0168618
               751              0.16         -0.207031         0.0168465
               752             -0.08         -0.206862         0.0168249
               753             -0.12         -0.206746          0.016803
               754              -0.2         -0.206737         0.0167807
               755             -0.36          -0.20694         0.0167597
               756              -0.4         -0.207196         0.0167395
               757             -0.44         -0.207503         0.0167202
               758             -0.48         -0.207863          0.016702
               759             -0.36         -0.208063         0.0166812
               760             -0.32         -0.208211         0.0166599
               761             -0.36          -0.20841         0.0166392
               762             -0.32         -0.208556          0.016618
               763             -0.36         -0.208755         0.0165974
               764             -0.36         -0.208953         0.0165768
               765             -0.24         -0.208993         0.0165552
               766              -0.2         -0.208982         0.0165336
               767             -0.32         -0.209126         0.0165127
               768             -0.36         -0.209323         0.0164924
               769             -0.32         -0.209467         0.0164715
               770             -0.36         -0.209662         0.0164513
               771             -0.28         -0.209754         0.0164302
               772             -0.24         -0.209793          0.016409
               773              -0.2          -0.20978         0.0163878
               774             -0.16         -0.209716         0.0163667
               775              -0.2         -0.209703         0.0163456
               776             -0.12         -0.209588         0.0163249
               777             -0.16         -0.209524         0.0163041
               778             -0.08         -0.209357          0.016284
               779             -0.04          -0.20914         0.0162645
               780                 0         -0.208872         0.0162459
               781             -0.24         -0.208912         0.0162251
               782             -0.24         -0.208951         0.0162044
               783              -0.2          -0.20894         0.0161837
               784             -0.28         -0.209031         0.0161633
               785             -0.32         -0.209172         0.0161434
               786             -0.32         -0.209313         0.0161234
               787              -0.2         -0.209301          0.016103
               788             -0.16         -0.209239         0.0160826
               789             -0.16         -0.209176         0.0160624
               790             -0.16         -0.209114         0.0160422
               791             -0.36         -0.209305          0.016023
               792              -0.4         -0.209545         0.0160046
               793             -0.36         -0.209735         0.0159855
               794              -0.2         -0.209723         0.0159654
               795             -0.24         -0.209761         0.0159454
               796             -0.32         -0.209899         0.0159259
               797             -0.48         -0.210238         0.0159096
               798             -0.56         -0.210677         0.0158957
               799             -0.48         -0.211014         0.0158793
               800             -0.48          -0.21135         0.0158631
               801             -0.36         -0.211536         0.0158443
               802             -0.16         -0.211471         0.0158247
               803              -0.2         -0.211457          0.015805
               804             -0.24         -0.211493         0.0157854
               805             -0.28         -0.211578          0.015766
               806             -0.32         -0.211712          0.015747
               807             -0.32         -0.211846         0.0157281
               808             -0.12         -0.211733          0.015709
               809             -0.24         -0.211768         0.0156896
               810             -0.32         -0.211901         0.0156708
               811             -0.28         -0.211985         0.0156518
               812             -0.12         -0.211872         0.0156329
               813              0.04         -0.211562         0.0156167
               814             -0.04         -0.211351          0.015599
               815             -0.08          -0.21119         0.0155807
               816             -0.04          -0.21098          0.015563
               817             -0.08          -0.21082         0.0155448
               818             -0.16         -0.210758         0.0155259
               819             -0.04         -0.210549         0.0155083
               820             -0.04         -0.210341         0.0154908
               821             -0.08         -0.210183         0.0154727
               822             -0.24         -0.210219          0.015454
               823             -0.12         -0.210109         0.0154356
               824              0.04         -0.209806         0.0154198
               825              0.16         -0.209358         0.0154076
               826              0.08         -0.209007          0.015393
               827               0.2         -0.208513         0.0153823
               828               0.2         -0.208019         0.0153716
               829              0.28         -0.207431         0.0153644
               830               0.4         -0.206699         0.0153633
               831              0.36         -0.206017         0.0153599
               832              0.36         -0.205337         0.0153565
               833               0.4          -0.20461         0.0153553
               834              0.36         -0.203933         0.0153518
               835              0.32         -0.203305         0.0153462
               836              0.32         -0.202679         0.0153406
               837               0.4         -0.201959         0.0153392
               838              0.48         -0.201146         0.0153424
               839              0.48         -0.200334         0.0153456
               840              0.48         -0.199524         0.0153487
               841              0.48         -0.198716         0.0153517
               842               0.6         -0.197767         0.0153627
               843              0.56         -0.196868         0.0153708
               844              0.48         -0.196066         0.0153735
               845              0.48         -0.195266         0.0153761
               846              0.44         -0.194515         0.0153763
               847              0.56         -0.193625         0.0153839
               848               0.6         -0.192689         0.0153942
               849              0.56         -0.191802         0.0154016
               850              0.48         -0.191012         0.0154037
               851              0.36         -0.190364         0.0153992
               852              0.32         -0.189765         0.0153928
               853              0.36         -0.189121         0.0153882
               854              0.32         -0.188525         0.0153817
               855              0.32          -0.18793         0.0153752
               856              0.32         -0.187336         0.0153687
               857              0.32         -0.186744         0.0153622
               858              0.36         -0.186107         0.0153575
               859               0.4         -0.185425         0.0153548
               860               0.4         -0.184744          0.015352
               861              0.44         -0.184019         0.0153513
               862              0.64         -0.183063         0.0153632
               863              0.68         -0.182063         0.0153779
               864              0.72         -0.181019         0.0153956
               865              0.76         -0.179931         0.0154161
               866               0.8         -0.178799         0.0154398
               867              0.72         -0.177762         0.0154568
               868              0.76         -0.176682         0.0154767
               869              0.92          -0.17542         0.0155102
               870              0.84         -0.174253         0.0155363
               871              0.88         -0.173042         0.0155655
               872              0.76         -0.171972         0.0155844
               873              0.84         -0.170813         0.0156096
               874               0.8         -0.169703         0.0156312
               875              0.88         -0.168503         0.0156593
               876              0.88         -0.167306         0.0156871
               877               0.8         -0.166203         0.0157079
               878              0.72         -0.165194         0.0157224
               879              0.68         -0.164232         0.0157339
               880              0.76         -0.163182         0.0157511
               881              0.72         -0.162179         0.0157651
               882              0.68         -0.161224         0.0157761
               883              0.72         -0.160227         0.0157897
               884              0.76         -0.159186         0.0158062
               885              0.88         -0.158011         0.0158318
               886              0.92         -0.156795         0.0158607
               887              0.96         -0.155536         0.0158927
               888              0.96         -0.154279         0.0159244
               889               0.8         -0.153206         0.0159426
               890              0.72         -0.152225         0.0159548
               891              0.72         -0.151246         0.0159669
               892              0.76         -0.150224         0.0159817
               893               0.8          -0.14916         0.0159992
               894              0.76         -0.148143         0.0160136
               895              0.88         -0.146994         0.0160368
               896               0.8         -0.145938         0.0160537
               897               0.6         -0.145106         0.0160573
               898              0.56         -0.144321         0.0160586
               899              0.44         -0.143671         0.0160539
               900              0.24         -0.143244         0.0160417
               901               0.2         -0.142863         0.0160285
               902              0.24         -0.142439         0.0160163
               903              0.28         -0.141971         0.0160054
               904              0.24         -0.141549         0.0159933
               905              0.32         -0.141039         0.0159837
               906              0.32          -0.14053         0.0159742
               907              0.28         -0.140066         0.0159633
               908              0.32         -0.139559         0.0159538
               909              0.36          -0.13901         0.0159457
               910              0.48          -0.13833         0.0159427
               911              0.44         -0.137695         0.0159378
               912              0.36         -0.137149         0.0159297
               913              0.32         -0.136648         0.0159201
               914               0.4         -0.136061         0.0159135
               915              0.48         -0.135388         0.0159103
               916              0.44          -0.13476         0.0159053
               917              0.36          -0.13422         0.0158972
               918               0.4         -0.133638         0.0158905
               919              0.32         -0.133145         0.0158809
               920              0.48         -0.132478         0.0158776
               921               0.6         -0.131683         0.0158802
               922              0.56         -0.130933         0.0158807
               923              0.56         -0.130184         0.0158812
               924               0.6         -0.129394         0.0158836
               925              0.56         -0.128649         0.0158839
               926              0.52         -0.127948         0.0158822
               927              0.48         -0.127292         0.0158786
               928              0.44         -0.126681         0.0158733
               929               0.2         -0.126329         0.0158601
               930               0.2         -0.125978         0.0158469
               931             -0.04         -0.125886         0.0158301
               932              0.04         -0.125708         0.0158142
               933              0.04         -0.125531         0.0157982
               934              0.04         -0.125353         0.0157823
               935                 0         -0.125219          0.015766
               936             -0.04         -0.125128         0.0157494
               937              0.08         -0.124909         0.0157341
               938              0.16         -0.124606         0.0157203
               939              0.28         -0.124175         0.0157094
               940              0.36          -0.12366         0.0157012
               941              0.48         -0.123018         0.0156976
               942              0.32         -0.122548         0.0156879
               943              0.24         -0.122163          0.015676
               944              0.24          -0.12178         0.0156641
               945              0.08         -0.121566          0.015649
               946               0.2         -0.121226         0.0156361
               947               0.2         -0.120887         0.0156233
               948              0.28         -0.120464         0.0156125
               949              0.32             -0.12          0.015603
               950              0.24         -0.119621         0.0155912
               951              0.32         -0.119159         0.0155816
               952               0.2         -0.118824         0.0155689
               953              0.12         -0.118573         0.0155545
               954             -0.04         -0.118491         0.0155385
               955              -0.2         -0.118576         0.0155224
               956                 0         -0.118452         0.0155067
               957              0.08         -0.118245         0.0154919
               958               0.2         -0.117912         0.0154793
               959              0.28         -0.117497         0.0154687
               960              0.24         -0.117125          0.015457
               961              0.32          -0.11667         0.0154477
               962              0.24         -0.116299          0.015436
               963              0.16         -0.116012         0.0154227
               964                 0         -0.115892         0.0154071
               965              0.12         -0.115648         0.0153931
               966              0.12         -0.115404         0.0153791
               967             -0.04         -0.115326         0.0153634
               968             -0.04         -0.115248         0.0153477
               969             -0.12         -0.115253         0.0153319
               970              -0.2          -0.11534         0.0153163
               971             -0.24         -0.115469         0.0153011
               972             -0.24         -0.115597         0.0152859
               973             -0.04         -0.115519         0.0152704
               974                 0           -0.1154         0.0152552
               975              0.08           -0.1152         0.0152408
               976                 0         -0.115082         0.0152257
               977              0.04         -0.114923         0.0152109
               978               0.4         -0.114397         0.0152045
               979              0.32         -0.113953         0.0151954
               980              0.08         -0.113755         0.0151812
               981             -0.04          -0.11368         0.0151659
               982             -0.08         -0.113646         0.0151505
               983             -0.08         -0.113611         0.0151351
               984             -0.16         -0.113659         0.0151198
               985             -0.08         -0.113624         0.0151045
               986             -0.08          -0.11359         0.0150892
               987             -0.12         -0.113597          0.015074
               988              0.04         -0.113441         0.0150595
               989                 0         -0.113327         0.0150447
               990               0.2          -0.11301         0.0150328
               991              0.16         -0.112735         0.0150202
               992              0.04         -0.112581         0.0150058
               993              0.08         -0.112387          0.014992
               994              0.24         -0.112032         0.0149811
               995               0.2         -0.111719         0.0149693
               996                 0         -0.111606         0.0149547
               997             -0.04         -0.111535         0.0149399
               998             -0.04         -0.111463         0.0149251
               999              -0.2         -0.111552         0.0149104
              1000             -0.12          -0.11156         0.0148955
