#     BLOCK:   ACTUAL_X:     X_AVE:       ERROR:
                 1             15.68             15.68                 0
                 2              3.92               9.8           4.15779
                 3             11.52           10.3733           2.81111
                 4              5.12              9.06           2.39556
                 5              2.88             7.824           2.21245
                 6              5.12           7.37333           1.88905
                 7              3.92              6.88           1.68237
                 8                 2              6.27           1.57879
                 9                 2           5.79556           1.47294
                10                 2             5.416           1.37367
                11              2.88           5.18545           1.26799
                12              2.88           4.99333           1.17679
                13              5.12           5.00308           1.08631
                14             13.52           5.61143           1.16669
                15             15.68           6.28267           1.26738
                16             13.52             6.735           1.26632
                17             13.52           7.13412           1.25315
                18                 8           7.18222           1.18445
                19                 8           7.22526           1.12289
                20             11.52              7.44           1.08709
                21                18           7.94286           1.14574
                22             20.48           8.51273           1.22722
                23              9.68           8.56348           1.17492
                24                 8              8.54            1.1262
                25                 8            8.5184           1.08135
                26                 2           8.26769           1.06843
                27              3.92           8.10667           1.04092
                28              2.88              7.92           1.02035
                29              2.88           7.74621          0.999855
                30              5.12           7.65867          0.970351
                31              6.48           7.62065          0.939794
                32              6.48             7.585          0.911101
                33              3.92           7.47394          0.890235
                34              9.68           7.53882          0.866413
                35              6.48           7.50857          0.842187
                36              6.48              7.48          0.819277
                37              9.68           7.53946          0.799289
                38              9.68           7.59579          0.780238
                39              6.48           7.56718          0.760756
                40              5.12             7.506          0.744193
                41                 8           7.51805          0.726139
                42              9.68           7.56952          0.710673
                43             13.52           7.70791           0.70749
                44             15.68           7.88909          0.714234
                45             15.68           8.06222           0.71904
                46             15.68           8.22783          0.722227
                47             35.28            8.8034          0.907686
                48             38.72           9.42667            1.0818
                49             38.72           10.0245           1.21372
                50             42.32           10.6704           1.35042
                51                32           11.0886           1.38719
                52             35.28           11.5538           1.43641
                53             35.28           12.0015           1.47742
                54                32           12.3719           1.49575
                55             38.72           12.8509           1.54337
                56             38.72           13.3129           1.58343
                57                32           13.6407           1.58923
                58             35.28           14.0138           1.60503
                59             35.28           14.3742           1.61779
                60             38.72             14.78           1.64092
                61             42.32           15.2315           1.67498
                62             46.08            15.729           1.72028
                63             42.32           16.1511           1.74398
                64                50             16.68           1.79514
                65                50           17.1926           1.83926
                66                50           17.6897           1.87736
                67             38.72           18.0036            1.8754
                68             35.28           18.2576           1.86495
                69             25.92           18.3687           1.84122
                70                32           18.5634           1.82519
                71             25.92            18.667           1.80242
                72             20.48           18.6922           1.77756
                73             13.52           18.6214           1.75462
                74                18            18.613           1.73093
                75                18           18.6048           1.70787
                76             23.12           18.6642           1.68643
                77                32           18.8374            1.6734
                78             28.88           18.9662           1.65689
                79             23.12           19.0187           1.63675
                80                18            19.006           1.61634
                81             15.68           18.9649           1.59691
                82             13.52           18.8985           1.57881
                83                18           18.8877           1.55983
                84             13.52           18.8238           1.54257
                85             20.48           18.8433           1.52454
                86             35.28           19.0344           1.51875
                87                32           19.1834           1.50859
                88             13.52           19.1191           1.49282
                89             11.52           19.0337           1.47848
                90             13.52           18.9724           1.46332
                91              9.68           18.8703            1.4508
                92              3.92           18.7078            1.4441
                93              3.92           18.5488            1.4373
                94              3.92           18.3932           1.43041
                95                 8           18.2838           1.41953
                96              3.92           18.1342           1.41261
                97              6.48            18.014           1.40315
                98              6.48           17.8963           1.39376
                99              9.68           17.8133           1.38215
               100                 2           17.6552           1.37734
               101              1.28           17.4931           1.37322
               102              0.72           17.3286           1.36956
               103              0.08           17.1612           1.36647
               104              0.08           16.9969           1.36316
               105              0.72           16.8419           1.35896
               106                 0            16.683            1.3554
               107              0.08           16.5279           1.35159
               108              0.72           16.3815           1.34697
               109              0.72           16.2378           1.34226
               110              0.72           16.0967           1.33745
               111              0.32           15.9546           1.33293
               112              3.92           15.8471           1.32535
               113                 2           15.7246           1.31928
               114              0.72            15.593           1.31425
               115              0.32           15.4602           1.30952
               116              2.88           15.3517           1.30271
               117              3.92            15.254           1.29524
               118                 2           15.1417           1.28912
               119              1.28           15.0252           1.28354
               120              0.08           14.9007           1.27887
               121              1.28           14.7881           1.27325
               122              1.28           14.6774           1.26762
               123              0.08           14.5587           1.26285
               124                 0           14.4413           1.25812
               125                 0           14.3258           1.25334
               126              0.08           14.2127           1.24849
               127              1.28           14.1109            1.2428
               128              1.28           14.0106           1.23713
               129              0.72           13.9076           1.23182
               130              0.72           13.8062           1.22651
               131              0.08           13.7014           1.22162
               132              2.88           13.6194           1.21511
               133              6.48           13.5657           1.20716
               134              2.88            13.486           1.20078
               135              3.92           13.4151           1.19398
               136              3.92           13.3453           1.18724
               137              3.92           13.2765           1.18056
               138              6.48           13.2272           1.17304
               139                 8           13.1896            1.1652
               140              9.68           13.1646           1.15715
               141              6.48           13.1172           1.14991
               142              3.92           13.0524           1.14363
               143              3.92           12.9885           1.13742
               144              3.92           12.9256           1.13126
               145                 2           12.8502           1.12597
               146              5.12           12.7973            1.1195
               147              5.12            12.745            1.1131
               148                 8            12.713           1.10604
               149              2.88            12.647           1.10059
               150              0.08           12.5632           1.09643
               151              0.08           12.4805           1.09228
               152                 0           12.3984           1.08818
               153              0.32           12.3195           1.08393
               154                 2           12.2525           1.07896
               155              0.72           12.1781           1.07456
               156              2.88           12.1185           1.06932
               157                 0           12.0413           1.06529
               158              0.72           11.9696           1.06096
               159              5.12           11.9265           1.05516
               160                 2           11.8645           1.05039
               161                 2           11.8032           1.04565
               162                 2           11.7427           1.04094
               163                 2           11.6829           1.03627
               164              0.72           11.6161           1.03211
               165              0.08           11.5462           1.02822
               166              0.08           11.4771           1.02434
               167              0.08           11.4089           1.02048
               168              0.08           11.3414           1.01663
               169              1.28           11.2819           1.01236
               170                 2           11.2273           1.00787
               171              1.28           11.1691           1.00365
               172              0.72           11.1084          0.999657
               173              0.32            11.046          0.995821
               174              0.08            10.983          0.992091
               175                 0           10.9202          0.988405
               176                 2           10.8695          0.984087
               177              3.92           10.8303           0.97931
               178              5.12           10.7982          0.974334
               179              1.28            10.745          0.970341
               180              0.72           10.6893          0.966547
               181                 2           10.6413          0.962398
               182              1.28           10.5899          0.958484
               183              0.08           10.5325          0.954965
               184              0.32            10.477          0.951387
               185              0.32           10.4221          0.947827
               186              1.28           10.3729          0.944005
               187              0.72           10.3213          0.940367
               188                 0           10.2664          0.936966
               189                 0           10.2121          0.933582
               190              1.28           10.1651          0.929851
               191              0.32           10.1135           0.92641
               192              5.12           10.0875           0.92195
               193              2.88           10.0502          0.917929
               194              1.28           10.0049           0.91431
               195              1.28           9.96021          0.910716
               196                 2           9.91959          0.906974
               197              0.08           9.86964          0.903745
               198              0.72           9.82343          0.900361
               199              0.72           9.77769          0.896998
               200              0.08            9.7292          0.893822
               201                 0            9.6808          0.890685
               202              1.28           9.63921          0.887246
               203              2.88           9.60591            0.8835
               204              0.72           9.56235          0.880242
               205              3.92           9.53483          0.876379
               206              1.28           9.49476           0.87304
               207              2.88            9.4628          0.869407
               208              5.12           9.44192          0.865478
               209              0.32           9.39828          0.862437
               210              2.88           9.36724          0.858888
               211              0.32           9.32436          0.855887
               212              0.08           9.28075           0.85296
               213              0.72           9.24056          0.849902
               214              0.08           9.19776          0.847008
               215                 2           9.16428           0.84373
               216                 8           9.15889          0.839841
               217              6.48           9.14654          0.836061
               218              5.12           9.12807           0.83243
               219              5.12           9.10977           0.82883
               220              6.48           9.09782          0.825149
               221             11.52           9.10878          0.821488
               222             13.52           9.12865          0.818028
               223              9.68           9.13112          0.814363
               224             11.52           9.14179          0.810798
               225                 8           9.13671           0.80721
               226              2.88           9.10903          0.804113
               227              1.28           9.07454           0.80131
               228              2.88           9.04737          0.798256
               229                 2           9.01659          0.795363
               230              6.48           9.00557          0.791981
               231                 8           9.00121          0.788565
               232             11.52           9.01207          0.785241
               233             11.52           9.02283          0.781944
               234             20.48           9.07179          0.780134
               235             23.12           9.13157          0.779101
               236                32           9.22847          0.781803
               237                32           9.32456          0.784386
               238             23.12           9.38252          0.783229
               239             35.28           9.49088          0.787412
               240             46.08           9.64333          0.798753
               241             42.32           9.77892          0.806865
               242             35.28            9.8843          0.810382
               243             42.32           10.0178          0.817967
               244             38.72           10.1354          0.823029
               245                50           10.2981          0.835599
               246                50           10.4595          0.847645
               247                50           10.6196          0.859196
               248                50           10.7784          0.870282
               249                50           10.9359          0.880926
               250             46.08           11.0765          0.888548
               251                50           11.2316          0.898438
               252                50           11.3854          0.907949
               253                50            11.538          0.917099
               254                50           11.6894          0.925905
               255             46.08           11.8243          0.932044
               256                50           11.9734          0.940258
               257             46.08           12.1061          0.945918
               258                32           12.1833          0.945389
               259                32           12.2598           0.94483
               260             38.72           12.3615          0.946661
               261             28.88           12.4248          0.945148
               262             20.48           12.4556           0.94204
               263             15.68           12.4678          0.938538
               264             15.68             12.48          0.935062
               265              6.48           12.4574          0.931807
               266             13.52           12.4614          0.928313
               267             23.12           12.5013          0.925694
               268             15.68           12.5131          0.922316
               269                18           12.5335          0.919113
               270             23.12           12.5727          0.916545
               271                32           12.6444          0.915962
               272                32           12.7156          0.915354
               273             20.48            12.744          0.912443
               274             25.92           12.7921          0.910379
               275             25.92           12.8399          0.908319
               276             23.12           12.8771          0.905792
               277                32           12.9461          0.905149
               278             35.28           13.0265          0.905451
               279             35.28           13.1062          0.905712
               280                32           13.1737          0.904987
               281             23.12           13.2091          0.902459
               282                18           13.2261          0.899418
               283                18            13.243          0.896398
               284             13.52           13.2439          0.893243
               285             11.52           13.2379          0.890129
               286             11.52           13.2319          0.887037
               287             15.68           13.2404          0.883987
               288              9.68           13.2281          0.881004
               289              6.48           13.2047          0.878265
               290              6.48           13.1815          0.875543
               291                 8           13.1637          0.872715
               292             13.52           13.1649          0.869727
               293             25.92           13.2085          0.867848
               294             20.48           13.2332          0.865248
               295             13.52           13.2342          0.862316
               296             11.52           13.2284          0.859422
               297             11.52           13.2226          0.856547
               298                18           13.2387          0.853823
               299             15.68           13.2468          0.851007
               300             25.92           13.2891          0.849218
               301             25.92            13.331          0.847432
               302             28.88           13.3825          0.846189
               303                18           13.3978          0.843534
               304                18           13.4129          0.840895
               305             13.52           13.4132          0.838138
               306             23.12            13.445          0.835999
               307             28.88           13.4952          0.834786
               308                32           13.5553          0.834235
               309             35.28           13.6256          0.834492
               310                32           13.6849          0.833903
               311             23.12           13.7152          0.831773
               312             15.68           13.7215          0.829131
               313             11.52           13.7145          0.826512
               314             15.68           13.7208          0.823903
               315                 8           13.7026          0.821488
               316              6.48           13.6797          0.819206
               317                 8           13.6618          0.816818
               318              6.48           13.6392          0.814561
               319             15.68           13.6456          0.812033
               320             11.52            13.639          0.809523
               321             11.52           13.6324          0.807028
               322                18            13.646          0.804635
               323                18           13.6594          0.802257
               324             20.48           13.6805          0.800057
               325                18           13.6938          0.797706
               326                32           13.7499          0.797233
               327                32           13.8057          0.796746
               328             25.92           13.8427          0.795173
               329                18           13.8553          0.792856
               330             28.88           13.9008           0.79176
               331             38.72           13.9758           0.79291
               332             35.28             14.04          0.793114
               333             38.72           14.1141          0.794188
               334             42.32           14.1986          0.796287
               335             38.72           14.2718          0.797267
               336             42.32           14.3552          0.799253
               337             38.72           14.4275          0.800145
               338             25.92           14.4615          0.798499
               339                32           14.5133          0.797818
               340                32           14.5647          0.797128
               341             25.92            14.598          0.795485
               342             28.88           14.6398          0.794255
               343             38.72             14.71          0.795036
               344             46.08           14.8012          0.797937
               345             35.28           14.8605          0.797829
               346             46.08           14.9508          0.800609
               347             46.08           15.0405          0.803313
               348             46.08           15.1297          0.805941
               349             42.32           15.2076          0.807388
               350             38.72           15.2747          0.807871
               351             42.32           15.3518          0.809236
               352                50           15.4502          0.812901
               353             38.72           15.5161          0.813267
               354             42.32           15.5919          0.814487
               355             46.08           15.6777          0.816708
               356                50           15.7742          0.820084
               357             46.08            15.859          0.822169
               358                50           15.9544          0.825385
               359                50           16.0492          0.828516
               360                50           16.1436          0.831565
               361             46.08           16.2265          0.833386
               362             38.72           16.2886          0.833397
               363             46.08           16.3707          0.835132
               364             38.72           16.4321          0.835092
               365             35.28           16.4837          0.834399
               366             28.88           16.5176          0.832806
               367                32           16.5598          0.831605
               368             28.88           16.5933          0.830019
               369             35.28           16.6439          0.829313
               370             46.08           16.7235          0.830879
               371             46.08           16.8026          0.832398
               372             42.32           16.8712          0.832982
               373             46.08           16.9495          0.834422
               374             42.32           17.0173          0.834944
               375             38.72           17.0752           0.83472
               376             35.28           17.1236          0.833903
               377             35.28           17.1718          0.833081
               378             28.88           17.2028          0.831453
               379             25.92           17.2258          0.829577
               380                32           17.2646          0.828304
               381             42.32           17.3304          0.828737
               382             46.08           17.4057          0.829978
               383                50           17.4908          0.832162
               384             46.08           17.5652          0.833319
               385             35.28           17.6112          0.832424
               386                32           17.6485          0.831102
               387             20.48           17.6558          0.828986
               388             20.48           17.6631          0.826882
               389             11.52           17.6473          0.824907
               390              9.68           17.6269          0.823044
               391             11.52           17.6113          0.821088
               392             13.52           17.6008          0.819059
               393                18           17.6018          0.816976
               394             13.52           17.5915          0.814968
               395             13.52           17.5812           0.81297
               396              9.68           17.5612          0.811162
               397              6.48           17.5333          0.809599
               398              9.68           17.5136          0.807805
               399                 8           17.4897          0.806132
               400              6.48           17.4622          0.804587
               401              9.68           17.4428          0.802814
               402              9.68           17.4235          0.801049
               403              9.68           17.4043          0.799292
               404             13.52           17.3947          0.797371
               405              9.68           17.3756           0.79563
               406             15.68           17.3714          0.793681
               407             15.68           17.3673          0.791742
               408             15.68           17.3631          0.789812
               409                18           17.3647          0.787883
               410             13.52           17.3553          0.786017
               411             13.52            17.346           0.78416
               412              9.68           17.3274          0.782477
               413                18            17.329          0.780585
               414             28.88           17.3569          0.779198
               415             42.32           17.4171          0.779638
               416                32           17.4521          0.778552
               417             25.92           17.4724           0.77695
               418             25.92           17.4926          0.775354
               419             15.68           17.4883          0.773515
               420                18           17.4895          0.771674
               421             23.12           17.5029          0.769957
               422             25.92           17.5228          0.768391
               423                18            17.524          0.766575
               424                18           17.5251          0.764768
               425             11.52            17.511          0.763099
               426             11.52           17.4969          0.761438
               427                18           17.4981          0.759655
               428             20.48            17.505          0.757912
               429             35.28           17.5465          0.757277
               430                32           17.5801          0.756262
               431             35.28           17.6212          0.755621
               432             35.28            17.662          0.754977
               433             28.88           17.6879          0.753678
               434             35.28           17.7285          0.753031
               435             25.92           17.7473          0.751535
               436                18           17.7479          0.749811
               437             25.92           17.7666          0.748329
               438             25.92           17.7852          0.746852
               439             23.12           17.7974          0.745249
               440             15.68           17.7925          0.743571
               441              0.32           17.7529           0.74294
               442                 2           17.7173          0.742113
               443              5.12           17.6888          0.740983
               444              5.12           17.6605          0.739854
               445                 8           17.6388           0.73851
               446              5.12           17.6108          0.737388
               447                 2           17.5758          0.736565
               448              0.32           17.5373          0.735927
               449              0.08           17.4984          0.735314
               450                 2            17.464          0.734486
               451              3.92            17.434          0.733471
               452              3.92           17.4041          0.732458
               453              3.92           17.3743          0.731445
               454              2.88           17.3424          0.730531
               455              9.68           17.3255          0.729119
               456                 8           17.3051          0.727807
               457              9.68           17.2884          0.726406
               458                 8           17.2681          0.725103
               459                 8           17.2479          0.723804
               460                 8           17.2278           0.72251
               461                 8           17.2078           0.72122
               462                 8           17.1879          0.719934
               463              9.68           17.1717          0.718562
               464              5.12           17.1457          0.717482
               465              2.88            17.115          0.716595
               466              2.88           17.0845          0.715708
               467              2.88            17.054          0.714821
               468              6.48           17.0315          0.713651
               469              6.48            17.009          0.712484
               470              9.68           16.9934          0.711139
               471             13.52            16.986          0.709667
               472              6.48           16.9637          0.708512
               473                 8           16.9448          0.707268
               474              3.92           16.9173          0.706309
               475              3.92           16.8899          0.705352
               476                 2           16.8587          0.704564
               477                 2           16.8275          0.703775
               478                 8            16.809          0.702545
               479              5.12           16.7846          0.701502
               480              5.12           16.7603          0.700461
               481              5.12           16.7361          0.699423
               482              1.28           16.7041          0.698706
               483                 2           16.6736          0.697923
               484              0.08           16.6393          0.697322
               485              0.72           16.6065          0.696657
               486              0.72           16.5738           0.69599
               487                 0           16.5398          0.695392
               488              0.08           16.5061          0.694785
               489              0.08           16.4725          0.694175
               490                 2           16.4429          0.693387
               491              2.88           16.4153          0.692524
               492              2.88           16.3878          0.691663
               493                 2           16.3586          0.690876
               494              1.28           16.3281          0.690151
               495              0.72           16.2966          0.689477
               496              0.08           16.2639          0.688861
               497              0.08           16.2313          0.688245
               498              0.08           16.1989          0.687626
               499              0.32           16.1671          0.686984
               500                 0           16.1347          0.686371
               501              0.32           16.1032          0.685726
               502              0.32           16.0717          0.685081
               503                 0           16.0398          0.684463
               504              0.08           16.0081          0.683837
               505                 2           15.9804          0.683046
               506                 2           15.9527          0.682254
               507              3.92            15.929          0.681321
               508              3.92           15.9054           0.68039
               509              2.88           15.8798          0.679534
               510              3.92           15.8563          0.678606
               511              0.72           15.8267          0.677925
               512              0.32           15.7964          0.677277
               513              0.32           15.7662          0.676628
               514              0.32           15.7362          0.675979
               515              1.28           15.7081          0.675249
               516                 8           15.6932          0.674105
               517              3.92           15.6704          0.673186
               518              0.08           15.6403          0.672559
               519              0.32           15.6108           0.67191
               520              0.08           15.5809          0.671282
               521              2.88           15.5565          0.670436
               522              6.48           15.5392          0.669377
               523                 8           15.5247          0.668252
               524              9.68           15.5136           0.66707
               525                 8           15.4993          0.665953
               526                 8            15.485          0.664839
               527              6.48           15.4679          0.663797
               528              3.92           15.4461            0.6629
               529              2.88           15.4223          0.662073
               530              3.92           15.4006          0.661179
               531              3.92            15.379          0.660287
               532              1.28           15.3525          0.659578
               533                 0           15.3237          0.658969
               534              0.32           15.2956          0.658334
               535              0.08           15.2671          0.657717
               536                 0           15.2387          0.657107
               537                 0           15.2103          0.656495
               538              0.32           15.1826          0.655858
               539              1.28           15.1568          0.655149
               540                 2           15.1324          0.654388
               541              5.12           15.1139           0.65344
               542                 2           15.0897          0.652683
               543              0.72           15.0633          0.652017
               544              0.08           15.0357            0.6514
               545              1.28           15.0105          0.650693
               546              5.12           14.9924          0.649754
               547              0.72           14.9663          0.649089
               548              5.12           14.9483          0.648154
               549                 2           14.9247          0.647402
               550              1.28           14.8999            0.6467
               551              9.68           14.8905          0.645596
               552                 8            14.878          0.644547
               553              6.48           14.8628           0.64356
               554              9.68           14.8534          0.642467
               555              6.48           14.8383          0.641486
               556              3.92           14.8187          0.640633
               557                 2           14.7957          0.639896
               558              2.88           14.7743          0.639105
               559                 2           14.7515           0.63837
               560              0.72           14.7264          0.637722
               561                 2           14.7037          0.636989
               562              3.92           14.6846          0.636144
               563                 2            14.662          0.635413
               564              1.28           14.6383          0.634729
               565              0.32            14.613          0.634112
               566              0.08           14.5873          0.633511
               567              0.72           14.5628          0.632866
               568                 0           14.5372           0.63227
               569              2.88           14.5167          0.631491
               570                 0           14.4912          0.630897
               571              0.72           14.4671          0.630252
               572                 2           14.4453          0.629527
               573                 8           14.4341          0.628529
               574              6.48           14.4202          0.627587
               575                 8            14.409          0.626595
               576             13.52           14.4075          0.625509
               577             20.48            14.418          0.624513
               578             23.12           14.4331          0.623614
               579              9.68           14.4249          0.622591
               580              6.48           14.4112          0.621669
               581              3.92           14.3931          0.620861
               582             11.52           14.3882          0.619814
               583             13.52           14.3867          0.618752
               584             13.52           14.3852          0.617694
               585                18           14.3914           0.61667
               586              9.68           14.3833           0.61567
               587             15.68           14.3856          0.614625
               588             20.48           14.3959          0.613667
               589             11.52            14.391          0.612644
               590             15.68           14.3932           0.61161
               591             23.12            14.408          0.610753
               592             20.48           14.4182          0.609808
               593             15.68           14.4204          0.608783
               594             11.52           14.4155          0.607778
               595             15.68           14.4176           0.60676
               596             13.52           14.4161          0.605744
               597             11.52           14.4113          0.604749
               598              9.68           14.4033          0.603789
               599             13.52           14.4019          0.602783
               600             11.52           14.3971          0.601797
               601             15.68           14.3992            0.6008
               602             11.52           14.3944          0.599821
               603                 8           14.3838           0.59892
               604              3.92           14.3665          0.598179
               605              5.12           14.3512          0.597385
               606              9.68           14.3435          0.596449
               607              9.68           14.3358          0.595516
               608              9.68           14.3282          0.594586
               609             11.52           14.3235          0.593627
               610                18           14.3296          0.592685
               611                18           14.3356          0.591745
               612             23.12           14.3499          0.590952
               613                18           14.3559          0.590018
               614                18           14.3618          0.589087
               615             23.12           14.3761          0.588301
               616             20.48            14.386           0.58743
               617             13.52           14.3846          0.586479
               618             15.68           14.3867          0.585534
               619             15.68           14.3888          0.584592
               620                 8           14.3785           0.58374
               621              5.12           14.3635           0.58299
               622              2.88           14.3451          0.582345
               623                 2           14.3253          0.581748
               624              0.08           14.3024          0.581263
               625              0.32           14.2801          0.580763
               626              0.72           14.2584          0.580239
               627              1.28           14.2377          0.579683
               628              0.72           14.2162           0.57916
               629              0.32           14.1941           0.57866
               630              0.08           14.1717          0.578175
               631              0.72           14.1504          0.577652
               632                 0            14.128          0.577171
               633              0.08           14.1058          0.576686
               634                 0           14.0835          0.576206
               635              0.72           14.0625          0.575682
               636              1.28           14.0424          0.575128
               637              0.08           14.0205          0.574643
               638              0.32            13.999          0.574143
               639                 2           13.9802          0.573551
               640                 2           13.9615          0.572961
               641              0.72           13.9408          0.572439
               642              5.12           13.9271          0.571712
               643              3.92           13.9115          0.571035
               644              0.32           13.8904          0.570538
               645              1.28           13.8709          0.569988
               646              0.32           13.8499          0.569492
               647                 2           13.8316          0.568906
               648                 2           13.8133          0.568321
               649              3.92           13.7981           0.56765
               650                 2           13.7799          0.567067
               651              1.28           13.7607          0.566521
               652              0.32           13.7401          0.566027
               653              0.72           13.7202          0.565511
               654              0.32           13.6997          0.565017
               655              0.32           13.6793          0.564524
               656              0.32           13.6589           0.56403
               657              1.28           13.6401          0.563487
               658              6.48           13.6292          0.562735
               659              2.88           13.6129          0.562118
               660              6.48           13.6021           0.56137
               661              2.88           13.5858          0.560755
               662                 2           13.5683          0.560181
               663              5.12           13.5556          0.559481
               664                 8           13.5472          0.558701
               665              3.92           13.5328          0.558048
               666              0.72           13.5135          0.557542
               667              1.28           13.4952          0.557008
               668              0.72            13.476          0.556502
               669                 2           13.4589          0.555934
               670              0.72           13.4399           0.55543
               671              2.88           13.4241          0.554825
               672              5.12           13.4118          0.554137
               673              3.92           13.3977          0.553493
               674              5.12           13.3854          0.552808
               675              6.48           13.3752          0.552084
               676              9.68           13.3697          0.551294
               677              3.92           13.3557          0.550656
               678              0.32           13.3365           0.55018
               679              1.28           13.3188          0.549656
               680                 2           13.3021          0.549099
               681              2.88           13.2868          0.548506
               682                 2           13.2703          0.547952
               683              1.28           13.2527          0.547431
               684              0.32           13.2338          0.546957
               685                 2           13.2174          0.546404
               686              0.32           13.1986          0.545931
               687              1.28           13.1813          0.545412
               688              3.92           13.1678          0.544785
               689              9.68           13.1627          0.544018
               690                 8           13.1552          0.543281
               691              9.68           13.1502          0.542518
               692              6.48           13.1406           0.54182
               693                 8           13.1332          0.541089
               694             11.52           13.1308          0.540314
               695              9.68           13.1259          0.539559
               696              9.68           13.1209          0.538807
               697             13.52           13.1215          0.538034
               698             25.92           13.1398          0.537576
               699                18           13.1468          0.536852
               700                18           13.1537          0.536129
               701             23.12           13.1679          0.535553
               702             28.88           13.1903          0.535258
               703             28.88           13.2126          0.534961
               704             38.72           13.2489          0.535427
               705             46.08           13.2954          0.536689
               706             38.72           13.3314          0.537136
               707             28.88           13.3534          0.536826
               708             25.92           13.3712          0.536361
               709             28.88           13.3931           0.53605
               710             25.92           13.4107          0.535586
               711             20.48           13.4206          0.534925
               712              9.68           13.4154          0.534199
               713                 8           13.4078          0.533504
               714              3.92           13.3945          0.532922
               715              1.28           13.3776          0.532446
               716                 0           13.3589           0.53203
               717              0.32           13.3407          0.531599
               718              0.72           13.3231          0.531149
               719                 2           13.3074          0.530644
               720              0.72           13.2899          0.530195
               721              0.72           13.2725          0.529746
               722              0.72           13.2551          0.529297
               723              0.72           13.2377          0.528849
               724              1.28           13.2212          0.528376
               725              1.28           13.2047          0.527904
               726              2.88           13.1905          0.527369
               727              0.32           13.1728           0.52694
               728              0.08           13.1548          0.526523
               729                 0           13.1368           0.52611
               730                 0           13.1188          0.525697
               731              0.32           13.1013           0.52527
               732              0.32           13.0838          0.524842
               733              0.32           13.0664          0.524415
               734              1.28           13.0504          0.523946
               735              3.92           13.0379          0.523381
               736              1.28            13.022          0.522913
               737              3.92           13.0096          0.522349
               738              2.88           12.9959          0.521822
               739              0.08           12.9784          0.521408
               740              1.28           12.9626          0.520943
               741              0.32           12.9455           0.52052
               742              0.08           12.9282          0.520107
               743              0.08           12.9109          0.519694
               744              3.92           12.8988          0.519136
               745              3.92           12.8868          0.518579
               746                 2           12.8722           0.51809
               747              0.72           12.8559          0.517651
               748              1.28           12.8404          0.517191
               749              2.88           12.8271          0.516671
               750              3.92           12.8153          0.516119
               751              1.28           12.7999           0.51566
               752              0.32           12.7833          0.515241
               753              0.72           12.7673          0.514806
               754                 2            12.753          0.514321
               755              6.48           12.7447          0.513707
               756                 8           12.7384          0.513066
               757              9.68           12.7344          0.512404
               758             11.52           12.7328           0.51173
               759              6.48           12.7245          0.511123
               760              5.12           12.7145          0.510548
               761              6.48           12.7063          0.509943
               762              5.12           12.6964          0.509371
               763              6.48           12.6882          0.508768
               764              6.48           12.6801          0.508167
               765              2.88           12.6673          0.507664
               766                 2           12.6534          0.507193
               767              5.12           12.6435          0.506626
               768              6.48           12.6355           0.50603
               769              5.12           12.6257          0.505467
               770              6.48           12.6178          0.504873
               771              3.92           12.6065          0.504344
               772              2.88           12.5939          0.503849
               773                 2           12.5802          0.503383
               774              1.28           12.5656          0.502944
               775                 2           12.5519           0.50248
               776              0.72           12.5367          0.502064
               777              1.28           12.5222          0.501627
               778              0.32           12.5065          0.501227
               779              0.08           12.4906          0.500837
               780                 0           12.4746          0.500451
               781              2.88           12.4623          0.499961
               782              2.88             12.45          0.499472
               783                 2           12.4367          0.499012
               784              3.92           12.4258          0.498494
               785              5.12           12.4165          0.497946
               786              5.12           12.4072          0.497399
               787                 2            12.394          0.496943
               788              1.28           12.3799          0.496512
               789              1.28           12.3658          0.496082
               790              1.28           12.3518          0.495653
               791              6.48           12.3444          0.495082
               792                 8           12.3389          0.494487
               793              6.48           12.3315          0.493919
               794                 2           12.3185          0.493468
               795              2.88           12.3066           0.49299
               796              5.12           12.2976          0.492453
               797             11.52           12.2966          0.491836
               798             15.68           12.3009          0.491238
               799             11.52           12.2999          0.490624
               800             11.52           12.2989          0.490012
               801              6.48           12.2916          0.489454
               802              1.28           12.2779          0.489036
               803                 2           12.2651          0.488595
               804              2.88           12.2534          0.488127
               805              3.92           12.2431           0.48763
               806              5.12           12.2342          0.487105
               807              5.12           12.2254          0.486581
               808              0.72           12.2112          0.486187
               809              2.88           12.1997          0.485723
               810              5.12           12.1909          0.485202
               811              3.92           12.1807          0.484711
               812              0.72           12.1666           0.48432
               813              0.08           12.1517          0.483952
               814              0.08           12.1369          0.483585
               815              0.32           12.1224          0.483209
               816              0.08           12.1076          0.482842
               817              0.32           12.0932          0.482466
               818              1.28             12.08          0.482058
               819              0.08           12.0653          0.481692
               820              0.08           12.0507          0.481326
               821              0.32           12.0364          0.480952
               822              2.88           12.0253          0.480495
               823              0.72           12.0116          0.480108
               824              0.08           11.9971          0.479744
               825              1.28           11.9841          0.479338
               826              0.32             11.97          0.478966
               827                 2           11.9579          0.478538
               828                 2           11.9459          0.478111
               829              3.92           11.9362          0.477633
               830                 8           11.9315          0.477081
               831              6.48           11.9249          0.476552
               832              6.48           11.9184          0.476024
               833                 8           11.9137          0.475476
               834              6.48           11.9071           0.47495
               835              5.12            11.899          0.474451
               836              5.12           11.8909          0.473953
               837                 8           11.8863          0.473409
               838             11.52           11.8858          0.472844
               839             11.52           11.8854          0.472281
               840             11.52            11.885          0.471719
               841             11.52           11.8845          0.471158
               842                18           11.8918          0.470655
               843             15.68           11.8963          0.470118
               844             11.52           11.8958          0.469561
               845             11.52           11.8954          0.469006
               846              9.68           11.8928          0.468458
               847             15.68           11.8972          0.467927
               848                18           11.9044           0.46743
               849             15.68           11.9089          0.466901
               850             11.52           11.9084          0.466352
               851              6.48            11.902          0.465847
               852              5.12           11.8941          0.465369
               853              6.48           11.8877          0.464866
               854              5.12           11.8798           0.46439
               855              5.12           11.8719          0.463914
               856              5.12            11.864          0.463439
               857              5.12           11.8561          0.462965
               858              6.48           11.8499          0.462468
               859                 8           11.8454          0.461951
               860                 8           11.8409          0.461435
               861              9.68           11.8384          0.460906
               862             20.48           11.8484          0.460481
               863             23.12           11.8615          0.460132
               864             25.92           11.8778          0.459887
               865             28.88           11.8974          0.459776
               866                32           11.9206           0.45983
               867             25.92           11.9368          0.459583
               868             28.88           11.9563          0.459468
               869             42.32           11.9913          0.460266
               870             35.28            12.018          0.460515
               871             38.72           12.0487          0.461005
               872             28.88            12.068          0.460881
               873             35.28           12.0946          0.461119
               874                32           12.1173          0.461154
               875             38.72           12.1477          0.461628
               876             38.72           12.1781          0.462096
               877                32           12.2007          0.462122
               878             25.92           12.2163          0.461859
               879             23.12           12.2287          0.461501
               880             28.88           12.2476          0.461364
               881             25.92           12.2632          0.461101
               882             23.12           12.2755          0.460743
               883             25.92           12.2909           0.46048
               884             28.88           12.3097          0.460341
               885             38.72           12.3395          0.460787
               886             42.32           12.3734          0.461508
               887             46.08           12.4114           0.46255
               888             46.08           12.4493           0.46358
               889                32           12.4713           0.46358
               890             25.92           12.4864          0.463305
               891             25.92           12.5015           0.46303
               892             28.88           12.5198          0.462875
               893                32           12.5416          0.462871
               894             28.88           12.5599          0.462714
               895             38.72           12.5891          0.463119
               896                32           12.6108          0.463108
               897                18           12.6168          0.462631
               898             15.68           12.6202          0.462129
               899              9.68            12.617          0.461626
               900              2.88           12.6061           0.46124
               901                 2           12.5944          0.460878
               902              2.88           12.5836          0.460493
               903              3.92            12.574          0.460083
               904              2.88           12.5633          0.459699
               905              5.12            12.555          0.459265
               906              5.12           12.5468          0.458831
               907              3.92           12.5373          0.458424
               908              5.12           12.5292          0.457992
               909              6.48           12.5225          0.457536
               910             11.52           12.5214          0.457035
               911              9.68           12.5183          0.456544
               912              6.48           12.5117          0.456091
               913              5.12           12.5036          0.455663
               914                 8           12.4986          0.455191
               915             11.52           12.4976          0.454695
               916              9.68           12.4945          0.454209
               917              6.48           12.4879          0.453761
               918                 8           12.4831          0.453293
               919              5.12            12.475          0.452871
               920             11.52            12.474           0.45238
               921                18             12.48          0.451928
               922             15.68           12.4835          0.451452
               923             15.68           12.4869          0.450976
               924                18           12.4929          0.450527
               925             15.68           12.4963          0.450053
               926             13.52           12.4975          0.449569
               927             11.52           12.4964          0.449085
               928              9.68           12.4934          0.448611
               929                 2           12.4821           0.44827
               930                 2           12.4708           0.44793
               931              0.08           12.4575          0.447647
               932              0.08           12.4442          0.447363
               933              0.08            12.431           0.44708
               934              0.08           12.4177          0.446797
               935                 0           12.4044          0.446516
               936              0.08           12.3913          0.446233
               937              0.32           12.3784          0.445943
               938              1.28           12.3666          0.445625
               939              3.92           12.3576          0.445241
               940              6.48           12.3513          0.444811
               941             11.52           12.3504          0.444339
               942              5.12           12.3428          0.443934
               943              2.88           12.3327          0.443577
               944              2.88           12.3227           0.44322
               945              0.32             12.31          0.442933
               946                 2           12.2991          0.442598
               947                 2           12.2882          0.442265
               948              3.92           12.2794          0.441886
               949              5.12           12.2719          0.441485
               950              2.88            12.262          0.441131
               951              5.12           12.2545          0.440731
               952                 2           12.2437            0.4404
               953              0.72           12.2316          0.440104
               954              0.08           12.2189          0.439826
               955                 2           12.2082          0.439496
               956                 0           12.1954          0.439222
               957              0.32            12.183          0.438938
               958                 2           12.1724          0.438609
               959              3.92           12.1638          0.438236
               960              2.88           12.1541          0.437886
               961              5.12           12.1468          0.437491
               962              2.88           12.1371          0.437143
               963              1.28           12.1259          0.436834
               964                 0           12.1133          0.436562
               965              0.72           12.1015          0.436269
               966              0.72           12.0897          0.435977
               967              0.08           12.0773          0.435703
               968              0.08           12.0649          0.435429
               969              0.72           12.0532          0.435137
               970                 2           12.0428          0.434812
               971              2.88           12.0334          0.434466
               972              2.88            12.024          0.434121
               973              0.08           12.0117          0.433849
               974                 0           11.9993          0.433578
               975              0.32           11.9874          0.433299
               976                 0           11.9751          0.433029
               977              0.08           11.9629          0.432757
               978                 8           11.9589          0.432334
               979              5.12           11.9519          0.431948
               980              0.32             11.94          0.431671
               981              0.08           11.9279            0.4314
               982              0.32           11.9161          0.431123
               983              0.32           11.9043          0.430845
               984              1.28           11.8935          0.430543
               985              0.32           11.8817          0.430266
               986              0.32             11.87          0.429989
               987              0.72           11.8587          0.429702
               988              0.08           11.8468          0.429433
               989                 0           11.8348          0.429165
               990                 2           11.8249          0.428847
               991              1.28           11.8142          0.428546
               992              0.08           11.8024          0.428277
               993              0.32           11.7909          0.428002
               994              2.88           11.7819          0.427665
               995                 2           11.7721          0.427348
               996                 0           11.7602          0.427083
               997              0.08           11.7485          0.426815
               998              0.08           11.7368          0.426548
               999                 2           11.7271          0.426232
              1000              0.72           11.7161          0.425948
