#     BLOCK:   ACTUAL_TE:    TE_AVE:      ERROR:
                 1             -0.52             -0.52                 0
                 2             -0.52             -0.52                 0
                 3             -0.68         -0.573333         0.0435465
                 4             -0.68              -0.6              0.04
                 5             -0.76            -0.632         0.0429325
                 6             -0.68             -0.64         0.0365148
                 7             -0.76         -0.657143         0.0350925
                 8             -0.76             -0.67         0.0329773
                 9             -0.84         -0.688889         0.0342988
                10             -0.76            -0.696         0.0315975
                11             -0.84         -0.709091         0.0313196
                12             -0.76         -0.713333         0.0289955
                13             -0.84         -0.723077          0.028355
                14             -0.84         -0.731429         0.0275321
                15             -0.84         -0.738667         0.0266311
                16             -0.76             -0.74             0.025
                17             -0.76         -0.741176         0.0235571
                18             -0.76         -0.742222         0.0222716
                19             -0.76         -0.743158          0.021119
                20             -0.76            -0.744         0.0200798
                21             -0.76         -0.744762         0.0191381
                22             -0.68         -0.741818         0.0184932
                23             -0.76         -0.742609          0.017706
                24             -0.68             -0.74         0.0171594
                25             -0.76           -0.7408         0.0164916
                26             -0.68         -0.738462         0.0160223
                27             -0.68         -0.736296         0.0155745
                28             -0.68         -0.734286         0.0151475
                29             -0.76         -0.735172         0.0146511
                30             -0.68         -0.733333         0.0142777
                31             -0.68         -0.731613         0.0139204
                32              -0.6           -0.7275         0.0140799
                33             -0.68         -0.726061         0.0137266
                34             -0.68         -0.724706         0.0133895
                35             -0.68         -0.723429         0.0130678
                36             -0.68         -0.722222         0.0127603
                37             -0.76         -0.723243         0.0124562
                38             -0.76         -0.724211         0.0121659
                39             -0.84         -0.727179         0.0122109
                40             -0.84             -0.73          0.012227
                41             -0.76         -0.730732         0.0119507
                42             -0.76         -0.731429         0.0116864
                43             -0.76         -0.732093         0.0114335
                44             -0.68         -0.730909         0.0112348
                45             -0.68         -0.729778          0.011042
                46             -0.76         -0.730435         0.0108214
                47             -0.84         -0.732766         0.0108394
                48             -0.84            -0.735         0.0108413
                49             -0.92         -0.738776         0.0112583
                50             -0.92           -0.7424         0.0116019
                51             -0.84         -0.744314         0.0115312
                52             -0.84         -0.746154         0.0114553
                53             -0.84         -0.747925         0.0113752
                54             -0.84          -0.74963         0.0112916
                55             -0.92         -0.752727         0.0115034
                56             -0.92         -0.755714         0.0116793
                57             -0.76         -0.755789         0.0114747
                58             -0.84         -0.757241         0.0113683
                59             -0.84         -0.758644         0.0112618
                60             -0.84             -0.76         0.0111555
                61             -0.92         -0.762623         0.0112767
                62             -0.92         -0.765161          0.011377
                63             -0.92         -0.767619         0.0114588
                64                -1          -0.77125          0.011841
                65                -1         -0.774769         0.0121706
                66                -1         -0.778182         0.0124554
                67             -0.84         -0.779104         0.0123037
                68             -0.76         -0.778824         0.0121259
                69             -0.68         -0.777391         0.0120345
                70             -0.76         -0.777143         0.0118651
                71             -0.76         -0.776901         0.0117005
                72             -0.84         -0.777778         0.0115707
                73             -0.68         -0.776438         0.0114895
                74             -0.76         -0.776216         0.0113364
                75             -0.76            -0.776         0.0111873
                76             -0.76         -0.775789         0.0110421
                77             -0.92         -0.777662         0.0110564
                78             -0.84         -0.778462         0.0109435
                79             -0.84         -0.779241         0.0108326
                80             -0.84             -0.78         0.0107238
                81             -0.84         -0.780741          0.010617
                82             -0.84         -0.781463         0.0105121
                83             -0.76         -0.781205         0.0103886
                84             -0.76         -0.780952          0.010268
                85             -0.76         -0.780706         0.0101501
                86             -0.84         -0.781395         0.0100555
                87             -0.84         -0.782069        0.00996246
                88             -0.84         -0.782727        0.00987097
                89             -0.76         -0.782472        0.00976337
                90             -0.68         -0.781333        0.00972105
                91             -0.68          -0.78022        0.00967779
                92              -0.6         -0.778261        0.00976884
                93             -0.68         -0.777204        0.00972077
                94             -0.68          -0.77617         0.0096722
                95             -0.84         -0.776842         0.0095937
                96             -0.76         -0.776667        0.00949537
                97             -0.84          -0.77732         0.0094199
                98             -0.76         -0.777143        0.00932544
                99             -0.84         -0.777778        0.00925283
               100             -0.92           -0.7792        0.00926896
               101             -0.92         -0.780594        0.00928143
               102             -0.84         -0.781176        0.00920869
               103             -0.84         -0.781748        0.00913698
               104             -0.84         -0.782308        0.00906627
               105             -0.76         -0.782095        0.00898242
               106             -0.76         -0.781887         0.0089001
               107             -0.76         -0.781682        0.00881927
               108             -0.84         -0.782222        0.00875412
               109             -0.92         -0.783486        0.00876459
               110             -0.92         -0.784727        0.00877234
               111             -0.92         -0.785946        0.00877755
               112             -0.84         -0.786429        0.00871243
               113             -0.84         -0.786903        0.00864822
               114             -0.76         -0.786667        0.00857558
               115             -0.76         -0.786435        0.00850414
               116             -0.68         -0.785517        0.00848019
               117              -0.6         -0.783932        0.00855466
               118             -0.68         -0.783051        0.00852739
               119             -0.76         -0.782857        0.00845793
               120             -0.76         -0.782667        0.00838959
               121             -0.84          -0.78314        0.00833362
               122             -0.84         -0.783607        0.00827834
               123             -0.76         -0.783415        0.00821326
               124             -0.84         -0.783871        0.00815969
               125             -0.76          -0.78368        0.00809665
               126             -0.68         -0.782857        0.00807409
               127             -0.68         -0.782047        0.00805103
               128             -0.76         -0.781875        0.00798998
               129             -0.76         -0.781705        0.00792984
               130             -0.84         -0.782154        0.00788151
               131             -0.84         -0.782595         0.0078337
               132             -0.76         -0.782424        0.00777623
               133             -0.76         -0.782256        0.00771959
               134             -0.76          -0.78209        0.00766376
               135             -0.84         -0.782519        0.00761899
               136             -0.84         -0.782941        0.00757468
               137             -0.84         -0.783358        0.00753084
               138             -0.84         -0.783768        0.00748744
               139             -0.84         -0.784173         0.0074445
               140             -0.84         -0.784571        0.00740199
               141             -0.84         -0.784965        0.00735993
               142             -0.76         -0.784789         0.0073102
               143             -0.68         -0.784056        0.00729571
               144              -0.6         -0.782778        0.00735616
               145             -0.68         -0.782069         0.0073395
               146             -0.76         -0.781918        0.00729078
               147             -0.76         -0.781769        0.00724271
               148             -0.84         -0.782162        0.00720445
               149             -0.68         -0.781477        0.00718865
               150             -0.68           -0.7808        0.00717249
               151             -0.68         -0.780132        0.00715599
               152             -0.84         -0.780526        0.00711974
               153             -0.84         -0.780915        0.00708381
               154             -0.84         -0.781299        0.00704819
               155             -0.76         -0.781161        0.00700406
               156             -0.68         -0.780513        0.00698912
               157              -0.6         -0.779363        0.00703854
               158              -0.6         -0.778228        0.00708494
               159             -0.68          -0.77761        0.00706727
               160              -0.6           -0.7765        0.00710974
               161              -0.6         -0.775404         0.0071496
               162             -0.68         -0.774815        0.00712968
               163              -0.6         -0.773742        0.00716615
               164             -0.76         -0.773659        0.00712295
               165             -0.84         -0.774061        0.00709111
               166             -0.76         -0.773976         0.0070489
               167             -0.84         -0.774371        0.00701777
               168             -0.84         -0.774762        0.00698686
               169             -0.84         -0.775148        0.00695618
               170             -0.76         -0.775059        0.00691583
               171             -0.76         -0.774971        0.00687595
               172             -0.84         -0.775349        0.00684636
               173             -0.84         -0.775723        0.00681697
               174             -0.84         -0.776092         0.0067878
               175             -0.84         -0.776457        0.00675883
               176             -0.76         -0.776364        0.00672107
               177              -0.6         -0.775367        0.00675655
               178              -0.6         -0.774382        0.00679005
               179             -0.76         -0.774302        0.00675259
               180             -0.76         -0.774222        0.00671554
               181             -0.76         -0.774144         0.0066789
               182             -0.68         -0.773626         0.0066622
               183             -0.68         -0.773115        0.00664541
               184             -0.68         -0.772609        0.00662854
               185             -0.76         -0.772541        0.00659306
               186             -0.68         -0.772043        0.00657636
               187             -0.68         -0.771551        0.00655958
               188             -0.76         -0.771489        0.00652498
               189             -0.76         -0.771429        0.00649074
               190             -0.76         -0.771368        0.00645685
               191             -0.76         -0.771309        0.00642332
               192              -0.6         -0.770417        0.00645154
               193              -0.6         -0.769534        0.00647825
               194             -0.44         -0.767835        0.00666384
               195             -0.52         -0.766564        0.00674977
               196              -0.6         -0.765714        0.00676862
               197             -0.52         -0.764467        0.00684822
               198             -0.76         -0.764444        0.00681367
               199             -0.76         -0.764422        0.00677947
               200             -0.76           -0.7644        0.00674561
               201             -0.76         -0.764378        0.00671208
               202             -0.76         -0.764356        0.00667889
               203             -0.76         -0.764335        0.00664602
               204             -0.68         -0.763922        0.00662629
               205             -0.68         -0.763512         0.0066066
               206              -0.6         -0.762718        0.00662204
               207             -0.68         -0.762319        0.00660209
               208             -0.68         -0.761923         0.0065822
               209             -0.68         -0.761531        0.00656237
               210             -0.68         -0.761143         0.0065426
               211             -0.68         -0.760758        0.00652288
               212              -0.6             -0.76        0.00653604
               213             -0.68         -0.759624        0.00651614
               214             -0.68         -0.759252         0.0064963
               215             -0.68         -0.758884        0.00647654
               216             -0.84         -0.759259        0.00645743
               217             -0.76         -0.759263        0.00642767
               218             -0.76         -0.759266        0.00639819
               219             -0.76         -0.759269        0.00636898
               220             -0.68         -0.758909        0.00635021
               221             -0.68         -0.758552        0.00633151
               222             -0.84         -0.758919        0.00631361
               223             -0.76         -0.758924         0.0062853
               224             -0.76         -0.758929        0.00625724
               225              -0.6         -0.758222        0.00626917
               226              -0.6         -0.757522         0.0062804
               227             -0.68         -0.757181        0.00626201
               228             -0.76         -0.757193        0.00623456
               229             -0.68         -0.756856        0.00621644
               230             -0.68         -0.756522        0.00619839
               231             -0.68          -0.75619         0.0061804
               232             -0.68         -0.755862        0.00616248
               233             -0.68         -0.755536        0.00614462
               234             -0.76         -0.755556         0.0061184
               235             -0.76         -0.755574        0.00609239
               236             -0.76         -0.755593         0.0060666
               237             -0.76         -0.755612        0.00604103
               238             -0.76          -0.75563        0.00601568
               239             -0.76         -0.755649        0.00599054
               240             -0.92         -0.756333        0.00600459
               241             -0.84          -0.75668         0.0059897
               242             -0.92         -0.757355        0.00600285
               243             -0.92         -0.758025        0.00601535
               244             -0.92         -0.758689        0.00602721
               245                -1         -0.759673        0.00608256
               246                -1          -0.76065        0.00613578
               247                -1         -0.761619        0.00618699
               248                -1         -0.762581        0.00623626
               249                -1         -0.763534        0.00628368
               250             -0.92          -0.76416        0.00628964
               251                -1           -0.7651        0.00633438
               252                -1         -0.766032        0.00637746
               253                -1         -0.766957        0.00641895
               254                -1         -0.767874        0.00645892
               255             -0.92         -0.768471        0.00646108
               256                -1         -0.769375        0.00649883
               257             -0.92         -0.769961        0.00649992
               258             -0.84         -0.770233        0.00648039
               259             -0.84         -0.770502        0.00646097
               260             -0.92         -0.771077        0.00646165
               261             -0.92         -0.771648        0.00646204
               262             -0.84         -0.771908        0.00644264
               263             -0.76         -0.771863         0.0064183
               264             -0.76         -0.771818        0.00639415
               265             -0.68         -0.771472         0.0063794
               266             -0.68         -0.771128        0.00636468
               267             -0.68         -0.770787        0.00634998
               268              -0.6         -0.770149        0.00635818
               269             -0.76         -0.770112        0.00633466
               270             -0.76         -0.770074        0.00631131
               271             -0.84         -0.770332        0.00629329
               272             -0.92         -0.770882        0.00629417
               273             -0.84         -0.771136         0.0062762
               274             -0.92         -0.771679        0.00627677
               275             -0.92         -0.772218        0.00627707
               276             -0.92         -0.772754        0.00627712
               277             -0.92         -0.773285        0.00627693
               278             -0.92         -0.773813         0.0062765
               279             -0.92         -0.774337        0.00627583
               280             -0.84         -0.774571         0.0062578
               281             -0.76          -0.77452        0.00623574
               282             -0.84         -0.774752        0.00621795
               283             -0.84         -0.774982        0.00620026
               284             -0.84         -0.775211        0.00618265
               285             -0.84         -0.775439        0.00616513
               286             -0.84         -0.775664        0.00614771
               287             -0.84         -0.775889        0.00613037
               288             -0.84         -0.776111        0.00611313
               289             -0.84         -0.776332        0.00609597
               290             -0.76         -0.776276        0.00607521
               291             -0.76          -0.77622        0.00605459
               292             -0.68          -0.77589        0.00604282
               293             -0.84         -0.776109        0.00602615
               294             -0.76         -0.776054         0.0060059
               295             -0.68         -0.775729        0.00599437
               296             -0.68         -0.775405        0.00598283
               297             -0.68         -0.775084        0.00597131
               298             -0.68         -0.774765        0.00595979
               299             -0.76         -0.774716        0.00594006
               300             -0.84         -0.774933        0.00592424
               301             -0.84          -0.77515         0.0059085
               302             -0.84         -0.775364        0.00589284
               303             -0.68          -0.77505        0.00588179
               304             -0.76            -0.775        0.00586265
               305             -0.68         -0.774689         0.0058517
               306             -0.76         -0.774641        0.00583277
               307             -0.92         -0.775114        0.00583296
               308             -0.92         -0.775584        0.00583296
               309             -0.92         -0.776052        0.00583277
               310             -0.84         -0.776258        0.00581761
               311             -0.76         -0.776206        0.00579913
               312             -0.76         -0.776154        0.00578078
               313             -0.68         -0.775847        0.00577047
               314             -0.76         -0.775796        0.00575231
               315             -0.76         -0.775746        0.00573427
               316             -0.76         -0.775696        0.00571634
               317             -0.84         -0.775899         0.0057019
               318             -0.84         -0.776101        0.00568754
               319             -0.84         -0.776301        0.00567323
               320             -0.84           -0.7765        0.00565899
               321             -0.84         -0.776698        0.00564482
               322             -0.84         -0.776894        0.00563071
               323             -0.76         -0.776842        0.00561352
               324             -0.76          -0.77679        0.00559644
               325             -0.68         -0.776492        0.00558714
               326             -0.92         -0.776933        0.00558731
               327             -0.92          -0.77737        0.00558733
               328             -0.84         -0.777561        0.00557356
               329             -0.76         -0.777508        0.00555687
               330             -0.76         -0.777455        0.00554029
               331             -0.84         -0.777644        0.00552677
               332             -0.84         -0.777831        0.00551331
               333             -0.84         -0.778018        0.00549992
               334             -0.92         -0.778443        0.00549985
               335             -0.84         -0.778627        0.00548651
               336             -0.92         -0.779048        0.00548629
               337             -0.76         -0.778991         0.0054703
               338             -0.68         -0.778698        0.00546195
               339             -0.76         -0.778643        0.00544611
               340             -0.76         -0.778588        0.00543037
               341             -0.68         -0.778299        0.00542214
               342             -0.76         -0.778246        0.00540655
               343             -0.92         -0.778659        0.00540656
               344             -0.92          -0.77907        0.00540643
               345             -0.76         -0.779014        0.00539104
               346             -0.92         -0.779422        0.00539084
               347             -0.92         -0.779827         0.0053905
               348             -0.92          -0.78023        0.00539004
               349             -0.92          -0.78063        0.00538946
               350             -0.92         -0.781029        0.00538875
               351             -0.84         -0.781197        0.00537601
               352                -1         -0.781818        0.00539656
               353             -0.92          -0.78221        0.00539545
               354             -0.92         -0.782599        0.00539423
               355             -0.92         -0.782986         0.0053929
               356                -1         -0.783596         0.0054121
               357             -0.92         -0.783978        0.00541041
               358                -1         -0.784581        0.00542884
               359                -1         -0.785181        0.00544678
               360                -1         -0.785778        0.00546424
               361             -0.92          -0.78615        0.00546174
               362             -0.84         -0.786298        0.00544867
               363             -0.92         -0.786667         0.0054461
               364             -0.92         -0.787033        0.00544344
               365             -0.84         -0.787178        0.00543046
               366             -0.76         -0.787104        0.00541613
               367             -0.84         -0.787248        0.00540329
               368             -0.92         -0.787609        0.00540064
               369             -0.84         -0.787751        0.00538787
               370             -0.92         -0.788108        0.00538515
               371             -0.92         -0.788464        0.00538235
               372             -0.84         -0.788602        0.00536967
               373             -0.92         -0.788954        0.00536682
               374             -0.92         -0.789305        0.00536389
               375             -0.92         -0.789653         0.0053609
               376             -0.92             -0.79        0.00535784
               377             -0.92         -0.790345        0.00535471
               378             -0.84         -0.790476        0.00534216
               379             -0.84         -0.790607        0.00532966
               380             -0.84         -0.790737        0.00531722
               381             -0.92         -0.791076        0.00531408
               382             -0.92         -0.791414        0.00531087
               383                -1         -0.791958        0.00532485
               384             -0.92         -0.792292        0.00532142
               385             -0.84         -0.792416        0.00530904
               386             -0.84         -0.792539        0.00529672
               387             -0.84         -0.792661        0.00528445
               388             -0.84         -0.792784        0.00527224
               389             -0.76         -0.792699        0.00525936
               390             -0.68          -0.79241         0.0052538
               391             -0.68         -0.792123        0.00524823
               392             -0.68         -0.791837        0.00524263
               393             -0.68         -0.791552        0.00523701
               394             -0.68         -0.791269        0.00523136
               395             -0.68         -0.790987         0.0052257
               396             -0.68         -0.790707        0.00522001
               397             -0.76          -0.79063        0.00520743
               398             -0.76         -0.790553        0.00519492
               399             -0.76         -0.790476        0.00518246
               400             -0.84           -0.7906        0.00517099
               401             -0.84         -0.790723        0.00515956
               402             -0.84         -0.790846        0.00514818
               403             -0.84         -0.790968        0.00513685
               404             -0.84         -0.791089        0.00512557
               405             -0.76         -0.791012        0.00511349
               406             -0.84         -0.791133        0.00510232
               407             -0.84         -0.791253        0.00509119
               408             -0.76         -0.791176        0.00507929
               409             -0.84         -0.791296        0.00506827
               410             -0.84         -0.791415         0.0050573
               411             -0.84         -0.791533        0.00504638
               412             -0.76         -0.791456        0.00503471
               413             -0.76          -0.79138         0.0050231
               414             -0.76         -0.791304        0.00501154
               415             -0.84         -0.791422        0.00500083
               416             -0.76         -0.791346        0.00498938
               417             -0.76         -0.791271        0.00497798
               418             -0.84         -0.791388        0.00496744
               419             -0.84         -0.791504        0.00495694
               420             -0.84         -0.791619        0.00494648
               421             -0.84         -0.791734        0.00493607
               422             -0.84         -0.791848         0.0049257
               423             -0.84         -0.791962        0.00491537
               424             -0.84         -0.792075        0.00490508
               425             -0.84         -0.792188        0.00489483
               426             -0.68         -0.791925        0.00489042
               427             -0.68         -0.791663        0.00488599
               428             -0.76         -0.791589        0.00487513
               429             -0.92         -0.791888        0.00487295
               430             -0.92         -0.792186        0.00487072
               431             -0.92         -0.792483        0.00486843
               432             -0.92         -0.792778        0.00486611
               433             -0.84         -0.792887        0.00485609
               434             -0.92          -0.79318        0.00485372
               435             -0.84         -0.793287        0.00484376
               436             -0.84         -0.793394        0.00483384
               437             -0.84         -0.793501        0.00482395
               438             -0.76         -0.793425        0.00481354
               439             -0.68         -0.793166        0.00480951
               440             -0.84         -0.793273        0.00479975
               441             -0.76         -0.793197        0.00478946
               442             -0.68         -0.792941        0.00478547
               443             -0.84         -0.793047        0.00477585
               444             -0.84         -0.793153        0.00476626
               445             -0.92         -0.793438        0.00476407
               446             -0.84         -0.793543        0.00475453
               447             -0.76         -0.793468        0.00474448
               448             -0.76         -0.793393        0.00473448
               449             -0.76         -0.793318        0.00472452
               450             -0.84         -0.793422        0.00471516
               451             -0.84         -0.793525        0.00470584
               452             -0.68         -0.793274        0.00470212
               453             -0.76         -0.793201        0.00469232
               454             -0.76         -0.793128        0.00468255
               455             -0.84         -0.793231        0.00467339
               456             -0.76         -0.793158        0.00466371
               457             -0.84          -0.79326        0.00465463
               458             -0.76         -0.793188        0.00464504
               459             -0.68         -0.792941        0.00464146
               460             -0.76          -0.79287        0.00463192
               461             -0.76         -0.792798        0.00462242
               462             -0.76         -0.792727        0.00461296
               463             -0.68         -0.792484        0.00460942
               464             -0.76         -0.792414        0.00460002
               465             -0.84         -0.792516        0.00459126
               466             -0.84         -0.792618        0.00458254
               467             -0.84         -0.792719        0.00457385
               468             -0.84         -0.792821        0.00456519
               469             -0.76         -0.792751          0.004556
               470             -0.76         -0.792681        0.00454683
               471             -0.76         -0.792611        0.00453771
               472             -0.68         -0.792373        0.00453436
               473             -0.84         -0.792474         0.0045259
               474             -0.84         -0.792574        0.00451746
               475             -0.84         -0.792674        0.00450905
               476             -0.84         -0.792773        0.00450067
               477             -0.76         -0.792704        0.00449176
               478             -0.68         -0.792469        0.00448855
               479             -0.68         -0.792234        0.00448532
               480             -0.76         -0.792167        0.00447648
               481             -0.76           -0.7921        0.00446767
               482              -0.6         -0.791701        0.00447614
               483             -0.76         -0.791636        0.00446735
               484             -0.84         -0.791736        0.00445924
               485             -0.84         -0.791835        0.00445116
               486             -0.68         -0.791605        0.00444794
               487             -0.84         -0.791704        0.00443992
               488             -0.76         -0.791639         0.0044313
               489             -0.76         -0.791575        0.00442271
               490             -0.68         -0.791347        0.00441954
               491             -0.84         -0.791446        0.00441165
               492             -0.84         -0.791545        0.00440379
               493             -0.84         -0.791643        0.00439595
               494             -0.84         -0.791741        0.00438814
               495             -0.76         -0.791677        0.00437974
               496             -0.84         -0.791774          0.004372
               497             -0.76          -0.79171        0.00436367
               498             -0.76         -0.791647        0.00435537
               499             -0.84         -0.791743        0.00434772
               500             -0.84          -0.79184         0.0043401
               501             -0.76         -0.791776         0.0043319
               502             -0.76         -0.791713        0.00432373
               503             -0.84         -0.791809         0.0043162
               504             -0.76         -0.791746         0.0043081
               505             -0.84         -0.791842        0.00430063
               506             -0.84         -0.791937        0.00429318
               507             -0.84         -0.792032        0.00428576
               508             -0.76         -0.791969        0.00427779
               509             -0.76         -0.791906        0.00426984
               510             -0.84            -0.792        0.00426251
               511             -0.84         -0.792094        0.00425521
               512             -0.76         -0.792031        0.00424736
               513             -0.76         -0.791969        0.00423954
               514             -0.84         -0.792062        0.00423232
               515             -0.68         -0.791845        0.00422969
               516             -0.68         -0.791628        0.00422704
               517             -0.68         -0.791412        0.00422438
               518             -0.68         -0.791197        0.00422169
               519             -0.84         -0.791291        0.00421461
               520             -0.84         -0.791385        0.00420754
               521             -0.76         -0.791324         0.0041999
               522             -0.68         -0.791111        0.00419726
               523             -0.68         -0.790899        0.00419461
               524             -0.76          -0.79084        0.00418702
               525             -0.84         -0.790933        0.00418009
               526             -0.84         -0.791027        0.00417319
               527             -0.76         -0.790968        0.00416568
               528             -0.76         -0.790909        0.00415821
               529             -0.76         -0.790851        0.00415076
               530             -0.76         -0.790792        0.00414333
               531             -0.76         -0.790734        0.00413594
               532             -0.84         -0.790827         0.0041292
               533             -0.76         -0.790769        0.00412186
               534             -0.76         -0.790712        0.00411454
               535             -0.76         -0.790654        0.00410725
               536             -0.76         -0.790597        0.00409998
               537             -0.76          -0.79054        0.00409275
               538             -0.76         -0.790483        0.00408553
               539             -0.76         -0.790427        0.00407834
               540             -0.68         -0.790222        0.00407591
               541              -0.6         -0.789871        0.00408352
               542             -0.68         -0.789668        0.00408101
               543             -0.68         -0.789466        0.00407849
               544              -0.6         -0.789118        0.00408584
               545             -0.52         -0.788624        0.00410807
               546              -0.6         -0.788278        0.00411505
               547              -0.6         -0.787934        0.00412189
               548              -0.6         -0.787591        0.00412862
               549             -0.52         -0.787104        0.00414977
               550             -0.52         -0.786618        0.00417054
               551             -0.52         -0.786134        0.00419095
               552             -0.76         -0.786087        0.00418362
               553             -0.76          -0.78604        0.00417633
               554             -0.76         -0.785993        0.00416905
               555             -0.68         -0.785802        0.00416591
               556             -0.68         -0.785612        0.00416276
               557             -0.68         -0.785422        0.00415961
               558             -0.68         -0.785233        0.00415644
               559             -0.68         -0.785045        0.00415326
               560             -0.68         -0.784857        0.00415008
               561             -0.68          -0.78467        0.00414689
               562             -0.68         -0.784484        0.00414369
               563             -0.68         -0.784298        0.00414049
               564             -0.68         -0.784113        0.00413727
               565             -0.76         -0.784071        0.00413017
               566             -0.76         -0.784028        0.00412309
               567             -0.76         -0.783986        0.00411604
               568             -0.68         -0.783803        0.00411286
               569             -0.76         -0.783761        0.00410585
               570             -0.52         -0.783298        0.00412464
               571              -0.6         -0.782977        0.00412988
               572              -0.6         -0.782657        0.00413504
               573             -0.68         -0.782478         0.0041317
               574             -0.68           -0.7823        0.00412836
               575             -0.68         -0.782122        0.00412501
               576             -0.68         -0.781944        0.00412165
               577             -0.76         -0.781906        0.00411469
               578             -0.68          -0.78173        0.00411134
               579             -0.68         -0.781554          0.004108
               580             -0.68         -0.781379        0.00410464
               581             -0.68         -0.781205        0.00410128
               582             -0.76         -0.781168         0.0040944
               583             -0.84         -0.781269        0.00408862
               584             -0.84          -0.78137        0.00408286
               585             -0.84          -0.78147        0.00407711
               586              -0.6          -0.78116        0.00408189
               587             -0.84         -0.781261        0.00407617
               588             -0.84         -0.781361        0.00407046
               589             -0.84          -0.78146        0.00406477
               590             -0.84         -0.781559        0.00405909
               591             -0.76         -0.781523        0.00405238
               592             -0.84         -0.781622        0.00404674
               593             -0.84          -0.78172        0.00404112
               594             -0.76         -0.781684        0.00403448
               595             -0.84         -0.781782        0.00402889
               596             -0.76         -0.781745        0.00402229
               597             -0.84         -0.781843        0.00401674
               598             -0.76         -0.781806        0.00401019
               599             -0.84         -0.781903        0.00400467
               600             -0.76         -0.781867        0.00399816
               601             -0.92         -0.782097        0.00399811
               602             -0.84         -0.782193        0.00399263
               603             -0.84         -0.782289        0.00398716
               604             -0.84         -0.782384         0.0039817
               605             -0.92         -0.782612        0.00398161
               606             -0.84         -0.782706        0.00397617
               607             -0.84         -0.782801        0.00397074
               608             -0.76         -0.782763        0.00396438
               609             -0.76         -0.782726        0.00395805
               610             -0.68         -0.782557        0.00395514
               611             -0.76          -0.78252        0.00394884
               612             -0.76         -0.782484        0.00394256
               613              -0.6         -0.782186        0.00394735
               614             -0.68          -0.78202        0.00394443
               615             -0.68         -0.781854         0.0039415
               616             -0.84         -0.781948        0.00393623
               617             -0.76         -0.781912        0.00393001
               618             -0.76         -0.781877        0.00392381
               619             -0.68         -0.781712        0.00392093
               620             -0.68         -0.781548        0.00391803
               621             -0.68         -0.781385        0.00391513
               622             -0.68         -0.781222        0.00391223
               623             -0.68         -0.781059        0.00390932
               624              -0.6         -0.780769        0.00391381
               625             -0.68         -0.780608        0.00391087
               626              -0.6         -0.780319        0.00391525
               627             -0.68         -0.780159        0.00391227
               628             -0.68             -0.78        0.00390929
               629              -0.6         -0.779714        0.00391354
               630              -0.6         -0.779429        0.00391771
               631             -0.68         -0.779271        0.00391467
               632             -0.68         -0.779114        0.00391162
               633             -0.76         -0.779084        0.00390556
               634             -0.76         -0.779054        0.00389952
               635             -0.76         -0.779024        0.00389349
               636             -0.68         -0.778868        0.00389048
               637             -0.76         -0.778838        0.00388449
               638             -0.68         -0.778683        0.00388148
               639             -0.76         -0.778654        0.00387552
               640             -0.84          -0.77875        0.00387065
               641             -0.76         -0.778721        0.00386472
               642             -0.76         -0.778692        0.00385881
               643             -0.76         -0.778663        0.00385292
               644             -0.68         -0.778509        0.00384998
               645             -0.84         -0.778605        0.00384519
               646             -0.84           -0.7787        0.00384042
               647             -0.84         -0.778794        0.00383565
               648             -0.84         -0.778889        0.00383089
               649             -0.84         -0.778983        0.00382615
               650             -0.84         -0.779077        0.00382141
               651             -0.76         -0.779048        0.00381565
               652             -0.76         -0.779018        0.00380991
               653             -0.76         -0.778989        0.00380419
               654             -0.68         -0.778838        0.00380138
               655             -0.68         -0.778687        0.00379857
               656             -0.76         -0.778659        0.00379289
               657             -0.68         -0.778508        0.00379009
               658             -0.68         -0.778359        0.00378728
               659             -0.76         -0.778331        0.00378164
               660             -0.76         -0.778303        0.00377601
               661             -0.76         -0.778275         0.0037704
               662             -0.76         -0.778248        0.00376481
               663             -0.76          -0.77822        0.00375923
               664             -0.84         -0.778313        0.00375472
               665             -0.84         -0.778406        0.00375022
               666             -0.84         -0.778498        0.00374573
               667             -0.76         -0.778471        0.00374021
               668             -0.84         -0.778563        0.00373575
               669             -0.84         -0.778655        0.00373129
               670             -0.84         -0.778746        0.00372685
               671             -0.84         -0.778838        0.00372241
               672             -0.84         -0.778929        0.00371798
               673             -0.84         -0.779019        0.00371357
               674             -0.68         -0.778872        0.00371096
               675             -0.76         -0.778844        0.00370557
               676             -0.76         -0.778817        0.00370019
               677             -0.68         -0.778671         0.0036976
               678             -0.68         -0.778525        0.00369501
               679             -0.84         -0.778616        0.00369068
               680             -0.84         -0.778706        0.00368636
               681             -0.84         -0.778796        0.00368204
               682             -0.84         -0.778886        0.00367774
               683             -0.76         -0.778858        0.00367246
               684             -0.68         -0.778713        0.00366993
               685             -0.68         -0.778569         0.0036674
               686             -0.68         -0.778426        0.00366487
               687             -0.68         -0.778282        0.00366233
               688             -0.68          -0.77814         0.0036598
               689             -0.76         -0.778113        0.00365458
               690             -0.68         -0.777971        0.00365205
               691             -0.76         -0.777945        0.00364685
               692             -0.76         -0.777919        0.00364168
               693             -0.76         -0.777893        0.00363651
               694             -0.84         -0.777983        0.00363237
               695             -0.76         -0.777957        0.00362724
               696             -0.84         -0.778046        0.00362312
               697             -0.76          -0.77802        0.00361802
               698             -0.76         -0.777994        0.00361293
               699             -0.84         -0.778083        0.00360885
               700             -0.84         -0.778171        0.00360478
               701             -0.76         -0.778146        0.00359973
               702              -0.6         -0.777892        0.00360353
               703             -0.76         -0.777866         0.0035985
               704             -0.92         -0.778068        0.00359904
               705             -0.92          -0.77827        0.00359957
               706             -0.92          -0.77847        0.00360006
               707             -0.92          -0.77867        0.00360053
               708             -0.84         -0.778757        0.00359649
               709             -0.84         -0.778843        0.00359245
               710             -0.84          -0.77893        0.00358842
               711             -0.84         -0.779015         0.0035844
               712             -0.68         -0.778876        0.00358207
               713             -0.76          -0.77885        0.00357714
               714             -0.76         -0.778824        0.00357223
               715             -0.68         -0.778685         0.0035699
               716             -0.68         -0.778547        0.00356758
               717             -0.68          -0.77841        0.00356525
               718              -0.6         -0.778162        0.00356893
               719             -0.76         -0.778136        0.00356406
               720             -0.84         -0.778222        0.00356014
               721             -0.84         -0.778308        0.00355624
               722             -0.84         -0.778393        0.00355234
               723             -0.84         -0.778479        0.00354845
               724             -0.76         -0.778453        0.00354364
               725             -0.76         -0.778428        0.00353884
               726             -0.84         -0.778512        0.00353498
               727             -0.84         -0.778597        0.00353113
               728             -0.76         -0.778571        0.00352637
               729              -0.6         -0.778326        0.00353003
               730             -0.68         -0.778192        0.00352777
               731             -0.76         -0.778167        0.00352303
               732             -0.76         -0.778142         0.0035183
               733             -0.68         -0.778008        0.00351605
               734             -0.68         -0.777875        0.00351379
               735             -0.76          -0.77785         0.0035091
               736             -0.68         -0.777717        0.00350685
               737             -0.76         -0.777693        0.00350217
               738             -0.76         -0.777669        0.00349751
               739             -0.68         -0.777537        0.00349527
               740             -0.68         -0.777405        0.00349303
               741             -0.76         -0.777382         0.0034884
               742             -0.84         -0.777466        0.00348472
               743             -0.84          -0.77755        0.00348104
               744             -0.84         -0.777634        0.00347738
               745             -0.84         -0.777718        0.00347372
               746             -0.84         -0.777802        0.00347006
               747             -0.84         -0.777885        0.00346642
               748             -0.76         -0.777861        0.00346186
               749             -0.76         -0.777837        0.00345732
               750             -0.76         -0.777813         0.0034528
               751             -0.76          -0.77779        0.00344828
               752             -0.92         -0.777979        0.00344888
               753             -0.76         -0.777955        0.00344438
               754             -0.68         -0.777825        0.00344226
               755             -0.68         -0.777695        0.00344014
               756             -0.68         -0.777566        0.00343801
               757             -0.84         -0.777649        0.00343446
               758             -0.84         -0.777731        0.00343092
               759             -0.84         -0.777813        0.00342738
               760             -0.92            -0.778        0.00342797
               761             -0.92         -0.778187        0.00342854
               762             -0.92         -0.778373        0.00342909
               763             -0.92         -0.778558        0.00342961
               764             -0.84         -0.778639        0.00342607
               765             -0.84         -0.778719        0.00342253
               766             -0.84         -0.778799        0.00341899
               767             -0.92         -0.778983        0.00341949
               768             -0.92         -0.779167        0.00341996
               769             -0.92          -0.77935        0.00342042
               770             -0.92         -0.779532        0.00342085
               771             -0.84         -0.779611        0.00341731
               772             -0.84         -0.779689        0.00341378
               773             -0.76         -0.779664        0.00340946
               774             -0.76         -0.779638        0.00340515
               775             -0.84         -0.779716        0.00340164
               776             -0.84         -0.779794        0.00339815
               777             -0.76         -0.779768        0.00339387
               778             -0.76         -0.779743         0.0033896
               779             -0.68         -0.779615        0.00338767
               780             -0.68         -0.779487        0.00338573
               781             -0.68          -0.77936        0.00338379
               782              -0.6          -0.77913        0.00338723
               783             -0.68         -0.779004        0.00338527
               784             -0.76          -0.77898        0.00338104
               785             -0.76         -0.778955        0.00337682
               786             -0.76         -0.778931        0.00337261
               787             -0.84         -0.779009        0.00336921
               788             -0.84         -0.779086        0.00336583
               789             -0.84         -0.779163        0.00336245
               790             -0.84         -0.779241        0.00335907
               791             -0.84         -0.779317         0.0033557
               792             -0.68         -0.779192        0.00335381
               793             -0.68         -0.779067        0.00335191
               794             -0.84         -0.779144        0.00334857
               795             -0.76         -0.779119        0.00334444
               796             -0.84         -0.779196        0.00334111
               797             -0.92         -0.779373        0.00334159
               798             -0.84         -0.779449        0.00333827
               799             -0.84         -0.779524        0.00333495
               800             -0.84           -0.7796        0.00333164
               801             -0.76         -0.779576        0.00332757
               802              -0.6         -0.779352        0.00333094
               803              -0.6         -0.779128        0.00333427
               804              -0.6         -0.778905        0.00333756
               805             -0.52         -0.778584        0.00334888
               806             -0.68         -0.778462        0.00334695
               807             -0.68          -0.77834        0.00334503
               808             -0.76         -0.778317        0.00334097
               809             -0.68         -0.778195        0.00333905
               810              -0.6         -0.777975        0.00334216
               811              -0.6         -0.777756        0.00334524
               812             -0.52         -0.777438        0.00335615
               813              -0.6          -0.77722        0.00335911
               814             -0.76         -0.777199        0.00335505
               815             -0.68          -0.77708        0.00335305
               816             -0.68         -0.776961        0.00335105
               817             -0.68         -0.776842        0.00334905
               818             -0.68         -0.776724        0.00334705
               819             -0.68         -0.776606        0.00334505
               820             -0.68         -0.776488        0.00334304
               821             -0.52         -0.776175        0.00335353
               822             -0.52         -0.775864         0.0033639
               823             -0.52         -0.775553        0.00337415
               824             -0.76         -0.775534        0.00337011
               825             -0.84         -0.775612        0.00336693
               826             -0.76         -0.775593        0.00336291
               827             -0.84         -0.775671        0.00335974
               828             -0.84         -0.775749        0.00335658
               829             -0.84         -0.775826        0.00335343
               830             -0.84         -0.775904        0.00335028
               831             -0.92         -0.776077        0.00335073
               832             -0.84         -0.776154        0.00334759
               833             -0.92         -0.776327        0.00334802
               834             -0.84         -0.776403        0.00334487
               835             -0.84         -0.776479        0.00334174
               836             -0.84         -0.776555         0.0033386
               837             -0.92         -0.776726        0.00333901
               838             -0.92         -0.776897         0.0033394
               839             -0.76         -0.776877        0.00333548
               840             -0.76         -0.776857        0.00333157
               841             -0.76         -0.776837        0.00332767
               842             -0.76         -0.776817        0.00332378
               843             -0.76         -0.776797        0.00331989
               844             -0.76         -0.776777        0.00331602
               845             -0.76         -0.776757        0.00331215
               846             -0.76         -0.776738         0.0033083
               847             -0.84         -0.776812        0.00330524
               848             -0.84         -0.776887        0.00330218
               849             -0.84         -0.776961        0.00329912
               850             -0.76         -0.776941         0.0032953
               851             -0.76         -0.776921        0.00329149
               852             -0.68         -0.776808        0.00328959
               853             -0.84         -0.776882        0.00328657
               854             -0.84         -0.776956        0.00328355
               855             -0.76         -0.776936        0.00327977
               856             -0.76         -0.776916          0.003276
               857             -0.68         -0.776803        0.00327413
               858             -0.68          -0.77669        0.00327226
               859             -0.84         -0.776764        0.00326928
               860             -0.84         -0.776837         0.0032663
               861             -0.84         -0.776911        0.00326333
               862             -0.76         -0.776891        0.00325961
               863             -0.84         -0.776964        0.00325665
               864             -0.76         -0.776944        0.00325294
               865             -0.76         -0.776925        0.00324924
               866             -0.76         -0.776905        0.00324554
               867             -0.76         -0.776886        0.00324186
               868             -0.76         -0.776866        0.00323818
               869             -0.84         -0.776939        0.00323527
               870             -0.84         -0.777011        0.00323236
               871             -0.76         -0.776992        0.00322871
               872             -0.84         -0.777064        0.00322582
               873             -0.92         -0.777228        0.00322628
               874             -0.92         -0.777391        0.00322672
               875             -0.92         -0.777554        0.00322714
               876             -0.84         -0.777626        0.00322425
               877             -0.84         -0.777697        0.00322135
               878             -0.68         -0.777585        0.00321961
               879             -0.76         -0.777565        0.00321601
               880             -0.84         -0.777636        0.00321313
               881             -0.84         -0.777707        0.00321027
               882             -0.76         -0.777687        0.00320669
               883             -0.84         -0.777758        0.00320383
               884             -0.84         -0.777828        0.00320098
               885             -0.84         -0.777898        0.00319814
               886             -0.92         -0.778059        0.00319855
               887             -0.92         -0.778219        0.00319894
               888             -0.92         -0.778378        0.00319932
               889             -0.76         -0.778358        0.00319579
               890             -0.76         -0.778337        0.00319226
               891             -0.76         -0.778316        0.00318875
               892             -0.76         -0.778296        0.00318524
               893             -0.92         -0.778455        0.00318562
               894             -0.84         -0.778523         0.0031828
               895             -0.84         -0.778592        0.00317999
               896             -0.84         -0.778661        0.00317718
               897             -0.76          -0.77864         0.0031737
               898             -0.76         -0.778619        0.00317024
               899             -0.84         -0.778687        0.00316745
               900             -0.84         -0.778756        0.00316466
               901             -0.84         -0.778824        0.00316188
               902             -0.84         -0.778891         0.0031591
               903             -0.68         -0.778782         0.0031575
               904             -0.76         -0.778761        0.00315407
               905             -0.84         -0.778829        0.00315131
               906             -0.84         -0.778896        0.00314856
               907             -0.84         -0.778964        0.00314581
               908             -0.84         -0.779031        0.00314306
               909             -0.84         -0.779098        0.00314032
               910             -0.84         -0.779165        0.00313758
               911             -0.84         -0.779232        0.00313485
               912             -0.76         -0.779211        0.00313148
               913             -0.76         -0.779189        0.00312812
               914             -0.76         -0.779168        0.00312477
               915             -0.84         -0.779235        0.00312206
               916             -0.84         -0.779301        0.00311936
               917             -0.84         -0.779368        0.00311666
               918             -0.84         -0.779434        0.00311396
               919             -0.84         -0.779499        0.00311127
               920             -0.76         -0.779478        0.00310796
               921             -0.84         -0.779544        0.00310528
               922             -0.84          -0.77961        0.00310261
               923             -0.84         -0.779675        0.00309994
               924             -0.84          -0.77974        0.00309727
               925             -0.76         -0.779719        0.00309399
               926             -0.76         -0.779698        0.00309073
               927             -0.84         -0.779763        0.00308808
               928             -0.76         -0.779741        0.00308482
               929              -0.6         -0.779548        0.00308756
               930              -0.6         -0.779355        0.00309027
               931             -0.68         -0.779248         0.0030888
               932             -0.68         -0.779142        0.00308732
               933             -0.84         -0.779207         0.0030847
               934             -0.84         -0.779272        0.00308208
               935             -0.84         -0.779337        0.00307947
               936             -0.84         -0.779402        0.00307686
               937             -0.68         -0.779296        0.00307541
               938             -0.68          -0.77919        0.00307395
               939             -0.68         -0.779084        0.00307249
               940             -0.76         -0.779064        0.00306929
               941             -0.76         -0.779044        0.00306609
               942             -0.84         -0.779108        0.00306352
               943             -0.84         -0.779173        0.00306095
               944             -0.84         -0.779237        0.00305839
               945             -0.68         -0.779132        0.00305695
               946             -0.76         -0.779112        0.00305379
               947             -0.84         -0.779176        0.00305124
               948             -0.84         -0.779241         0.0030487
               949             -0.68         -0.779136        0.00304728
               950              -0.6         -0.778947         0.0030499
               951             -0.68         -0.778843        0.00304847
               952             -0.76         -0.778824        0.00304533
               953             -0.68          -0.77872         0.0030439
               954              -0.6         -0.778532        0.00304647
               955             -0.76         -0.778513        0.00304334
               956              -0.6         -0.778326        0.00304588
               957              -0.6          -0.77814        0.00304839
               958             -0.68         -0.778038        0.00304693
               959             -0.76         -0.778019        0.00304381
               960             -0.76            -0.778         0.0030407
               961             -0.76         -0.777981        0.00303759
               962             -0.68         -0.777879        0.00303614
               963             -0.76         -0.777861        0.00303304
               964             -0.76         -0.777842        0.00302995
               965             -0.76         -0.777824        0.00302687
               966             -0.84         -0.777888        0.00302442
               967             -0.76          -0.77787        0.00302135
               968             -0.76         -0.777851        0.00301829
               969              -0.6         -0.777668        0.00302075
               970              -0.6         -0.777485        0.00302318
               971              -0.6         -0.777302        0.00302559
               972              -0.6         -0.777119        0.00302797
               973             -0.76         -0.777102        0.00302491
               974              -0.6          -0.77692        0.00302726
               975             -0.68         -0.776821        0.00302579
               976             -0.68         -0.776721        0.00302431
               977             -0.68         -0.776622        0.00302284
               978             -0.84         -0.776687        0.00302044
               979             -0.84         -0.776752        0.00301805
               980             -0.76         -0.776735        0.00301502
               981             -0.76         -0.776718        0.00301199
               982             -0.68         -0.776619        0.00301053
               983             -0.76         -0.776602        0.00300752
               984             -0.76         -0.776585        0.00300451
               985             -0.76         -0.776569        0.00300151
               986             -0.76         -0.776552        0.00299851
               987             -0.76         -0.776535        0.00299552
               988             -0.76         -0.776518        0.00299253
               989             -0.76         -0.776502        0.00298955
               990             -0.76         -0.776485        0.00298658
               991             -0.68         -0.776387        0.00298515
               992             -0.68          -0.77629        0.00298373
               993             -0.68         -0.776193         0.0029823
               994             -0.76         -0.776177        0.00297934
               995             -0.76         -0.776161        0.00297639
               996             -0.76         -0.776145        0.00297345
               997             -0.68         -0.776048        0.00297203
               998             -0.68         -0.775952        0.00297061
               999             -0.68         -0.775856        0.00296919
              1000              -0.6          -0.77568        0.00297142
