#BEST_LENGTH_HISTORY
433.713
418.27
386.852
372.887
364.673
356.328
352.424
341.971
334.759
333.158
327.578
316.868
307.454
305.121
296.591
293.626
282.09
280.458
277.653
273.074
272.41
265.684
264.61
258.852
258.852
253.532
251
247.242
243.004
241.203
240.295
235.645
233.388
229.791
229.22
226.948
221.609
221.273
210.674
206.967
206.967
204.073
200.632
200.627
196.826
192.969
192.534
190.286
189.758
189.201
187.368
185.24
184.439
182.077
181.259
180.208
178.47
178.47
176.019
172.153
171.065
171.065
171.065
169.671
168.45
165.836
164.646
162.131
162.131
157.45
157.45
155.635
155.635
155.356
152.617
152.617
151.737
149.576
147.719
147.719
146.874
143.607
143.411
143.053
142.734
142.223
142.223
142.223
140.146
138.329
138.329
137.759
137.422
137.322
136.592
136.415
135.248
134.901
133.553
133.553
132.784
131.64
131.395
130.215
130.215
129.365
129.365
129.365
129.156
127.866
127.866
125.977
125.106
124.462
123.48
123.48
123.476
122.866
122.866
122.21
121.38
120.174
120.174
119.761
117.436
117.436
117.045
117.045
116.977
116.037
116.037
116.037
114.637
114.637
114.637
114.614
113.51
113.453
112.989
112.989
112.989
112.821
112.821
111.761
111.761
111.761
111.304
111.138
110.055
110.055
109.801
109.598
108.481
108.481
108.126
108.126
107.628
107.628
107.628
106.875
106.741
106.741
106.741
106.635
106.239
106.239
106.239
103.4
103.4
103.295
102.531
102.531
102.259
102.153
102.153
101.439
101.439
101.439
101.177
100.795
100.433
98.9843
98.8346
98.8346
98.8346
97.5574
97.5574
97.5574
97.3275
97.3275
96.0741
96.0741
96.0741
96.0445
96.0445
95.5666
95.2713
95.0914
95.0914
94.6134
94.6134
93.5104
93.5104
93.3035
93.3035
93.3035
93.3035
93.3035
93.3035
93.3035
93.1194
93.1194
93.1194
92.6996
92.6996
92.6162
91.8708
91.8708
90.3505
90.3505
90.3505
89.6117
89.6117
89.6117
89.6117
89.5714
89.0656
89.0656
89.0656
89.0656
89.0656
88.602
88.0022
87.2503
87.2503
87.2503
87.1342
87.1342
86.7551
86.639
86.639
85.6986
85.6986
85.6986
85.2997
85.2997
85.2997
85.2
85.129
84.9297
84.2595
84.2595
84.2595
84.2595
84.2201
84.2201
84.2201
84.2201
84.2201
83.8931
83.8536
83.4509
83.4509
83.4115
83.4115
83.4115
83.4115
83.3634
82.9238
82.9238
82.5656
82.4463
82.4463
82.4463
82.4463
81.7399
81.7399
81.7399
81.7399
81.5479
81.5479
81.2805
81.2805
81.2805
81.2805
81.2805
81.2805
80.7822
80.7822
80.3968
80.3968
80.3968
80.3968
80.3968
80.3968
80.3968
80.0618
79.7645
79.7645
79.7645
79.7645
79.2855
78.9882
78.9882
78.9882
78.9882
78.9842
78.8247
78.8247
78.5055
78.5055
78.5055
78.5055
78.5055
78.5055
78.5055
78.5055
78.5055
78.5055
78.5055
78.1862
77.7996
77.7996
77.7996
77.727
77.727
77.727
77.727
77.727
77.727
77.727
77.727
76.8711
76.8711
76.8711
76.8711
76.8711
76.8711
76.8711
76.8711
76.8711
76.8711
76.8711
76.5798
76.4924
76.4924
76.4924
76.4924
76.4886
76.4886
76.4886
76.4886
76.4886
76.4886
76.2719
76.2719
76.2719
76.2719
76.2719
76.2719
76.2719
76.2719
76.2719
76.2719
76.2719
76.2719
76.2719
76.2719
76.2719
76.2145
76.2145
75.7928
75.7928
75.7928
75.7354
75.7354
75.7354
75.7354
75.7354
75.7354
75.2719
75.2719
75.2719
75.2719
75.2719
75.2719
75.2684
75.2684
74.8436
74.8436
74.8436
74.8436
74.8436
74.8436
74.8436
74.693
74.693
74.5221
74.5221
74.5221
74.5221
74.5221
74.5221
74.4077
74.4077
74.4077
74.4077
74.4077
74.4077
74.261
74.261
74.261
73.8942
73.7476
73.7476
73.7476
73.7476
73.7476
73.7476
73.7476
73.7476
73.7476
73.7393
73.7393
73.4562
73.4562
73.4562
73.4562
73.4562
73.4562
73.4562
73.4562
73.4562
73.4562
73.4562
73.4562
73.4562
73.4562
73.4562
73.4562
73.4562
73.4562
73.4562
73.4562
73.4562
73.4562
73.4104
73.4104
73.4104
73.4104
73.4104
73.4104
73.4104
73.4104
73.4104
73.4104
73.4104
73.4104
73.4104
73.3387
73.3387
73.3387
73.3387
73.3387
73.3387
73.3387
73.3387
73.3387
73.3387
73.3387
73.3387
73.3387
73.3387
73.3387
73.3387
73.3387
73.3387
73.3387
73.2343
73.2343
73.2343
73.2343
73.2343
73.2343
73.2343
73.2343
73.2343
73.2343
73.2343
73.2343
73.2343
73.2343
73.2343
73.2343
73.2343
73.2343
73.2343
73.2343
73.2343
73.2343
73.2343
73.2343
73.2343
73.2343
73.2343
73.2343
73.2343
73.2343
73.2343
73.2343
73.2343
73.2343
73.2343
73.2343
73.2343
73.2343
73.2343
73.2343
73.2343
73.2343
73.2343
73.2343
73.2343
73.2343
73.2343
73.2343
73.2343
73.2343
73.2343
73.2343
73.2343
73.2343
73.2343
73.2343
73.2343
73.2343
73.2343
73.2343
73.2343
73.2343
73.2343
73.2343
73.2343
73.2343
73.2343
73.2343
73.2343
73.2343
73.2343
73.2343
73.2343
73.2343
73.2343
73.1174
73.1174
73.1174
73.1174
73.1174
73.1174
73.1174
73.1174
73.1174
73.1174
73.1174
73.1174
73.1174
72.7181
72.7181
72.7181
72.7181
72.7181
72.7181
72.7181
72.6724
72.6724
72.6724
72.6724
72.6724
72.6724
72.6724
72.6724
72.6724
72.6724
72.6724
72.6724
72.6724
72.6724
72.6724
72.6724
72.6724
72.2884
72.2884
72.2884
72.2884
72.2884
72.2884
72.2884
72.2884
72.2884
72.2884
72.2884
72.2884
72.2884
72.2884
72.2884
72.2884
72.2884
72.2884
72.2884
72.2884
72.2884
72.2884
72.2884
72.2884
72.2884
72.2884
72.2884
72.2884
72.2884
72.2697
72.2697
72.2697
72.2697
72.2697
72.2697
72.2697
72.2697
72.2697
72.2697
72.2697
72.2697
72.2697
72.2697
72.2697
72.2697
72.2697
72.2697
72.2697
72.2697
72.2697
72.2697
72.2697
72.2697
72.2697
72.2697
72.2697
72.2697
72.2697
72.2697
72.2697
72.2697
72.2697
72.2697
72.2697
72.0672
72.0672
72.0672
72.0672
72.0672
72.0672
72.0672
72.0672
72.0672
71.8546
71.8546
71.8546
71.8546
71.8546
71.8546
71.8546
71.8546
71.8546
71.8546
71.8546
71.8546
71.8546
71.8546
71.8546
71.8546
71.8546
71.8546
71.8546
71.8546
71.8546
71.8546
71.8546
71.8546
71.8546
71.8546
71.8546
71.8546
71.8546
71.8546
71.8546
71.8546
71.8546
71.8546
71.8546
71.8546
71.8546
71.8546
71.8546
71.8546
71.8546
71.8546
71.8546
71.8546
71.8546
71.8546
71.8546
71.8546
71.8546
71.8546
71.8546
71.8546
71.8546
71.8546
71.8546
71.8546
71.8546
71.8546
71.8546
71.8546
71.8546
71.8546
71.8546
71.8546
71.8546
71.8546
71.8546
71.8546
71.8546
71.8546
71.8546
71.8546
71.8546
71.8546
71.8546
71.8546
71.8546
71.8546
71.8546
71.8546
71.8546
71.8546
71.8546
71.8546
71.8546
71.8546
71.8546
71.8546
71.8546
71.8546
71.8546
71.8546
71.8546
71.8546
71.8546
71.8546
71.8546
71.8546
71.8546
71.8546
71.8546
71.8546
71.8546
71.8546
71.8546
71.8546
71.8546
71.8546
71.8546
71.8546
71.8546
71.8546
71.8546
71.8546
71.8546
71.8546
71.8546
71.8546
71.8546
71.8546
71.8546
71.8546
71.8546
71.8546
71.8546
71.8546
71.8546
71.8546
71.8546
71.8546
71.8546
71.8546
71.8546
71.8546
71.8546
71.8546
71.8546
71.8546
71.8546
71.8546
71.8546
71.8546
71.8546
71.8546
71.8546
71.8546
71.8546
71.8546
71.8546
71.8546
71.8546
71.8546
71.8546
71.8546
71.8546
71.8546
71.8546
71.8546
71.8546
71.8546
71.8546
71.8546
71.8546
71.8546
71.8546
71.8546
71.8546
71.8546
71.8546
71.8546
71.8546
71.8546
71.8546
71.8546
71.8546
71.8546
71.8546
71.8546
71.8546
71.8546
71.8546
71.8546
71.8546
71.8546
71.8546
71.8546
71.8546
71.8546
71.8546
71.8546
71.8546
71.8546
71.8546
71.8546
71.8546
71.8546
71.8546
71.8546
71.8546
71.8546
71.8546
71.8546
71.8546
71.8546
71.8546
71.8546
71.8546
71.8546
71.8546
71.8546
71.8546
71.8546
71.8546
71.8546
71.8546
71.8546
71.8546
71.8546
71.8546
71.8546
71.8546
71.8546
71.8546
71.8546
71.8546
71.8546
71.8546
71.8546
71.8546
71.8546
71.8546
71.8546
71.8546
71.8546
71.8546
71.8546
71.8546
71.8546
71.8546
71.8546
71.8546
71.8546
71.8546
71.8546
71.8187
71.8187
71.8187
71.8187
71.8187
71.8187
71.8187
71.8187
71.8187
71.8187
71.8187
71.8187
71.8187
71.7157
71.7157
71.7157
71.7157
71.7157
71.7157
71.7157
71.7157
71.7157
71.7157
71.7157
71.7157
71.7157
71.7157
71.7157
71.7157
71.7157
71.7157
71.7157
71.7157
71.7157
71.7157
71.7157
71.7157
71.7157
71.7157
71.7157
71.7157
71.7157
71.7157
71.7157
71.7157
71.7157
71.7157
71.7157
71.7157
71.7157
71.7157
71.7157
71.7157
71.7157
71.7157
71.7157
71.7157
71.5053
71.5053
71.5053
71.5053
71.5053
71.5053
71.2654
71.2654
71.2654
71.2654
71.2654
71.2654
71.2654
71.2654
71.2654
71.2654
71.2654
71.2654
71.2654
71.2654
71.2654
71.2654
71.2654
71.2654
71.2654
71.2654
71.2654
71.2654
71.2654
71.2654
71.2654
71.2654
71.2654
70.9582
70.9582
70.9582
70.9582
70.9582
70.9582
70.9582
70.9582
70.9582
70.9582
70.9582
70.9582
70.9582
70.9582
70.9582
70.9582
70.9582
70.9582
70.9582
70.9582
70.9582
70.9582
70.9582
70.9582
70.9582
70.9582
70.9582
70.9582
70.9582
70.9582
70.9582
70.9582
70.9582
70.9582
70.9582
70.9582
70.9582
70.9582
70.9582
70.9582
70.9582
70.9582
70.9582
70.9582
70.9582
70.9582
70.9582
70.9582
70.9582
70.9582
70.9582
70.9582
70.9582
70.9582
70.9582
70.9582
70.9582
70.9582
70.9582
70.9582
70.9582
70.9582
70.9582
70.9582
70.9582
70.9582
70.9582
70.9582
70.9582
70.9582
70.9582
70.9582
70.8709
70.8709
70.8709
70.8709
70.8709
70.8709
70.8709
70.8709
70.8709
70.8709
70.8709
70.8709
70.8709
70.8709
70.8709
70.8709
70.8709
70.8709
70.8709
70.8709
70.8709
70.8709
70.8709
70.8709
70.8709
70.8709
70.8709
70.8709
70.8709
70.8709
70.8709
70.8709
70.8709
70.8709
70.5423
70.5423
70.5423
70.5423
70.5423
70.5423
70.5423
70.5423
70.5423
70.5423
70.5423
70.5423
70.5423
70.5423
70.5423
70.5423
70.5423
70.5423
70.5423
70.5423
70.5423
70.5423
70.5423
70.5423
70.5423
70.5423
70.5423
70.5423
70.5423
70.5423
70.5423
70.5423
70.5423
70.5423
70.5423
70.5423
70.5423
70.5423
70.5423
70.5423
70.5423
70.5423
70.5423
70.5423
70.5423
70.5423
70.5423
70.5423
70.5423
70.5423
70.5423
70.5423
70.5423
70.5423
70.5423
70.5423
70.5423
70.5423
70.5423
70.5423
70.5423
70.5423
70.5423
70.5423
70.5423
70.5423
70.5423
70.5423
70.5423
70.5423
70.5423
70.5423
70.5423
70.5423
70.5423
70.5423
70.5423
70.5423
70.5423
70.5423
70.5423
70.5423
70.5423
70.5423
70.5423
70.5423
70.5423
70.5423
70.5423
70.5423
70.5423
70.5423
70.5423
70.5423
70.5423
70.5423
70.5423
70.5423
70.5423
70.5423
70.5423
70.5423
70.5423
70.5423
70.5423
70.5423
70.5423
70.5423
70.5423
70.5423
70.5423
70.5423
70.5423
70.5423
70.5423
70.5423
70.5423
70.5423
70.5423
70.5423
70.5423
70.5423
70.5423
70.5423
70.5423
70.5423
70.5423
70.5423
70.5423
70.5423
70.5423
70.5423
70.5423
70.5423
70.5423
70.5423
70.5423
70.5423
70.5423
70.5423
70.5423
70.5423
70.5423
70.5423
70.5423
70.5423
70.5423
70.5423
70.5423
70.5423
70.5423
70.5423
70.5423
70.5423
70.5423
70.5423
70.5423
70.5423
70.5423
70.5423
70.5423
70.5423
70.5423
70.5423
70.5423
70.5423
70.5423
70.5423
70.5423
70.5423
70.5423
70.5423
70.5423
70.5423
70.5423
70.5423
70.5423
70.5423
70.5423
70.5423
70.5423
70.5423
70.5423
70.5423
70.5423
70.5423
70.5423
70.5423
70.5423
70.5423
70.5423
70.5423
70.5423
70.5423
70.5423
70.5423
70.5423
70.5423
70.5423
70.5423
70.5423
70.5423
70.5423
70.5423
70.5423
70.5423
70.5423
70.5423
70.5423
70.5423
70.5423
70.5423
70.5423
70.5423
70.5423
70.5423
70.5423
70.5423
70.5423
70.5423
70.5423
70.5423
70.5423
70.5423
70.5423
70.5423
70.5423
70.5423
70.5423
70.5423
70.5423
70.5423
70.5423
70.5423
70.5423
70.5423
70.5423
70.5423
70.5423
70.5423
70.5423
70.5423
70.5423
70.5423
70.5423
70.5423
70.5423
70.5423
70.5423
70.5423
70.5423
70.5423
70.5423
70.5423
70.5423
70.5423
70.5423
70.5423
70.5423
70.5423
70.5423
70.5423
70.5423
70.5423
70.5423
70.5423
70.5423
70.5423
70.5423
70.5423
70.5423
70.5423
70.5423
70.5423
70.5423
70.5423
70.5423
70.5423
70.5423
70.5423
70.5423
70.5423
70.5423
70.5423
70.5423
70.5423
70.5423
70.5423
70.5423
70.5423
70.5423
70.5423
70.5423
70.5423
70.5423
70.5423
70.5423
70.5423
70.5423
70.5423
70.5423
70.5423
70.5423
70.5423
70.5423
70.5423
70.5423
70.5423
70.5423
70.5423
70.5423
70.5423
70.5423
70.5423
70.5423
70.5423
70.5423
70.5423
70.5423
70.5423
70.5423
70.5423
70.5423
70.5423
70.5423
70.5423
70.5423
70.5423
70.5423
70.5423
70.5423
70.5423
70.5423
70.5423
70.5423
70.5423
70.5423
70.5423
70.5423
70.5423
70.5423
70.5423
70.5423
70.5423
70.5423
70.5423
70.5423
70.5423
70.5423
70.5423
70.5423
70.5423
70.5423
70.5423
70.5423
70.5423
70.5423
70.5423
70.5423
70.5423
70.5423
70.5423
70.5423
70.5423
70.5423
70.5423
70.5423
70.5423
70.5423
70.5423
70.5423
70.5423
70.5423
70.5423
70.5423
70.5423
70.5423
70.5423
70.5423
70.5423
70.5423
70.5423
70.5423
70.5423
70.5423
70.5423
70.5423
70.5423
70.5423
70.5423
70.5423
70.5423
70.5423
70.5423
70.5423
70.5423
70.5423
70.5423
70.5423
70.5423
70.5423
70.5423
70.5423
70.5423
70.5423
70.5423
70.5423
70.5423
70.5423
70.5423
70.5423
70.5423
70.5423
70.5423
70.5423
70.5423
70.5423
70.5423
70.5423
70.5423
70.5423
70.5423
70.5423
70.5423
70.5423
70.5423
70.5423
70.5423
70.5423
70.5423
70.5423
70.5423
70.5423
70.5423
70.5423
70.5423
70.5423
70.5423
70.5423
70.5423
70.5423
70.5423
70.5423
70.5423
70.5423
70.5423
70.5423
70.5423
70.5423
70.5423
70.5423
70.5423
70.5423
70.5423
70.5423
70.5423
70.5423
70.5423
70.5423
70.5423
70.5423
70.5423
70.5423
70.5423
70.5423
70.5423
70.5423
70.5423
70.5423
70.5423
70.5423
70.5423
70.5423
70.5423
70.5423
70.5423
70.5423
70.5423
70.5423
70.5423
70.5423
70.5423
70.5423
70.5423
70.5423
70.5423
70.5423
70.5423
70.5423
70.5423
70.5423
70.5423
70.5423
70.5423
70.5423
70.5423
70.5423
70.5423
70.5423
70.5423
70.5423
70.5423
70.5423
70.5423
70.5423
70.5423
70.5423
70.5423
70.5423
70.5423
70.5423
70.5423
70.5423
70.5423
70.5423
70.5423
70.5423
70.5423
70.5423
70.5423
70.5423
70.5423
70.5423
70.5423
70.5423
70.5423
70.5423
70.5423
70.5423
70.5423
70.5423
70.5423
70.5423
70.5423
70.5423
70.5423
70.5423
70.5423
70.5423
70.5423
70.5423
70.5423
70.5423
70.5423
70.5423
70.5423
70.5423
70.5423
70.5423
70.5423
70.5423
70.5423
70.5423
70.5423
70.5423
70.5423
70.5423
70.5423
70.5423
70.5423
70.5423
70.5423
70.5423
70.5423
70.5423
70.5423
70.5423
70.5423
70.5423
70.5423
70.5423
70.5423
70.5423
70.5423
70.5423
70.5423
70.5423
70.5423
70.5423
70.5423
70.5423
70.5423
70.5423
70.5423
70.5423
70.5423
70.5423
70.5423
70.5423
70.5423
70.5423
70.5423
70.5423
70.5423
70.5423
70.5423
70.5423
70.5423
70.5423
70.5423
70.5423
70.5423
70.5423
70.5423
70.5423
70.5423
70.5423
70.5423
70.5423
70.5423
70.5423
70.5423
70.5423
70.5423
70.5423
70.5423
70.5423
70.5423
70.5423
70.5423
70.5423
70.5423
70.5423
70.5423
70.5423
70.5423
70.5423
70.5423
70.5423
70.5423
70.5423
70.5423
70.5423
70.5423
70.5423
70.5423
70.5423
70.5423
70.5423
70.5423
70.5423
70.5423
70.5423
70.5423
70.5423
70.5423
70.5423
70.5423
70.5423
70.5423
70.5423
70.5423
70.5423
70.5423
70.5423
70.5423
70.5423
70.5423
70.5423
70.5423
70.5423
70.5423
70.5423
70.5423
70.5423
70.5423
70.5423
70.5423
70.5423
70.5423
70.5423
70.5423
70.5423
70.5423
70.5423
70.5423
70.5423
70.5423
70.5423
70.5423
70.5423
70.5423
70.5423
70.5423
70.5423
70.5423
70.5423
70.5423
70.5423
70.5423
70.5423
70.5423
70.5423
70.5423
70.5423
70.5423
70.5423
70.5423
70.5423
70.5423
70.5423
70.5423
70.5423
70.5423
70.5423
70.5423
70.5423
70.5423
70.5423
70.5423
70.5423
70.5423
70.5423
70.5423
70.5423
70.5423
70.5423
70.5423
70.5423
70.5423
70.5423
70.5423
70.5423
70.5423
70.5423
70.5423
70.5423
70.5423
70.5423
70.5423
70.5423
70.5423
70.5423
70.5423
70.5423
70.5423
70.5423
70.5423
70.5423
70.5423
70.5423
70.5423
70.5423
70.524
70.524
70.524
70.524
70.524
70.524
70.524
70.524
70.524
70.524
70.524
70.524
70.524
70.524
70.524
70.524
70.524
70.524
70.524
70.524
70.524
70.524
70.524
70.524
70.524
70.524
70.524
70.524
70.524
70.524
70.524
70.524
70.524
70.524
70.524
70.524
70.524
70.524
70.524
70.524
70.524
70.524
70.524
70.524
70.524
70.524
70.524
70.524
70.524
70.524
70.524
70.524
70.524
70.524
70.524
70.524
70.524
70.524
70.524
70.524
70.524
70.524
70.524
70.524
70.524
70.524
70.524
70.524
70.524
70.524
70.524
70.524
70.524
70.524
70.524
70.524
70.524
70.524
70.524
70.524
70.524
70.524
70.524
70.524
70.524
70.524
70.524
70.524
70.524
70.524
70.524
70.524
70.524
70.524
70.524
70.524
70.524
70.524
70.524
70.524
70.524
70.524
70.524
70.524
70.524
70.524
70.524
70.524
70.524
70.524
70.524
70.524
70.524
70.524
70.524
70.524
70.524
70.524
70.524
70.524
70.524
70.524
70.524
70.524
70.524
70.524
70.524
70.524
70.524
70.524
70.524
70.524
70.524
70.524
70.524
70.524
70.524
70.524
70.524
70.524
70.524
70.524
70.524
70.524
70.524
70.524
70.4648
70.4648
70.4648
70.4648
70.4648
70.4648
70.4648
70.4648
70.4648
70.4648
70.4648
70.4648
70.4648
70.4648
70.4648
70.4648
70.4648
69.7145
69.7145
69.7145
69.7145
69.7145
69.7145
69.7145
69.7145
69.7145
69.7145
69.7145
69.7145
69.7145
69.7145
69.7145
69.7145
69.7145
69.7145
69.7145
69.7145
69.7145
69.7145
69.7145
69.7145
69.7145
69.7145
69.7145
69.7145
69.7145
69.7145
69.7145
69.7145
69.7145
69.7145
69.7145
69.7145
69.7145
69.7145
69.7145
69.7145
69.7145
69.7145
69.7145
69.7145
69.7145
69.7145
69.7145
69.7145
69.7145
69.7145
69.7145
69.7145
69.7145
69.7145
69.7145
69.7145
69.7145
69.7145
69.7145
69.7145
69.7145
69.7145
69.7145
69.7145
69.7145
69.7145
69.7145
69.7145
69.7145
69.7145
69.7145
69.7145
69.7145
69.7145
69.7145
69.7145
69.7145
69.7145
69.7145
69.7145
69.7145
69.7145
69.7145
69.7145
69.7145
69.7145
69.7145
69.7145
69.7145
69.7145
69.7145
69.7145
69.7145
69.7145
69.7145
69.7145
69.7145
69.7145
69.7145
69.7145
69.7145
69.7145
69.7145
69.7145
69.7145
69.7145
69.7145
69.7145
69.7145
69.7145
69.7145
69.7145
69.7145
69.7145
69.7145
69.7145
69.7145
69.7145
69.7145
69.7145
69.7145
69.7145
69.7145
69.7145
69.7145
69.7145
69.7145
69.7145
69.7145
69.7145
69.7145
69.7145
69.7145
69.7145
69.7145
69.7145
69.7145
69.7145
69.7145
69.7145
69.7145
69.7145
69.7145
69.7145
69.7145
69.7145
69.7145
69.7145
69.7145
69.7145
69.7145
69.7145
69.7145
69.7145
69.7145
69.7145
69.7145
69.7145
69.7145
69.7145
69.7145
69.7145
69.7145
69.7145
69.7145
69.7145
69.7145
69.7145
69.7145
69.7145
69.7145
69.7145
69.7145
69.7145
69.7145
69.7145
69.7145
69.7145
69.7145
69.7145
69.7145
69.7145
69.7145
69.7145
69.7145
69.7145
69.7145
69.7145
69.7145
69.7145
69.7145
69.7145
69.7145
69.7145
69.7145
69.7145
69.7145
69.7145
69.7145
69.7145
69.7145
69.7145
69.7145
69.7145
69.7145
69.7145
69.7145
69.7145
69.7145
69.7145
69.7145
69.7145
69.7145
69.7145
69.7145
69.7145
69.7145
69.7145
69.7145
69.7145
69.7145
69.7145
69.7145
69.7145
69.7145
69.7145
69.7145
69.7145
69.7145
69.7145
69.7145
69.7145
69.7145
69.7145
69.7145
69.7145
69.7145
69.7145
69.7145
69.7145
69.7145
69.7145
69.7145
69.7145
69.7145
69.7145
69.7145
69.7145
69.7145
69.7145
69.7145
69.7145
69.7145
69.7145
69.7145
69.7145
69.7145
69.7145
69.7145
69.7145
69.7145
69.7145
69.7145
69.7145
69.7145
69.7145
69.7145
69.7145
69.7145
69.7145
69.7145
69.7145
69.3981
69.3981
69.3981
69.3981
69.3981
69.3981
69.3981
69.3981
69.1842
69.0686
69.0686
69.0443
69.0443
69.0443
69.0443
69.0443
69.0443
69.0443
69.0443
69.0443
69.0443
69.0443
69.0443
69.0443
69.0443
69.0443
69.0443
69.0443
69.0443
69.0443
69.0443
69.0443
69.0443
69.0443
69.0443
69.0443
69.0443
69.0443
69.0443
69.0443
69.0443
69.0443
69.0443
69.0443
69.0443
69.0443
69.0443
69.0443
69.0443
69.0443
69.0443
69.0443
69.0443
69.0443
69.0443
69.0443
69.0443
69.0443
69.0443
69.0443
69.0443
69.0443
69.0443
69.0443
69.0443
69.0443
69.0443
69.0443
69.0443
69.0443
69.0443
69.0443
69.0443
69.0443
69.0443
69.0443
69.0443
69.0443
69.0443
69.0443
69.0443
69.0443
69.0443
69.0443
69.0443
69.0443
69.0443
69.0443
69.0443
69.0443
69.0443
69.0443
69.0443
69.0443
69.0443
69.0443
69.0443
69.0443
69.0443
69.0443
69.0443
69.0443
69.0443
69.0443
69.0443
69.0443
69.0443
69.0443
69.0443
69.0443
69.0443
69.0443
69.0443
69.0443
69.0443
69.0443
69.0443
69.0443
69.0443
69.0443
69.0443
69.0443
69.0443
69.0443
69.0443
69.0443
69.0443
69.0443
69.0443
69.0443
69.0443
69.0443
69.0443
69.0443
69.0443
69.0443
69.0443
69.0443
69.0443
69.0443
69.0443
69.0443
69.0443
69.0443
69.0443
69.0443
69.0443
69.0443
69.0443
69.0443
69.0443
69.0443
69.0443
69.0443
69.0443
69.0443
69.0443
69.0443
69.0443
69.0443
69.0443
69.0443
69.0443
69.0443
69.0443
69.0443
69.0443
69.0443
69.0443
69.0443
69.0443
69.0443
69.0443
69.0443
69.0443
69.0443
69.0443
69.0443
69.0443
69.0443
69.0443
69.0443
69.0443
69.0443
69.0443
69.0443
69.0443
69.0443
69.0443
69.0443
69.0443
69.0443
69.0443
69.0443
69.0443
69.0443
69.0443
69.0443
69.0443
69.0443
69.0443
69.0443
69.0443
69.0443
69.0443
69.0443
69.0443
69.0443
69.0443
69.0443
69.0443
69.0443
69.0443
69.0443
69.0443
69.0443
69.0443
69.0443
69.0443
69.0443
69.0443
69.0443
69.0443
69.0443
69.0443
69.0443
69.0443
69.0443
69.0443
69.0443
69.0443
69.0443
69.0443
69.0443
69.0443
69.0443
69.0443
69.0443
69.0443
69.0443
69.0443
69.0443
69.0443
69.0443
69.0443
69.0443
69.0443
69.0443
69.0443
69.0443
69.0443
69.0443
69.0443
69.0443
69.0443
69.0443
69.0443
69.0443
69.0443
69.0443
69.0443
69.0443
69.0443
69.0443
69.0443
69.0443
69.0443
69.0443
69.0443
69.0443
69.0443
69.0443
69.0443
69.0443
69.0443
69.0443
69.0443
69.0443
69.0443
69.0443
69.0443
69.0443
69.0443
69.0443
69.0443
69.0443
69.0443
69.0443
69.0443
69.0443
69.0443
69.0443
69.0443
69.0443
69.0443
69.0443
69.0443
69.0443
69.0443
69.0443
69.0443
69.0443
69.0443
69.0443
69.0443
69.0443
69.0443
69.0443
69.0443
69.0443
69.0443
69.0443
69.0443
69.0443
69.0443
69.0443
69.0443
69.0443
69.0443
69.0443
69.0443
69.0443
69.0443
69.0443
69.0443
69.0443
69.0443
69.0443
69.0443
69.0443
69.0443
69.0443
69.0443
69.0443
69.0443
69.0443
69.0443
69.0443
69.0443
69.0443
69.0443
69.0443
69.0443
69.0443
69.0443
69.0443
69.0443
69.0443
69.0443
69.0443
69.0443
69.0443
69.0443
69.0443
69.0443
69.0443
69.0443
69.0443
69.0443
69.0443
69.0443
69.0443
69.0443
69.0443
69.0443
69.0443
69.0443
69.0443
69.0443
69.0443
69.0443
69.0443
69.0443
69.0443
69.0443
69.0443
69.0443
69.0443
69.0443
69.0443
69.0443
69.0443
69.0443
69.0443
69.0443
69.0443
69.0443
69.0443
69.0443
69.0443
69.0443
69.0443
69.0443
69.0443
69.0443
69.0443
69.0443
69.0443
69.0443
69.0443
69.0443
69.0443
69.0443
69.0443
69.0443
69.0443
69.0443
69.0443
69.0443
69.0443
69.0443
69.0443
69.0443
69.0443
69.0443
69.0443
69.0443
69.0443
69.0443
69.0443
69.0443
69.0443
69.0443
69.0443
69.0443
69.0443
69.0443
69.0443
69.0443
69.0443
69.0443
69.0443
69.0443
69.0443
69.0443
69.0443
69.0443
69.0443
69.0443
69.0443
69.0443
69.0443
69.0443
69.0443
69.0443
69.0443
69.0443
69.0443
69.0443
69.0443
69.0443
69.0443
69.0443
69.0443
69.0443
69.0443
69.0443
69.0443
69.0443
69.0443
69.0443
69.0443
69.0443
69.0443
69.0443
69.0443
69.0443
69.0443
69.0443
69.0443
69.0443
69.0443
69.0443
69.0443
69.0443
69.0443
69.0443
69.0443
69.0443
69.0443
69.0443
69.0443
69.0443
69.0443
69.0443
69.0443
69.0443
69.0443
69.0443
69.0443
69.0443
69.0443
69.0443
69.0443
69.0443
69.0443
69.0443
69.0443
69.0443
69.0443
69.0443
69.0443
69.0443
69.0443
69.0443
69.0443
69.0443
69.0443
69.0443
69.0443
69.0443
69.0443
69.0443
69.0443
69.0443
69.0443
69.0443
69.0443
69.0443
69.0443
69.0443
69.0443
69.0443
69.0443
69.0443
69.0443
69.0443
69.0443
69.0443
69.0443
69.0443
69.0443
69.0443
69.0443
69.0443
69.0443
69.0443
69.0443
69.0443
69.0443
69.0443
69.0443
69.0443
69.0443
69.0443
69.0443
69.0443
69.0443
69.0443
69.0443
69.0443
69.0443
69.0443
69.0443
69.0443
69.0443
69.0443
69.0443
69.0443
69.0443
69.0443
69.0443
69.0443
69.0443
69.0443
69.0443
69.0443
69.0443
69.0443
69.0443
69.0443
69.0443
69.0443
69.0443
69.0443
69.0443
69.0443
69.0443
69.0443
69.0443
69.0443
69.0443
69.0443
69.0443
69.0443
69.0443
69.0443
69.0443
69.0443
69.0443
69.0443
69.0443
69.0443
69.0443
69.0443
69.0443
69.0443
69.0443
69.0443
69.0443
69.0443
69.0443
69.0443
69.0443
69.0443
69.0443
69.0443
69.0443
69.0443
69.0443
69.0443
69.0443
69.0443
69.0443
69.0443
69.0443
69.0443
69.0443
69.0443
69.0443
69.0443
69.0443
69.0443
69.0443
69.0443
69.0443
69.0443
69.0443
69.0443
69.0443
69.0443
69.0443
69.0443
69.0443
69.0443
69.0443
69.0443
69.0443
69.0443
69.0443
69.0443
69.0443
69.0443
69.0443
69.0443
69.0443
69.0443
69.0443
69.0443
69.0443
69.0443
69.0443
69.0443
69.0443
69.0443
69.0443
69.0443
69.0443
69.0443
69.0443
69.0443
69.0443
69.0443
69.0443
69.0443
69.0443
69.0443
69.0443
69.0443
69.0443
69.0443
69.0443
69.0443
69.0443
69.0443
69.0443
69.0443
69.0443
69.0443
69.0443
69.0443
69.0443
69.0443
69.0443
69.0443
69.0443
69.0443
69.0443
69.0443
69.0443
69.0443
69.0443
69.0443
69.0443
69.0443
69.0443
69.0443
69.0443
69.0443
69.0443
69.0443
69.0443
69.0443
69.0443
69.0443
69.0443
69.0443
69.0443
69.0443
69.0443
69.0443
69.0443
69.0443
69.0443
69.0443
69.0443
69.0443
69.0443
69.0443
65.7282
