#BEST_ROUTE_HISTORY
#X_COORDINATE    Y_COORDINATE
110


13.5747   37.3123
10.4544   44.0178
7.68249   45.0678
12.6597   45.9563
11.8734   45.4077
13.6252   45.9441
11.4064   45.6349
10.3403   42.7902
14.2807   37.5668
18.2261   40.1522
16.1466   41.1802
17.6884   40.6359
12.516   38.0174
15.0874   37.5024
12.4829   41.8933
14.0632   37.4899
12.0789   46.2805
8.3836   46.1156
10.037   45.2209
13.6388   43.0922
11.2556   43.7698
11.1258   46.0664
10.4259   45.7796
13.2188   43.4801
9.14941   45.9395
13.1509   43.153
16.3331   39.5967
14.2488   40.8359
13.2358   46.0635
10.8687   43.9741
10.0526   44.2131
12.0141   44.0227
12.2063   45.8067
9.49168   45.2613
15.1406   40.9965
12.631   43.9465
16.4736   40.4476
15.6398   38.1035
15.2907   37.0646
9.13783   45.0369
9.41202   45.9005
9.66653   44.8476
10.4019   43.7159
10.5941   44.6087
14.4159   42.1027
15.5542   38.1938
16.4316   38.83
17.0806   40.5488
14.2081   41.6495
12.4397   42.6539
13.3524   38.1112
8.08691   45.567
11.9488   42.493
14.7213   36.922
11.2302   46.6559
11.2878   42.7751
13.6103   42.1369
15.3106   40.4194
16.862   41.1258
13.5396   42.8834
10.2584   46.3234
7.86674   43.9584
13.5758   41.6285
8.74503   44.835
8.93386   44.4073
8.20269   44.826
9.11331   39.2172
8.34628   45.5554
12.7014   43.6941
8.546   45.5843
8.54034   39.3075
13.6979   42.6581
16.0987   38.6267
11.4676   43.1672
8.25257   44.2334
13.9576   42.3103
15.8216   40.5173
9.18963   45.4642
16.8783   39.1874
8.67964   40.0266
9.66781   39.9705
7.31966   45.7371
10.9924   45.4385
10.3281   44.8014
7.55814   44.4581
11.7639   43.5171
14.7057   41.2476
9.50674   40.9253
9.75422   45.7567
9.69123   44.2384
12.3346   45.4372
12.059   44.3641
14.1169   41.2035
12.403   43.107
12.8859   42.4147
13.7773   45.6496
10.6708   45.1693
11.3426   44.4938
8.76505   39.4937
15.4529   41.5028
12.2742   44.9772
11.0941   43.9357
11.8279   44.7668
10.936   44.5385
9.34238   40.1277
14.8262   41.7173
8.75413   45.8397
8.92197   40.7778
9.27883   45.6395
13.0126   41.4595

13.5747   37.3123
11.8279   44.7668
11.2556   43.7698
9.49168   45.2613
8.25257   44.2334
8.3836   46.1156
8.546   45.5843
8.76505   39.4937
9.11331   39.2172
14.2488   40.8359
12.6597   45.9563
11.2878   42.7751
13.1509   43.153
14.0632   37.4899
15.8216   40.5173
11.7639   43.5171
12.059   44.3641
10.4544   44.0178
11.2302   46.6559
10.8687   43.9741
11.8734   45.4077
7.68249   45.0678
15.3106   40.4194
14.2807   37.5668
16.1466   41.1802
7.86674   43.9584
7.31966   45.7371
9.66653   44.8476
9.27883   45.6395
9.41202   45.9005
11.4064   45.6349
10.9924   45.4385
13.3524   38.1112
8.74503   44.835
17.6884   40.6359
15.1406   40.9965
8.20269   44.826
10.3281   44.8014
12.4829   41.8933
13.0126   41.4595
10.037   45.2209
13.2188   43.4801
16.4736   40.4476
15.6398   38.1035
12.516   38.0174
13.5758   41.6285
16.4316   38.83
10.2584   46.3234
12.0789   46.2805
15.5542   38.1938
13.6103   42.1369
12.8859   42.4147
13.9576   42.3103
16.8783   39.1874
14.2081   41.6495
13.7773   45.6496
15.4529   41.5028
8.93386   44.4073
8.08691   45.567
12.7014   43.6941
12.0141   44.0227
11.4676   43.1672
8.75413   45.8397
10.3403   42.7902
16.862   41.1258
10.4259   45.7796
9.18963   45.4642
13.2358   46.0635
15.2907   37.0646
18.2261   40.1522
16.0987   38.6267
14.4159   42.1027
13.6252   45.9441
11.3426   44.4938
13.6979   42.6581
12.2742   44.9772
7.55814   44.4581
9.75422   45.7567
10.5941   44.6087
14.7213   36.922
9.34238   40.1277
14.8262   41.7173
14.7057   41.2476
16.3331   39.5967
17.0806   40.5488
15.0874   37.5024
9.69123   44.2384
11.1258   46.0664
8.92197   40.7778
9.66781   39.9705
10.4019   43.7159
8.34628   45.5554
12.3346   45.4372
11.9488   42.493
12.2063   45.8067
12.4397   42.6539
10.6708   45.1693
10.936   44.5385
10.0526   44.2131
8.54034   39.3075
14.1169   41.2035
12.403   43.107
9.50674   40.9253
13.6388   43.0922
8.67964   40.0266
9.14941   45.9395
11.0941   43.9357
13.5396   42.8834
12.631   43.9465
9.13783   45.0369

13.5747   37.3123
10.4544   44.0178
7.68249   45.0678
12.6597   45.9563
11.8734   45.4077
13.6252   45.9441
11.4064   45.6349
10.3403   42.7902
14.2807   37.5668
18.2261   40.1522
16.1466   41.1802
17.6884   40.6359
12.516   38.0174
15.0874   37.5024
12.4829   41.8933
14.0632   37.4899
12.0789   46.2805
8.3836   46.1156
10.037   45.2209
13.6388   43.0922
11.2556   43.7698
11.1258   46.0664
10.4259   45.7796
13.2188   43.4801
9.14941   45.9395
13.1509   43.153
16.3331   39.5967
14.2488   40.8359
13.2358   46.0635
10.8687   43.9741
10.0526   44.2131
12.0141   44.0227
12.2063   45.8067
8.75413   45.8397
12.3346   45.4372
12.2742   44.9772
8.34628   45.5554
12.7014   43.6941
11.0941   43.9357
13.3524   38.1112
8.54034   39.3075
14.7213   36.922
8.67964   40.0266
13.6103   42.1369
13.5396   42.8834
13.0126   41.4595
13.6979   42.6581
10.2584   46.3234
10.6708   45.1693
7.86674   43.9584
7.55814   44.4581
11.8279   44.7668
9.49168   45.2613
15.1406   40.9965
12.631   43.9465
16.4736   40.4476
15.6398   38.1035
15.2907   37.0646
9.13783   45.0369
9.41202   45.9005
9.66653   44.8476
10.4019   43.7159
10.5941   44.6087
14.4159   42.1027
15.5542   38.1938
16.4316   38.83
17.0806   40.5488
14.2081   41.6495
15.8216   40.5173
15.4529   41.5028
9.66781   39.9705
9.50674   40.9253
11.7639   43.5171
15.3106   40.4194
16.0987   38.6267
8.25257   44.2334
8.74503   44.835
9.18963   45.4642
12.4397   42.6539
14.7057   41.2476
8.76505   39.4937
9.34238   40.1277
11.3426   44.4938
12.059   44.3641
9.75422   45.7567
11.2302   46.6559
8.93386   44.4073
9.27883   45.6395
8.08691   45.567
11.4676   43.1672
13.7773   45.6496
11.9488   42.493
13.5758   41.6285
16.862   41.1258
13.9576   42.3103
8.20269   44.826
10.3281   44.8014
8.92197   40.7778
10.936   44.5385
16.8783   39.1874
12.403   43.107
14.8262   41.7173
10.9924   45.4385
7.31966   45.7371
9.11331   39.2172
14.1169   41.2035
8.546   45.5843
9.69123   44.2384
12.8859   42.4147
11.2878   42.7751

13.5747   37.3123
10.4544   44.0178
7.68249   45.0678
12.6597   45.9563
11.8734   45.4077
13.6252   45.9441
11.4064   45.6349
10.3403   42.7902
14.2807   37.5668
18.2261   40.1522
16.1466   41.1802
17.6884   40.6359
12.516   38.0174
15.0874   37.5024
12.4829   41.8933
14.0632   37.4899
12.0789   46.2805
8.3836   46.1156
10.037   45.2209
13.6388   43.0922
12.2063   45.8067
11.1258   46.0664
10.4259   45.7796
13.2188   43.4801
9.14941   45.9395
13.1509   43.153
16.3331   39.5967
14.2488   40.8359
13.2358   46.0635
10.8687   43.9741
10.0526   44.2131
12.0141   44.0227
11.2556   43.7698
8.75413   45.8397
12.3346   45.4372
12.2742   44.9772
8.34628   45.5554
12.7014   43.6941
11.0941   43.9357
13.3524   38.1112
8.54034   39.3075
14.7213   36.922
8.67964   40.0266
13.6103   42.1369
13.5396   42.8834
13.0126   41.4595
13.6979   42.6581
10.2584   46.3234
10.6708   45.1693
7.86674   43.9584
7.55814   44.4581
11.8279   44.7668
9.49168   45.2613
15.1406   40.9965
12.631   43.9465
16.4736   40.4476
15.6398   38.1035
15.2907   37.0646
9.13783   45.0369
9.41202   45.9005
9.66653   44.8476
10.4019   43.7159
10.5941   44.6087
14.4159   42.1027
15.5542   38.1938
16.4316   38.83
17.0806   40.5488
14.2081   41.6495
15.8216   40.5173
15.4529   41.5028
9.66781   39.9705
9.50674   40.9253
11.7639   43.5171
15.3106   40.4194
16.0987   38.6267
8.25257   44.2334
8.74503   44.835
9.18963   45.4642
8.546   45.5843
8.76505   39.4937
9.11331   39.2172
11.2878   42.7751
12.059   44.3641
11.2302   46.6559
7.31966   45.7371
9.27883   45.6395
10.9924   45.4385
8.20269   44.826
10.3281   44.8014
13.5758   41.6285
12.8859   42.4147
13.9576   42.3103
16.8783   39.1874
13.7773   45.6496
8.93386   44.4073
8.08691   45.567
11.4676   43.1672
16.862   41.1258
11.3426   44.4938
9.75422   45.7567
9.34238   40.1277
14.8262   41.7173
14.7057   41.2476
9.69123   44.2384
8.92197   40.7778
11.9488   42.493
12.4397   42.6539
10.936   44.5385
14.1169   41.2035
12.403   43.107

13.5747   37.3123
10.4544   44.0178
7.68249   45.0678
12.6597   45.9563
11.8734   45.4077
13.6252   45.9441
11.4064   45.6349
10.3403   42.7902
14.2807   37.5668
18.2261   40.1522
16.1466   41.1802
17.6884   40.6359
12.516   38.0174
15.0874   37.5024
12.4829   41.8933
14.0632   37.4899
13.3524   38.1112
8.3836   46.1156
10.037   45.2209
13.6388   43.0922
12.2063   45.8067
11.1258   46.0664
10.4259   45.7796
13.2188   43.4801
9.14941   45.9395
13.1509   43.153
16.3331   39.5967
14.2488   40.8359
13.2358   46.0635
10.8687   43.9741
10.0526   44.2131
12.0141   44.0227
11.2556   43.7698
8.75413   45.8397
12.3346   45.4372
12.2742   44.9772
8.34628   45.5554
12.7014   43.6941
11.0941   43.9357
12.0789   46.2805
8.54034   39.3075
14.7213   36.922
8.67964   40.0266
13.6103   42.1369
13.5396   42.8834
13.0126   41.4595
13.6979   42.6581
10.2584   46.3234
10.6708   45.1693
7.86674   43.9584
7.55814   44.4581
11.8279   44.7668
9.49168   45.2613
15.1406   40.9965
12.631   43.9465
16.4736   40.4476
15.6398   38.1035
15.2907   37.0646
9.13783   45.0369
9.41202   45.9005
9.66653   44.8476
10.4019   43.7159
10.5941   44.6087
14.4159   42.1027
15.5542   38.1938
16.4316   38.83
17.0806   40.5488
14.2081   41.6495
15.8216   40.5173
15.4529   41.5028
9.66781   39.9705
9.50674   40.9253
11.7639   43.5171
15.3106   40.4194
16.0987   38.6267
8.25257   44.2334
8.74503   44.835
9.18963   45.4642
8.546   45.5843
8.76505   39.4937
9.11331   39.2172
11.2878   42.7751
12.059   44.3641
11.2302   46.6559
7.31966   45.7371
9.27883   45.6395
10.9924   45.4385
8.20269   44.826
10.3281   44.8014
13.5758   41.6285
12.8859   42.4147
13.9576   42.3103
16.8783   39.1874
13.7773   45.6496
8.93386   44.4073
8.08691   45.567
11.4676   43.1672
16.862   41.1258
11.3426   44.4938
8.92197   40.7778
9.69123   44.2384
9.75422   45.7567
11.9488   42.493
9.34238   40.1277
12.4397   42.6539
10.936   44.5385
14.8262   41.7173
14.7057   41.2476
14.1169   41.2035
12.403   43.107

13.5747   37.3123
10.4544   44.0178
7.68249   45.0678
12.6597   45.9563
11.8734   45.4077
13.6252   45.9441
11.4064   45.6349
10.3403   42.7902
14.2807   37.5668
18.2261   40.1522
16.1466   41.1802
17.6884   40.6359
12.516   38.0174
15.0874   37.5024
12.4829   41.8933
14.0632   37.4899
12.0789   46.2805
8.3836   46.1156
10.037   45.2209
13.6388   43.0922
12.2063   45.8067
11.1258   46.0664
10.4259   45.7796
13.2188   43.4801
9.14941   45.9395
13.1509   43.153
16.3331   39.5967
14.2488   40.8359
13.2358   46.0635
10.8687   43.9741
10.0526   44.2131
12.0141   44.0227
11.2556   43.7698
8.75413   45.8397
12.3346   45.4372
12.2742   44.9772
8.34628   45.5554
8.25257   44.2334
8.74503   44.835
9.18963   45.4642
8.546   45.5843
8.76505   39.4937
9.11331   39.2172
11.2878   42.7751
12.059   44.3641
11.2302   46.6559
7.31966   45.7371
9.27883   45.6395
10.9924   45.4385
8.20269   44.826
10.3281   44.8014
13.5758   41.6285
12.8859   42.4147
13.9576   42.3103
16.8783   39.1874
13.7773   45.6496
8.93386   44.4073
8.08691   45.567
11.4676   43.1672
16.862   41.1258
11.3426   44.4938
9.75422   45.7567
9.34238   40.1277
14.8262   41.7173
14.7057   41.2476
9.69123   44.2384
8.92197   40.7778
11.9488   42.493
12.4397   42.6539
10.936   44.5385
14.4159   42.1027
10.5941   44.6087
10.4019   43.7159
9.66653   44.8476
9.41202   45.9005
9.13783   45.0369
15.2907   37.0646
15.6398   38.1035
16.4736   40.4476
12.631   43.9465
15.1406   40.9965
9.49168   45.2613
11.8279   44.7668
7.55814   44.4581
7.86674   43.9584
10.6708   45.1693
10.2584   46.3234
13.6979   42.6581
13.0126   41.4595
13.5396   42.8834
13.6103   42.1369
8.67964   40.0266
14.7213   36.922
8.54034   39.3075
13.3524   38.1112
11.0941   43.9357
12.7014   43.6941
12.403   43.107
14.1169   41.2035
15.5542   38.1938
16.4316   38.83
17.0806   40.5488
14.2081   41.6495
15.8216   40.5173
15.4529   41.5028
9.66781   39.9705
9.50674   40.9253
11.7639   43.5171
15.3106   40.4194
16.0987   38.6267

13.5747   37.3123
10.4544   44.0178
7.68249   45.0678
12.6597   45.9563
11.8734   45.4077
13.6252   45.9441
11.4064   45.6349
10.3403   42.7902
14.2807   37.5668
18.2261   40.1522
16.1466   41.1802
17.6884   40.6359
12.516   38.0174
15.0874   37.5024
12.4829   41.8933
14.0632   37.4899
12.0789   46.2805
8.3836   46.1156
10.037   45.2209
13.6388   43.0922
12.2063   45.8067
11.1258   46.0664
10.4259   45.7796
13.2188   43.4801
9.14941   45.9395
13.1509   43.153
16.3331   39.5967
14.2488   40.8359
13.2358   46.0635
10.8687   43.9741
10.0526   44.2131
12.0141   44.0227
11.2556   43.7698
8.75413   45.8397
9.13783   45.0369
9.41202   45.9005
9.66653   44.8476
10.4019   43.7159
10.5941   44.6087
14.4159   42.1027
10.936   44.5385
12.4397   42.6539
11.9488   42.493
8.92197   40.7778
9.69123   44.2384
14.7057   41.2476
14.8262   41.7173
9.34238   40.1277
9.75422   45.7567
11.3426   44.4938
16.862   41.1258
11.4676   43.1672
8.08691   45.567
8.93386   44.4073
13.7773   45.6496
16.8783   39.1874
13.9576   42.3103
12.8859   42.4147
13.5758   41.6285
10.3281   44.8014
8.20269   44.826
10.9924   45.4385
9.27883   45.6395
7.31966   45.7371
11.2302   46.6559
12.059   44.3641
11.2878   42.7751
9.11331   39.2172
8.76505   39.4937
8.546   45.5843
9.18963   45.4642
8.74503   44.835
8.25257   44.2334
8.34628   45.5554
12.2742   44.9772
12.3346   45.4372
15.2907   37.0646
15.6398   38.1035
16.4736   40.4476
12.631   43.9465
15.1406   40.9965
9.49168   45.2613
11.8279   44.7668
7.55814   44.4581
7.86674   43.9584
10.6708   45.1693
10.2584   46.3234
13.6979   42.6581
13.0126   41.4595
13.5396   42.8834
13.6103   42.1369
8.67964   40.0266
14.7213   36.922
8.54034   39.3075
13.3524   38.1112
11.0941   43.9357
12.7014   43.6941
12.403   43.107
14.1169   41.2035
15.5542   38.1938
16.4316   38.83
17.0806   40.5488
14.2081   41.6495
15.8216   40.5173
15.4529   41.5028
9.66781   39.9705
9.50674   40.9253
11.7639   43.5171
15.3106   40.4194
16.0987   38.6267

13.5747   37.3123
10.4544   44.0178
13.2188   43.4801
10.4259   45.7796
11.1258   46.0664
12.2063   45.8067
13.6388   43.0922
10.037   45.2209
8.3836   46.1156
12.0789   46.2805
14.0632   37.4899
12.4829   41.8933
15.0874   37.5024
12.516   38.0174
17.6884   40.6359
16.1466   41.1802
18.2261   40.1522
14.2807   37.5668
10.3403   42.7902
11.4064   45.6349
13.6252   45.9441
11.8734   45.4077
12.6597   45.9563
7.68249   45.0678
9.14941   45.9395
13.1509   43.153
16.3331   39.5967
14.2488   40.8359
13.2358   46.0635
10.8687   43.9741
10.0526   44.2131
12.0141   44.0227
11.2556   43.7698
8.75413   45.8397
9.13783   45.0369
9.41202   45.9005
9.66653   44.8476
10.4019   43.7159
10.5941   44.6087
14.4159   42.1027
9.11331   39.2172
8.67964   40.0266
15.4529   41.5028
15.8216   40.5173
14.2081   41.6495
17.0806   40.5488
16.4316   38.83
15.5542   38.1938
15.2907   37.0646
15.6398   38.1035
16.4736   40.4476
15.3106   40.4194
16.0987   38.6267
8.25257   44.2334
8.74503   44.835
9.18963   45.4642
8.546   45.5843
8.76505   39.4937
11.2878   42.7751
12.059   44.3641
11.2302   46.6559
7.31966   45.7371
9.27883   45.6395
10.9924   45.4385
8.93386   44.4073
10.3281   44.8014
13.5758   41.6285
12.8859   42.4147
13.9576   42.3103
16.8783   39.1874
13.7773   45.6496
8.20269   44.826
8.08691   45.567
11.4676   43.1672
16.862   41.1258
11.3426   44.4938
9.75422   45.7567
9.34238   40.1277
14.8262   41.7173
14.7057   41.2476
9.69123   44.2384
8.92197   40.7778
11.9488   42.493
12.4397   42.6539
10.936   44.5385
12.3346   45.4372
12.2742   44.9772
8.34628   45.5554
12.7014   43.6941
11.0941   43.9357
13.3524   38.1112
13.6103   42.1369
13.5396   42.8834
13.0126   41.4595
13.6979   42.6581
10.2584   46.3234
10.6708   45.1693
7.86674   43.9584
7.55814   44.4581
11.8279   44.7668
9.49168   45.2613
15.1406   40.9965
12.631   43.9465
11.7639   43.5171
9.50674   40.9253
9.66781   39.9705
8.54034   39.3075
14.7213   36.922
14.1169   41.2035
12.403   43.107

13.5747   37.3123
10.4544   44.0178
7.68249   45.0678
12.6597   45.9563
11.8734   45.4077
13.6252   45.9441
11.4064   45.6349
10.3403   42.7902
14.2807   37.5668
18.2261   40.1522
16.1466   41.1802
17.6884   40.6359
12.516   38.0174
15.0874   37.5024
12.4829   41.8933
14.0632   37.4899
12.0789   46.2805
8.3836   46.1156
10.037   45.2209
13.6388   43.0922
12.2063   45.8067
11.1258   46.0664
10.4259   45.7796
13.2188   43.4801
9.14941   45.9395
13.1509   43.153
16.3331   39.5967
14.2488   40.8359
13.2358   46.0635
10.8687   43.9741
10.0526   44.2131
12.0141   44.0227
9.49168   45.2613
8.75413   45.8397
12.3346   45.4372
12.2742   44.9772
8.34628   45.5554
8.25257   44.2334
8.74503   44.835
9.18963   45.4642
8.546   45.5843
8.76505   39.4937
9.11331   39.2172
11.2878   42.7751
12.059   44.3641
11.2302   46.6559
7.31966   45.7371
9.27883   45.6395
12.403   43.107
11.4676   43.1672
8.08691   45.567
8.93386   44.4073
13.7773   45.6496
16.8783   39.1874
13.9576   42.3103
12.8859   42.4147
13.5758   41.6285
10.3281   44.8014
8.20269   44.826
10.9924   45.4385
14.1169   41.2035
15.5542   38.1938
16.4316   38.83
17.0806   40.5488
14.2081   41.6495
15.8216   40.5173
15.4529   41.5028
11.2556   43.7698
9.13783   45.0369
9.41202   45.9005
9.66653   44.8476
10.4019   43.7159
10.5941   44.6087
14.4159   42.1027
8.67964   40.0266
15.2907   37.0646
15.6398   38.1035
16.4736   40.4476
15.3106   40.4194
16.0987   38.6267
16.862   41.1258
11.3426   44.4938
9.75422   45.7567
9.34238   40.1277
14.8262   41.7173
14.7057   41.2476
9.69123   44.2384
8.92197   40.7778
11.9488   42.493
12.4397   42.6539
10.936   44.5385
12.7014   43.6941
11.0941   43.9357
13.3524   38.1112
13.6103   42.1369
13.5396   42.8834
13.0126   41.4595
13.6979   42.6581
10.2584   46.3234
10.6708   45.1693
7.86674   43.9584
7.55814   44.4581
11.8279   44.7668
15.1406   40.9965
12.631   43.9465
11.7639   43.5171
9.50674   40.9253
9.66781   39.9705
8.54034   39.3075
14.7213   36.922

13.5747   37.3123
10.4544   44.0178
7.68249   45.0678
12.6597   45.9563
11.8734   45.4077
13.6252   45.9441
11.4064   45.6349
10.3403   42.7902
14.2807   37.5668
18.2261   40.1522
16.1466   41.1802
17.6884   40.6359
12.516   38.0174
15.0874   37.5024
12.4829   41.8933
14.0632   37.4899
12.0141   44.0227
9.49168   45.2613
8.75413   45.8397
12.3346   45.4372
12.2742   44.9772
8.34628   45.5554
8.25257   44.2334
8.74503   44.835
9.18963   45.4642
8.546   45.5843
8.76505   39.4937
9.11331   39.2172
11.2878   42.7751
12.059   44.3641
11.2302   46.6559
7.31966   45.7371
9.27883   45.6395
12.403   43.107
11.4676   43.1672
8.08691   45.567
8.93386   44.4073
13.7773   45.6496
16.8783   39.1874
13.9576   42.3103
12.8859   42.4147
13.5758   41.6285
10.3281   44.8014
8.20269   44.826
10.9924   45.4385
14.1169   41.2035
15.5542   38.1938
16.4316   38.83
17.0806   40.5488
14.2081   41.6495
15.8216   40.5173
15.4529   41.5028
11.2556   43.7698
9.13783   45.0369
9.41202   45.9005
9.66653   44.8476
10.4019   43.7159
10.5941   44.6087
14.4159   42.1027
8.67964   40.0266
15.2907   37.0646
15.6398   38.1035
16.4736   40.4476
15.3106   40.4194
16.0987   38.6267
16.862   41.1258
11.3426   44.4938
9.75422   45.7567
9.34238   40.1277
14.8262   41.7173
14.7057   41.2476
9.69123   44.2384
8.92197   40.7778
11.9488   42.493
12.4397   42.6539
10.936   44.5385
12.7014   43.6941
11.0941   43.9357
13.3524   38.1112
13.6103   42.1369
13.5396   42.8834
13.0126   41.4595
13.6979   42.6581
10.2584   46.3234
10.6708   45.1693
7.86674   43.9584
7.55814   44.4581
11.8279   44.7668
12.0789   46.2805
8.3836   46.1156
10.037   45.2209
13.6388   43.0922
12.2063   45.8067
11.1258   46.0664
10.4259   45.7796
13.2188   43.4801
9.14941   45.9395
13.1509   43.153
16.3331   39.5967
14.2488   40.8359
13.2358   46.0635
10.8687   43.9741
10.0526   44.2131
15.1406   40.9965
12.631   43.9465
11.7639   43.5171
9.50674   40.9253
9.66781   39.9705
8.54034   39.3075
14.7213   36.922

13.5747   37.3123
14.0632   37.4899
13.3524   38.1112
12.516   38.0174
14.2488   40.8359
16.1466   41.1802
17.0806   40.5488
16.862   41.1258
15.5542   38.1938
15.0874   37.5024
15.2907   37.0646
15.6398   38.1035
16.0987   38.6267
18.2261   40.1522
17.6884   40.6359
15.1406   40.9965
11.9488   42.493
12.4829   41.8933
14.2081   41.6495
13.9576   42.3103
13.0126   41.4595
13.5758   41.6285
13.6103   42.1369
13.5396   42.8834
14.1169   41.2035
14.8262   41.7173
13.6979   42.6581
13.6388   43.0922
11.0941   43.9357
11.2556   43.7698
10.0526   44.2131
10.8687   43.9741
10.3281   44.8014
10.6708   45.1693
10.4259   45.7796
9.75422   45.7567
11.3426   44.4938
10.936   44.5385
12.7014   43.6941
12.403   43.107
12.4397   42.6539
12.0141   44.0227
12.2742   44.9772
12.3346   45.4372
13.7773   45.6496
13.2358   46.0635
13.6252   45.9441
12.2063   45.8067
11.2302   46.6559
12.0789   46.2805
11.4064   45.6349
9.41202   45.9005
12.6597   45.9563
11.8734   45.4077
12.059   44.3641
12.8859   42.4147
12.631   43.9465
13.1509   43.153
13.2188   43.4801
11.7639   43.5171
11.4676   43.1672
10.4019   43.7159
10.4544   44.0178
10.5941   44.6087
11.8279   44.7668
10.9924   45.4385
11.1258   46.0664
10.2584   46.3234
8.20269   44.826
8.08691   45.567
7.31966   45.7371
7.55814   44.4581
8.3836   46.1156
8.75413   45.8397
8.34628   45.5554
9.14941   45.9395
9.27883   45.6395
9.13783   45.0369
8.74503   44.835
9.18963   45.4642
9.69123   44.2384
10.3403   42.7902
11.2878   42.7751
10.037   45.2209
8.546   45.5843
9.49168   45.2613
9.66653   44.8476
8.93386   44.4073
7.68249   45.0678
8.25257   44.2334
7.86674   43.9584
8.92197   40.7778
9.50674   40.9253
9.66781   39.9705
8.54034   39.3075
9.11331   39.2172
8.67964   40.0266
9.34238   40.1277
8.76505   39.4937
14.7057   41.2476
14.4159   42.1027
15.4529   41.5028
15.8216   40.5173
16.3331   39.5967
16.8783   39.1874
16.4316   38.83
16.4736   40.4476
15.3106   40.4194
14.2807   37.5668
14.7213   36.922

13.5747   37.3123
14.0632   37.4899
16.3331   39.5967
16.8783   39.1874
16.4316   38.83
15.5542   38.1938
15.0874   37.5024
15.2907   37.0646
15.6398   38.1035
16.0987   38.6267
18.2261   40.1522
17.6884   40.6359
16.4736   40.4476
15.3106   40.4194
16.1466   41.1802
17.0806   40.5488
16.862   41.1258
15.8216   40.5173
15.1406   40.9965
14.2488   40.8359
14.7057   41.2476
14.1169   41.2035
13.0126   41.4595
13.5758   41.6285
13.9576   42.3103
14.4159   42.1027
15.4529   41.5028
14.8262   41.7173
14.2081   41.6495
13.6103   42.1369
13.5396   42.8834
13.6979   42.6581
13.6388   43.0922
11.9488   42.493
12.4829   41.8933
11.0941   43.9357
11.2556   43.7698
10.8687   43.9741
10.0526   44.2131
10.3281   44.8014
10.6708   45.1693
10.4259   45.7796
10.2584   46.3234
11.1258   46.0664
10.9924   45.4385
10.936   44.5385
10.5941   44.6087
10.4544   44.0178
10.4019   43.7159
12.403   43.107
12.4397   42.6539
12.8859   42.4147
13.2188   43.4801
13.1509   43.153
12.631   43.9465
12.7014   43.6941
12.0141   44.0227
11.3426   44.4938
11.8279   44.7668
12.059   44.3641
11.8734   45.4077
12.6597   45.9563
12.0789   46.2805
11.4064   45.6349
11.2302   46.6559
12.2063   45.8067
13.2358   46.0635
13.6252   45.9441
13.7773   45.6496
12.3346   45.4372
12.2742   44.9772
11.7639   43.5171
11.4676   43.1672
11.2878   42.7751
10.3403   42.7902
9.69123   44.2384
8.93386   44.4073
9.66653   44.8476
9.49168   45.2613
9.13783   45.0369
8.74503   44.835
8.546   45.5843
9.18963   45.4642
9.41202   45.9005
9.75422   45.7567
10.037   45.2209
9.27883   45.6395
9.14941   45.9395
8.34628   45.5554
8.75413   45.8397
8.3836   46.1156
7.31966   45.7371
8.08691   45.567
7.68249   45.0678
8.20269   44.826
8.25257   44.2334
7.55814   44.4581
7.86674   43.9584
8.92197   40.7778
9.50674   40.9253
8.67964   40.0266
8.54034   39.3075
9.11331   39.2172
8.76505   39.4937
9.34238   40.1277
9.66781   39.9705
12.516   38.0174
13.3524   38.1112
14.2807   37.5668
14.7213   36.922

13.5747   37.3123
13.3524   38.1112
12.516   38.0174
9.66781   39.9705
9.34238   40.1277
9.11331   39.2172
8.76505   39.4937
8.54034   39.3075
8.67964   40.0266
8.92197   40.7778
9.50674   40.9253
7.86674   43.9584
7.55814   44.4581
8.25257   44.2334
8.20269   44.826
7.68249   45.0678
8.08691   45.567
7.31966   45.7371
8.3836   46.1156
8.75413   45.8397
9.14941   45.9395
9.18963   45.4642
9.27883   45.6395
9.13783   45.0369
9.66653   44.8476
9.49168   45.2613
10.037   45.2209
9.75422   45.7567
9.41202   45.9005
8.546   45.5843
8.34628   45.5554
8.74503   44.835
8.93386   44.4073
9.69123   44.2384
10.3403   42.7902
11.2878   42.7751
11.4676   43.1672
11.0941   43.9357
11.2556   43.7698
11.7639   43.5171
12.2742   44.9772
12.3346   45.4372
12.0789   46.2805
12.6597   45.9563
13.7773   45.6496
13.6252   45.9441
13.2358   46.0635
12.2063   45.8067
11.2302   46.6559
10.2584   46.3234
10.4259   45.7796
10.6708   45.1693
10.3281   44.8014
10.0526   44.2131
10.8687   43.9741
10.4019   43.7159
10.4544   44.0178
10.5941   44.6087
10.936   44.5385
10.9924   45.4385
11.1258   46.0664
11.4064   45.6349
11.8734   45.4077
12.059   44.3641
11.8279   44.7668
11.3426   44.4938
12.0141   44.0227
12.631   43.9465
12.7014   43.6941
13.1509   43.153
13.2188   43.4801
12.403   43.107
12.4397   42.6539
11.9488   42.493
12.4829   41.8933
12.8859   42.4147
13.6388   43.0922
13.6979   42.6581
13.5396   42.8834
13.6103   42.1369
13.0126   41.4595
13.5758   41.6285
13.9576   42.3103
14.4159   42.1027
15.4529   41.5028
14.8262   41.7173
14.2081   41.6495
14.1169   41.2035
14.2488   40.8359
14.7057   41.2476
15.1406   40.9965
15.3106   40.4194
16.1466   41.1802
15.8216   40.5173
16.4736   40.4476
16.862   41.1258
17.0806   40.5488
17.6884   40.6359
18.2261   40.1522
16.3331   39.5967
16.8783   39.1874
16.0987   38.6267
16.4316   38.83
15.5542   38.1938
15.6398   38.1035
15.2907   37.0646
15.0874   37.5024
14.7213   36.922
14.0632   37.4899
14.2807   37.5668

13.5747   37.3123
13.3524   38.1112
12.516   38.0174
9.66781   39.9705
9.34238   40.1277
9.11331   39.2172
8.54034   39.3075
8.76505   39.4937
8.67964   40.0266
8.92197   40.7778
9.50674   40.9253
7.86674   43.9584
7.55814   44.4581
8.25257   44.2334
8.20269   44.826
7.68249   45.0678
7.31966   45.7371
8.08691   45.567
8.3836   46.1156
8.75413   45.8397
9.14941   45.9395
9.27883   45.6395
9.41202   45.9005
9.75422   45.7567
10.037   45.2209
9.66653   44.8476
9.13783   45.0369
9.49168   45.2613
9.18963   45.4642
8.546   45.5843
8.34628   45.5554
8.74503   44.835
8.93386   44.4073
9.69123   44.2384
10.3403   42.7902
11.2878   42.7751
11.4676   43.1672
11.0941   43.9357
11.2556   43.7698
11.7639   43.5171
12.2742   44.9772
12.3346   45.4372
12.2063   45.8067
13.2358   46.0635
13.6252   45.9441
13.7773   45.6496
12.6597   45.9563
12.0789   46.2805
11.2302   46.6559
10.2584   46.3234
10.4259   45.7796
10.6708   45.1693
10.3281   44.8014
10.0526   44.2131
10.4544   44.0178
10.4019   43.7159
10.8687   43.9741
10.5941   44.6087
10.936   44.5385
10.9924   45.4385
11.1258   46.0664
11.4064   45.6349
11.8734   45.4077
11.8279   44.7668
11.3426   44.4938
12.059   44.3641
12.0141   44.0227
12.631   43.9465
12.7014   43.6941
13.1509   43.153
13.2188   43.4801
12.403   43.107
12.4397   42.6539
11.9488   42.493
12.4829   41.8933
12.8859   42.4147
13.6388   43.0922
13.5396   42.8834
13.6979   42.6581
13.6103   42.1369
13.0126   41.4595
13.5758   41.6285
13.9576   42.3103
14.4159   42.1027
15.4529   41.5028
14.8262   41.7173
14.2081   41.6495
14.1169   41.2035
14.2488   40.8359
14.7057   41.2476
15.1406   40.9965
15.3106   40.4194
15.8216   40.5173
16.1466   41.1802
16.4736   40.4476
16.862   41.1258
17.0806   40.5488
17.6884   40.6359
18.2261   40.1522
16.3331   39.5967
16.8783   39.1874
16.4316   38.83
16.0987   38.6267
15.5542   38.1938
15.6398   38.1035
15.0874   37.5024
15.2907   37.0646
14.7213   36.922
14.2807   37.5668
14.0632   37.4899

13.5747   37.3123
13.3524   38.1112
12.516   38.0174
9.66781   39.9705
9.34238   40.1277
9.11331   39.2172
8.54034   39.3075
8.76505   39.4937
8.67964   40.0266
8.92197   40.7778
9.50674   40.9253
7.86674   43.9584
7.55814   44.4581
8.25257   44.2334
8.20269   44.826
7.68249   45.0678
7.31966   45.7371
8.08691   45.567
8.3836   46.1156
8.75413   45.8397
9.14941   45.9395
9.27883   45.6395
9.41202   45.9005
9.75422   45.7567
10.037   45.2209
9.66653   44.8476
9.49168   45.2613
9.13783   45.0369
9.18963   45.4642
8.546   45.5843
8.34628   45.5554
8.74503   44.835
8.93386   44.4073
9.69123   44.2384
10.3403   42.7902
11.2878   42.7751
11.4676   43.1672
11.0941   43.9357
11.2556   43.7698
11.7639   43.5171
12.0141   44.0227
12.059   44.3641
11.3426   44.4938
11.8279   44.7668
11.8734   45.4077
11.4064   45.6349
11.1258   46.0664
10.9924   45.4385
10.5941   44.6087
10.936   44.5385
10.8687   43.9741
10.4019   43.7159
10.4544   44.0178
10.0526   44.2131
10.3281   44.8014
10.6708   45.1693
10.4259   45.7796
10.2584   46.3234
11.2302   46.6559
12.0789   46.2805
13.2358   46.0635
13.6252   45.9441
13.7773   45.6496
12.6597   45.9563
12.2063   45.8067
12.3346   45.4372
12.2742   44.9772
12.631   43.9465
12.7014   43.6941
13.2188   43.4801
13.1509   43.153
12.403   43.107
12.4397   42.6539
11.9488   42.493
12.4829   41.8933
12.8859   42.4147
13.6388   43.0922
13.5396   42.8834
13.6979   42.6581
13.6103   42.1369
13.0126   41.4595
13.5758   41.6285
13.9576   42.3103
14.4159   42.1027
15.4529   41.5028
14.8262   41.7173
14.2081   41.6495
14.1169   41.2035
14.2488   40.8359
14.7057   41.2476
15.1406   40.9965
15.3106   40.4194
15.8216   40.5173
16.4736   40.4476
16.1466   41.1802
16.862   41.1258
17.0806   40.5488
17.6884   40.6359
18.2261   40.1522
16.8783   39.1874
16.3331   39.5967
16.4316   38.83
16.0987   38.6267
15.5542   38.1938
15.6398   38.1035
15.0874   37.5024
15.2907   37.0646
14.7213   36.922
14.2807   37.5668
14.0632   37.4899

13.5747   37.3123
14.0632   37.4899
14.2807   37.5668
14.7213   36.922
15.2907   37.0646
15.0874   37.5024
15.6398   38.1035
15.5542   38.1938
16.0987   38.6267
16.4316   38.83
16.3331   39.5967
16.8783   39.1874
18.2261   40.1522
17.6884   40.6359
17.0806   40.5488
16.862   41.1258
16.1466   41.1802
16.4736   40.4476
15.8216   40.5173
15.3106   40.4194
15.1406   40.9965
14.7057   41.2476
14.2488   40.8359
14.1169   41.2035
14.2081   41.6495
14.8262   41.7173
15.4529   41.5028
14.4159   42.1027
13.9576   42.3103
13.5758   41.6285
13.0126   41.4595
13.6103   42.1369
13.6979   42.6581
13.6388   43.0922
13.5396   42.8834
12.8859   42.4147
12.4829   41.8933
11.9488   42.493
12.4397   42.6539
12.403   43.107
13.1509   43.153
13.2188   43.4801
12.7014   43.6941
12.631   43.9465
12.2742   44.9772
12.3346   45.4372
12.2063   45.8067
12.6597   45.9563
13.7773   45.6496
13.6252   45.9441
13.2358   46.0635
12.0789   46.2805
11.2302   46.6559
10.2584   46.3234
10.4259   45.7796
10.6708   45.1693
10.3281   44.8014
10.0526   44.2131
10.4544   44.0178
10.4019   43.7159
10.8687   43.9741
10.936   44.5385
10.5941   44.6087
10.9924   45.4385
11.1258   46.0664
11.4064   45.6349
11.8734   45.4077
11.8279   44.7668
11.3426   44.4938
12.059   44.3641
12.0141   44.0227
11.7639   43.5171
11.2556   43.7698
11.0941   43.9357
11.4676   43.1672
11.2878   42.7751
10.3403   42.7902
9.69123   44.2384
8.93386   44.4073
8.74503   44.835
9.13783   45.0369
9.18963   45.4642
9.49168   45.2613
9.66653   44.8476
10.037   45.2209
9.75422   45.7567
9.41202   45.9005
9.27883   45.6395
9.14941   45.9395
8.75413   45.8397
8.3836   46.1156
8.546   45.5843
8.34628   45.5554
8.08691   45.567
7.31966   45.7371
7.68249   45.0678
8.20269   44.826
8.25257   44.2334
7.55814   44.4581
7.86674   43.9584
9.50674   40.9253
8.92197   40.7778
8.67964   40.0266
8.76505   39.4937
8.54034   39.3075
9.11331   39.2172
9.34238   40.1277
9.66781   39.9705
12.516   38.0174
13.3524   38.1112

13.5747   37.3123
14.0632   37.4899
14.2807   37.5668
14.7213   36.922
15.2907   37.0646
15.0874   37.5024
15.6398   38.1035
15.5542   38.1938
16.0987   38.6267
16.4316   38.83
16.3331   39.5967
16.8783   39.1874
18.2261   40.1522
17.6884   40.6359
17.0806   40.5488
16.862   41.1258
16.1466   41.1802
16.4736   40.4476
15.8216   40.5173
15.3106   40.4194
15.1406   40.9965
15.4529   41.5028
14.7057   41.2476
14.2488   40.8359
14.1169   41.2035
14.2081   41.6495
14.8262   41.7173
14.4159   42.1027
13.9576   42.3103
13.5758   41.6285
13.0126   41.4595
13.6103   42.1369
13.6979   42.6581
13.6388   43.0922
13.5396   42.8834
12.8859   42.4147
12.4829   41.8933
11.9488   42.493
12.4397   42.6539
12.403   43.107
13.1509   43.153
13.2188   43.4801
12.7014   43.6941
12.631   43.9465
12.2742   44.9772
12.3346   45.4372
12.2063   45.8067
12.6597   45.9563
13.7773   45.6496
13.6252   45.9441
13.2358   46.0635
12.0789   46.2805
11.2302   46.6559
10.2584   46.3234
10.4259   45.7796
10.6708   45.1693
10.3281   44.8014
10.0526   44.2131
10.4544   44.0178
10.4019   43.7159
10.8687   43.9741
10.936   44.5385
10.5941   44.6087
10.9924   45.4385
11.1258   46.0664
11.4064   45.6349
11.8734   45.4077
11.8279   44.7668
11.3426   44.4938
12.059   44.3641
12.0141   44.0227
11.7639   43.5171
11.2556   43.7698
11.0941   43.9357
11.4676   43.1672
11.2878   42.7751
10.3403   42.7902
9.69123   44.2384
8.93386   44.4073
8.74503   44.835
9.13783   45.0369
9.18963   45.4642
9.49168   45.2613
9.66653   44.8476
10.037   45.2209
9.75422   45.7567
9.41202   45.9005
9.27883   45.6395
9.14941   45.9395
8.75413   45.8397
8.3836   46.1156
8.546   45.5843
8.34628   45.5554
8.08691   45.567
7.31966   45.7371
7.68249   45.0678
8.20269   44.826
7.55814   44.4581
7.86674   43.9584
8.25257   44.2334
9.50674   40.9253
8.92197   40.7778
8.67964   40.0266
8.76505   39.4937
8.54034   39.3075
9.11331   39.2172
9.34238   40.1277
9.66781   39.9705
12.516   38.0174
13.3524   38.1112

13.5747   37.3123
14.0632   37.4899
14.2807   37.5668
14.7213   36.922
15.2907   37.0646
15.0874   37.5024
15.6398   38.1035
15.5542   38.1938
16.0987   38.6267
16.4316   38.83
16.3331   39.5967
16.8783   39.1874
18.2261   40.1522
17.6884   40.6359
17.0806   40.5488
16.862   41.1258
16.1466   41.1802
16.4736   40.4476
15.8216   40.5173
15.3106   40.4194
15.1406   40.9965
15.4529   41.5028
14.7057   41.2476
14.2488   40.8359
14.1169   41.2035
14.2081   41.6495
14.8262   41.7173
14.4159   42.1027
13.9576   42.3103
13.5758   41.6285
13.0126   41.4595
13.6103   42.1369
13.6979   42.6581
13.6388   43.0922
13.5396   42.8834
12.8859   42.4147
12.4829   41.8933
11.9488   42.493
12.4397   42.6539
12.403   43.107
13.1509   43.153
13.2188   43.4801
12.7014   43.6941
12.631   43.9465
12.2742   44.9772
12.3346   45.4372
12.2063   45.8067
12.6597   45.9563
13.7773   45.6496
13.6252   45.9441
13.2358   46.0635
12.0789   46.2805
11.2302   46.6559
10.2584   46.3234
10.4259   45.7796
10.6708   45.1693
10.3281   44.8014
10.0526   44.2131
10.4544   44.0178
10.4019   43.7159
10.8687   43.9741
10.936   44.5385
10.5941   44.6087
10.9924   45.4385
11.1258   46.0664
11.4064   45.6349
11.8734   45.4077
11.8279   44.7668
11.3426   44.4938
12.059   44.3641
12.0141   44.0227
11.7639   43.5171
11.2556   43.7698
11.0941   43.9357
11.4676   43.1672
11.2878   42.7751
10.3403   42.7902
9.69123   44.2384
8.93386   44.4073
8.74503   44.835
9.13783   45.0369
9.18963   45.4642
9.49168   45.2613
9.66653   44.8476
10.037   45.2209
9.75422   45.7567
9.41202   45.9005
9.27883   45.6395
9.14941   45.9395
8.75413   45.8397
8.3836   46.1156
8.546   45.5843
8.34628   45.5554
8.08691   45.567
7.31966   45.7371
7.68249   45.0678
8.20269   44.826
7.55814   44.4581
7.86674   43.9584
8.25257   44.2334
9.50674   40.9253
8.92197   40.7778
8.67964   40.0266
8.76505   39.4937
8.54034   39.3075
9.11331   39.2172
9.34238   40.1277
9.66781   39.9705
12.516   38.0174
13.3524   38.1112

13.5747   37.3123
14.0632   37.4899
14.2807   37.5668
14.7213   36.922
15.2907   37.0646
15.0874   37.5024
15.6398   38.1035
15.5542   38.1938
16.0987   38.6267
16.4316   38.83
16.3331   39.5967
16.8783   39.1874
18.2261   40.1522
17.6884   40.6359
17.0806   40.5488
16.862   41.1258
16.1466   41.1802
16.4736   40.4476
15.8216   40.5173
15.3106   40.4194
15.1406   40.9965
15.4529   41.5028
14.7057   41.2476
14.2488   40.8359
14.1169   41.2035
14.2081   41.6495
14.8262   41.7173
14.4159   42.1027
13.9576   42.3103
13.5758   41.6285
13.0126   41.4595
13.6103   42.1369
13.6979   42.6581
13.6388   43.0922
13.5396   42.8834
12.8859   42.4147
12.4829   41.8933
11.9488   42.493
12.4397   42.6539
12.403   43.107
13.1509   43.153
13.2188   43.4801
12.7014   43.6941
12.631   43.9465
12.2742   44.9772
12.3346   45.4372
12.2063   45.8067
12.6597   45.9563
13.7773   45.6496
13.6252   45.9441
13.2358   46.0635
12.0789   46.2805
11.2302   46.6559
10.2584   46.3234
10.4259   45.7796
10.6708   45.1693
10.3281   44.8014
10.0526   44.2131
10.4544   44.0178
10.4019   43.7159
10.8687   43.9741
10.936   44.5385
10.5941   44.6087
10.9924   45.4385
11.1258   46.0664
11.4064   45.6349
11.8734   45.4077
11.8279   44.7668
11.3426   44.4938
12.059   44.3641
12.0141   44.0227
11.7639   43.5171
11.2556   43.7698
11.0941   43.9357
11.4676   43.1672
11.2878   42.7751
10.3403   42.7902
9.69123   44.2384
8.93386   44.4073
8.74503   44.835
9.13783   45.0369
9.18963   45.4642
9.49168   45.2613
9.66653   44.8476
10.037   45.2209
9.75422   45.7567
9.41202   45.9005
9.27883   45.6395
9.14941   45.9395
8.75413   45.8397
8.3836   46.1156
8.546   45.5843
8.34628   45.5554
8.08691   45.567
7.31966   45.7371
7.68249   45.0678
8.20269   44.826
7.55814   44.4581
7.86674   43.9584
8.25257   44.2334
9.50674   40.9253
8.92197   40.7778
8.67964   40.0266
8.76505   39.4937
8.54034   39.3075
9.11331   39.2172
9.34238   40.1277
9.66781   39.9705
12.516   38.0174
13.3524   38.1112

13.5747   37.3123
14.0632   37.4899
14.2807   37.5668
14.7213   36.922
15.2907   37.0646
15.0874   37.5024
15.6398   38.1035
15.5542   38.1938
16.0987   38.6267
16.4316   38.83
16.3331   39.5967
16.8783   39.1874
18.2261   40.1522
17.6884   40.6359
17.0806   40.5488
16.862   41.1258
16.1466   41.1802
16.4736   40.4476
15.8216   40.5173
15.3106   40.4194
15.1406   40.9965
15.4529   41.5028
14.7057   41.2476
14.2488   40.8359
14.1169   41.2035
14.2081   41.6495
14.8262   41.7173
14.4159   42.1027
13.9576   42.3103
13.5758   41.6285
13.0126   41.4595
13.6103   42.1369
13.6979   42.6581
13.6388   43.0922
13.5396   42.8834
12.8859   42.4147
12.4829   41.8933
11.9488   42.493
12.4397   42.6539
12.403   43.107
13.1509   43.153
13.2188   43.4801
12.7014   43.6941
12.631   43.9465
12.0141   44.0227
12.059   44.3641
12.2742   44.9772
12.3346   45.4372
12.2063   45.8067
12.6597   45.9563
13.7773   45.6496
13.6252   45.9441
13.2358   46.0635
12.0789   46.2805
11.2302   46.6559
10.2584   46.3234
10.4259   45.7796
10.6708   45.1693
10.3281   44.8014
10.0526   44.2131
10.4544   44.0178
10.4019   43.7159
10.8687   43.9741
10.936   44.5385
10.5941   44.6087
10.9924   45.4385
11.1258   46.0664
11.4064   45.6349
11.8734   45.4077
11.8279   44.7668
11.3426   44.4938
11.0941   43.9357
11.2556   43.7698
11.7639   43.5171
11.4676   43.1672
11.2878   42.7751
10.3403   42.7902
9.69123   44.2384
8.93386   44.4073
8.74503   44.835
9.13783   45.0369
9.18963   45.4642
9.49168   45.2613
9.66653   44.8476
10.037   45.2209
9.75422   45.7567
9.41202   45.9005
9.27883   45.6395
9.14941   45.9395
8.75413   45.8397
8.3836   46.1156
8.546   45.5843
8.34628   45.5554
8.08691   45.567
7.31966   45.7371
7.68249   45.0678
8.20269   44.826
7.55814   44.4581
7.86674   43.9584
8.25257   44.2334
9.50674   40.9253
8.92197   40.7778
8.67964   40.0266
8.76505   39.4937
8.54034   39.3075
9.11331   39.2172
9.34238   40.1277
9.66781   39.9705
12.516   38.0174
13.3524   38.1112

13.5747   37.3123
14.0632   37.4899
14.2807   37.5668
14.7213   36.922
15.2907   37.0646
15.0874   37.5024
15.6398   38.1035
15.5542   38.1938
16.0987   38.6267
16.4316   38.83
16.3331   39.5967
16.8783   39.1874
18.2261   40.1522
17.6884   40.6359
17.0806   40.5488
16.862   41.1258
16.1466   41.1802
16.4736   40.4476
15.8216   40.5173
15.3106   40.4194
15.1406   40.9965
15.4529   41.5028
14.7057   41.2476
14.2488   40.8359
14.1169   41.2035
14.2081   41.6495
14.8262   41.7173
14.4159   42.1027
13.9576   42.3103
13.5758   41.6285
13.0126   41.4595
13.6103   42.1369
13.6979   42.6581
13.6388   43.0922
13.5396   42.8834
12.8859   42.4147
12.4829   41.8933
11.9488   42.493
12.4397   42.6539
12.403   43.107
13.1509   43.153
13.2188   43.4801
12.7014   43.6941
12.631   43.9465
12.0141   44.0227
12.059   44.3641
12.2742   44.9772
12.3346   45.4372
12.2063   45.8067
12.6597   45.9563
13.7773   45.6496
13.6252   45.9441
13.2358   46.0635
12.0789   46.2805
11.2302   46.6559
10.2584   46.3234
10.4259   45.7796
10.6708   45.1693
10.3281   44.8014
10.0526   44.2131
10.4544   44.0178
10.4019   43.7159
10.8687   43.9741
10.936   44.5385
10.5941   44.6087
10.9924   45.4385
11.1258   46.0664
11.4064   45.6349
11.8734   45.4077
11.8279   44.7668
11.3426   44.4938
11.0941   43.9357
11.2556   43.7698
11.7639   43.5171
11.4676   43.1672
11.2878   42.7751
10.3403   42.7902
9.69123   44.2384
8.93386   44.4073
8.74503   44.835
9.13783   45.0369
9.18963   45.4642
9.27883   45.6395
9.49168   45.2613
9.66653   44.8476
10.037   45.2209
9.75422   45.7567
9.41202   45.9005
9.14941   45.9395
8.75413   45.8397
8.3836   46.1156
8.546   45.5843
8.34628   45.5554
8.08691   45.567
7.31966   45.7371
7.68249   45.0678
8.20269   44.826
7.55814   44.4581
7.86674   43.9584
8.25257   44.2334
9.50674   40.9253
8.92197   40.7778
8.67964   40.0266
8.76505   39.4937
8.54034   39.3075
9.11331   39.2172
9.34238   40.1277
9.66781   39.9705
12.516   38.0174
13.3524   38.1112

13.5747   37.3123
14.0632   37.4899
14.2807   37.5668
14.7213   36.922
15.2907   37.0646
15.0874   37.5024
15.6398   38.1035
15.5542   38.1938
16.0987   38.6267
16.4316   38.83
16.3331   39.5967
16.8783   39.1874
18.2261   40.1522
17.6884   40.6359
17.0806   40.5488
16.862   41.1258
16.1466   41.1802
16.4736   40.4476
15.8216   40.5173
15.3106   40.4194
15.1406   40.9965
15.4529   41.5028
14.8262   41.7173
14.7057   41.2476
14.2488   40.8359
14.1169   41.2035
14.2081   41.6495
14.4159   42.1027
13.9576   42.3103
13.5758   41.6285
13.0126   41.4595
13.6103   42.1369
13.6979   42.6581
13.6388   43.0922
13.5396   42.8834
12.8859   42.4147
12.4829   41.8933
11.9488   42.493
12.4397   42.6539
12.403   43.107
13.1509   43.153
13.2188   43.4801
12.7014   43.6941
12.631   43.9465
12.0141   44.0227
12.059   44.3641
12.2742   44.9772
12.3346   45.4372
12.2063   45.8067
12.6597   45.9563
13.7773   45.6496
13.6252   45.9441
13.2358   46.0635
12.0789   46.2805
11.2302   46.6559
10.2584   46.3234
10.4259   45.7796
10.6708   45.1693
10.3281   44.8014
10.0526   44.2131
10.4544   44.0178
10.4019   43.7159
10.8687   43.9741
10.936   44.5385
10.5941   44.6087
10.9924   45.4385
11.1258   46.0664
11.4064   45.6349
11.8734   45.4077
11.8279   44.7668
11.3426   44.4938
11.0941   43.9357
11.2556   43.7698
11.7639   43.5171
11.4676   43.1672
11.2878   42.7751
10.3403   42.7902
9.69123   44.2384
8.93386   44.4073
8.74503   44.835
9.13783   45.0369
9.18963   45.4642
9.27883   45.6395
9.49168   45.2613
9.66653   44.8476
10.037   45.2209
9.75422   45.7567
9.41202   45.9005
9.14941   45.9395
8.75413   45.8397
8.3836   46.1156
8.546   45.5843
8.34628   45.5554
8.08691   45.567
7.31966   45.7371
7.68249   45.0678
8.20269   44.826
7.55814   44.4581
7.86674   43.9584
8.25257   44.2334
9.50674   40.9253
8.92197   40.7778
8.67964   40.0266
8.76505   39.4937
8.54034   39.3075
9.11331   39.2172
9.34238   40.1277
9.66781   39.9705
12.516   38.0174
13.3524   38.1112

13.5747   37.3123
14.0632   37.4899
14.2807   37.5668
14.7213   36.922
15.2907   37.0646
15.0874   37.5024
15.6398   38.1035
15.5542   38.1938
16.0987   38.6267
16.4316   38.83
16.3331   39.5967
16.8783   39.1874
18.2261   40.1522
17.6884   40.6359
17.0806   40.5488
16.862   41.1258
16.1466   41.1802
16.4736   40.4476
15.8216   40.5173
15.3106   40.4194
15.1406   40.9965
15.4529   41.5028
14.8262   41.7173
14.7057   41.2476
14.2488   40.8359
14.1169   41.2035
14.2081   41.6495
14.4159   42.1027
13.9576   42.3103
13.5758   41.6285
13.0126   41.4595
13.6103   42.1369
13.6979   42.6581
13.6388   43.0922
13.5396   42.8834
12.8859   42.4147
12.4829   41.8933
11.9488   42.493
12.4397   42.6539
12.403   43.107
13.1509   43.153
13.2188   43.4801
12.7014   43.6941
12.631   43.9465
12.0141   44.0227
12.059   44.3641
12.2742   44.9772
12.3346   45.4372
12.2063   45.8067
12.6597   45.9563
13.7773   45.6496
13.6252   45.9441
13.2358   46.0635
12.0789   46.2805
11.2302   46.6559
10.2584   46.3234
10.4259   45.7796
10.6708   45.1693
10.3281   44.8014
10.0526   44.2131
10.4544   44.0178
10.4019   43.7159
10.8687   43.9741
10.936   44.5385
10.5941   44.6087
10.9924   45.4385
11.1258   46.0664
11.4064   45.6349
11.8734   45.4077
11.8279   44.7668
11.3426   44.4938
11.0941   43.9357
11.2556   43.7698
11.7639   43.5171
11.4676   43.1672
11.2878   42.7751
10.3403   42.7902
9.69123   44.2384
8.93386   44.4073
8.74503   44.835
9.13783   45.0369
9.18963   45.4642
9.27883   45.6395
9.49168   45.2613
9.66653   44.8476
10.037   45.2209
9.75422   45.7567
9.41202   45.9005
9.14941   45.9395
8.75413   45.8397
8.3836   46.1156
8.546   45.5843
8.34628   45.5554
8.08691   45.567
7.31966   45.7371
7.68249   45.0678
8.20269   44.826
7.55814   44.4581
7.86674   43.9584
8.25257   44.2334
9.50674   40.9253
8.92197   40.7778
8.67964   40.0266
8.76505   39.4937
8.54034   39.3075
9.11331   39.2172
9.34238   40.1277
9.66781   39.9705
12.516   38.0174
13.3524   38.1112

13.5747   37.3123
14.0632   37.4899
14.2807   37.5668
14.7213   36.922
15.2907   37.0646
15.0874   37.5024
15.6398   38.1035
15.5542   38.1938
16.0987   38.6267
16.4316   38.83
16.3331   39.5967
16.8783   39.1874
18.2261   40.1522
17.6884   40.6359
17.0806   40.5488
16.862   41.1258
16.1466   41.1802
16.4736   40.4476
15.8216   40.5173
15.3106   40.4194
15.1406   40.9965
15.4529   41.5028
14.8262   41.7173
14.7057   41.2476
14.2488   40.8359
14.1169   41.2035
14.2081   41.6495
14.4159   42.1027
13.9576   42.3103
13.5758   41.6285
13.0126   41.4595
13.6103   42.1369
13.6979   42.6581
13.6388   43.0922
13.5396   42.8834
12.8859   42.4147
12.4829   41.8933
11.9488   42.493
12.4397   42.6539
12.403   43.107
13.1509   43.153
13.2188   43.4801
12.7014   43.6941
12.631   43.9465
12.0141   44.0227
12.059   44.3641
12.2742   44.9772
12.3346   45.4372
12.2063   45.8067
12.6597   45.9563
13.7773   45.6496
13.6252   45.9441
13.2358   46.0635
12.0789   46.2805
11.2302   46.6559
10.2584   46.3234
10.4259   45.7796
10.6708   45.1693
10.3281   44.8014
10.0526   44.2131
10.4544   44.0178
10.4019   43.7159
10.8687   43.9741
10.936   44.5385
10.5941   44.6087
10.9924   45.4385
11.1258   46.0664
11.4064   45.6349
11.8734   45.4077
11.8279   44.7668
11.3426   44.4938
11.0941   43.9357
11.2556   43.7698
11.7639   43.5171
11.4676   43.1672
11.2878   42.7751
10.3403   42.7902
9.69123   44.2384
8.93386   44.4073
8.74503   44.835
9.13783   45.0369
9.18963   45.4642
9.27883   45.6395
9.49168   45.2613
9.66653   44.8476
10.037   45.2209
9.75422   45.7567
9.41202   45.9005
9.14941   45.9395
8.75413   45.8397
8.3836   46.1156
8.546   45.5843
8.34628   45.5554
8.08691   45.567
7.31966   45.7371
7.68249   45.0678
8.20269   44.826
7.55814   44.4581
7.86674   43.9584
8.25257   44.2334
9.50674   40.9253
8.92197   40.7778
8.67964   40.0266
8.76505   39.4937
8.54034   39.3075
9.11331   39.2172
9.34238   40.1277
9.66781   39.9705
12.516   38.0174
13.3524   38.1112

13.5747   37.3123
14.0632   37.4899
14.2807   37.5668
14.7213   36.922
15.2907   37.0646
15.0874   37.5024
15.6398   38.1035
15.5542   38.1938
16.0987   38.6267
16.4316   38.83
16.3331   39.5967
16.8783   39.1874
18.2261   40.1522
17.6884   40.6359
17.0806   40.5488
16.862   41.1258
16.1466   41.1802
16.4736   40.4476
15.8216   40.5173
15.3106   40.4194
15.1406   40.9965
15.4529   41.5028
14.8262   41.7173
14.7057   41.2476
14.2488   40.8359
14.1169   41.2035
14.2081   41.6495
14.4159   42.1027
13.9576   42.3103
13.5758   41.6285
13.0126   41.4595
13.6103   42.1369
13.6979   42.6581
13.6388   43.0922
13.5396   42.8834
12.8859   42.4147
12.4829   41.8933
11.9488   42.493
12.4397   42.6539
12.403   43.107
13.1509   43.153
13.2188   43.4801
12.7014   43.6941
12.631   43.9465
12.0141   44.0227
12.059   44.3641
12.2742   44.9772
12.3346   45.4372
12.2063   45.8067
12.6597   45.9563
13.7773   45.6496
13.6252   45.9441
13.2358   46.0635
12.0789   46.2805
11.2302   46.6559
10.2584   46.3234
10.4259   45.7796
10.6708   45.1693
10.3281   44.8014
10.0526   44.2131
10.4544   44.0178
10.4019   43.7159
10.8687   43.9741
10.936   44.5385
10.5941   44.6087
10.9924   45.4385
11.1258   46.0664
11.4064   45.6349
11.8734   45.4077
11.8279   44.7668
11.3426   44.4938
11.0941   43.9357
11.2556   43.7698
11.7639   43.5171
11.4676   43.1672
11.2878   42.7751
10.3403   42.7902
9.69123   44.2384
8.93386   44.4073
8.74503   44.835
9.13783   45.0369
9.18963   45.4642
9.27883   45.6395
9.49168   45.2613
9.66653   44.8476
10.037   45.2209
9.75422   45.7567
9.41202   45.9005
9.14941   45.9395
8.75413   45.8397
8.3836   46.1156
8.546   45.5843
8.34628   45.5554
8.08691   45.567
7.31966   45.7371
7.68249   45.0678
8.20269   44.826
7.55814   44.4581
7.86674   43.9584
8.25257   44.2334
9.50674   40.9253
8.92197   40.7778
8.67964   40.0266
8.76505   39.4937
8.54034   39.3075
9.11331   39.2172
9.34238   40.1277
9.66781   39.9705
12.516   38.0174
13.3524   38.1112

13.5747   37.3123
14.0632   37.4899
14.2807   37.5668
14.7213   36.922
15.2907   37.0646
15.0874   37.5024
15.6398   38.1035
15.5542   38.1938
16.0987   38.6267
16.4316   38.83
16.3331   39.5967
16.8783   39.1874
18.2261   40.1522
17.6884   40.6359
17.0806   40.5488
16.862   41.1258
16.1466   41.1802
16.4736   40.4476
15.8216   40.5173
15.3106   40.4194
15.1406   40.9965
15.4529   41.5028
14.8262   41.7173
14.7057   41.2476
14.2488   40.8359
14.1169   41.2035
14.2081   41.6495
14.4159   42.1027
13.9576   42.3103
13.5758   41.6285
13.0126   41.4595
13.6103   42.1369
13.6979   42.6581
13.6388   43.0922
13.5396   42.8834
12.8859   42.4147
12.4829   41.8933
11.9488   42.493
12.4397   42.6539
12.403   43.107
13.1509   43.153
13.2188   43.4801
12.7014   43.6941
12.631   43.9465
12.0141   44.0227
12.059   44.3641
12.2742   44.9772
12.3346   45.4372
12.2063   45.8067
12.6597   45.9563
13.7773   45.6496
13.6252   45.9441
13.2358   46.0635
12.0789   46.2805
11.2302   46.6559
10.2584   46.3234
10.4259   45.7796
10.6708   45.1693
10.3281   44.8014
10.0526   44.2131
10.4544   44.0178
10.4019   43.7159
10.8687   43.9741
10.936   44.5385
10.5941   44.6087
10.9924   45.4385
11.1258   46.0664
11.4064   45.6349
11.8734   45.4077
11.8279   44.7668
11.3426   44.4938
11.0941   43.9357
11.2556   43.7698
11.7639   43.5171
11.4676   43.1672
11.2878   42.7751
10.3403   42.7902
9.69123   44.2384
8.93386   44.4073
8.74503   44.835
9.13783   45.0369
9.18963   45.4642
9.27883   45.6395
9.49168   45.2613
9.66653   44.8476
10.037   45.2209
9.75422   45.7567
9.41202   45.9005
9.14941   45.9395
8.75413   45.8397
8.3836   46.1156
8.546   45.5843
8.34628   45.5554
8.08691   45.567
7.31966   45.7371
7.68249   45.0678
8.20269   44.826
7.55814   44.4581
7.86674   43.9584
8.25257   44.2334
9.50674   40.9253
8.92197   40.7778
8.67964   40.0266
8.76505   39.4937
8.54034   39.3075
9.11331   39.2172
9.34238   40.1277
9.66781   39.9705
12.516   38.0174
13.3524   38.1112

13.5747   37.3123
14.0632   37.4899
14.2807   37.5668
14.7213   36.922
15.2907   37.0646
15.0874   37.5024
15.6398   38.1035
15.5542   38.1938
16.0987   38.6267
16.4316   38.83
16.3331   39.5967
16.8783   39.1874
18.2261   40.1522
17.6884   40.6359
17.0806   40.5488
16.862   41.1258
16.1466   41.1802
16.4736   40.4476
15.8216   40.5173
15.3106   40.4194
15.1406   40.9965
15.4529   41.5028
14.8262   41.7173
14.7057   41.2476
14.2488   40.8359
14.1169   41.2035
14.2081   41.6495
14.4159   42.1027
13.9576   42.3103
13.5758   41.6285
13.0126   41.4595
13.6103   42.1369
13.6979   42.6581
13.6388   43.0922
13.5396   42.8834
12.8859   42.4147
12.4829   41.8933
11.9488   42.493
12.4397   42.6539
12.403   43.107
13.1509   43.153
13.2188   43.4801
12.7014   43.6941
12.631   43.9465
12.0141   44.0227
12.059   44.3641
12.2742   44.9772
12.3346   45.4372
12.2063   45.8067
12.6597   45.9563
13.7773   45.6496
13.6252   45.9441
13.2358   46.0635
12.0789   46.2805
11.2302   46.6559
10.2584   46.3234
10.4259   45.7796
10.6708   45.1693
10.3281   44.8014
10.0526   44.2131
10.4544   44.0178
10.4019   43.7159
10.8687   43.9741
10.936   44.5385
10.5941   44.6087
10.9924   45.4385
11.1258   46.0664
11.4064   45.6349
11.8734   45.4077
11.8279   44.7668
11.3426   44.4938
11.0941   43.9357
11.2556   43.7698
11.7639   43.5171
11.4676   43.1672
11.2878   42.7751
10.3403   42.7902
9.69123   44.2384
8.93386   44.4073
8.74503   44.835
9.13783   45.0369
9.18963   45.4642
9.27883   45.6395
9.49168   45.2613
9.66653   44.8476
10.037   45.2209
9.75422   45.7567
9.41202   45.9005
9.14941   45.9395
8.75413   45.8397
8.3836   46.1156
8.546   45.5843
8.34628   45.5554
8.08691   45.567
7.31966   45.7371
7.68249   45.0678
8.20269   44.826
7.55814   44.4581
7.86674   43.9584
8.25257   44.2334
9.50674   40.9253
8.92197   40.7778
8.67964   40.0266
8.76505   39.4937
8.54034   39.3075
9.11331   39.2172
9.34238   40.1277
9.66781   39.9705
12.516   38.0174
13.3524   38.1112

13.5747   37.3123
14.0632   37.4899
14.2807   37.5668
14.7213   36.922
15.2907   37.0646
15.0874   37.5024
15.6398   38.1035
15.5542   38.1938
16.0987   38.6267
16.4316   38.83
16.3331   39.5967
16.8783   39.1874
18.2261   40.1522
17.6884   40.6359
17.0806   40.5488
16.862   41.1258
16.1466   41.1802
16.4736   40.4476
15.8216   40.5173
15.3106   40.4194
15.1406   40.9965
15.4529   41.5028
14.8262   41.7173
14.7057   41.2476
14.2488   40.8359
14.1169   41.2035
14.2081   41.6495
14.4159   42.1027
13.9576   42.3103
13.5758   41.6285
13.0126   41.4595
13.6103   42.1369
13.6979   42.6581
13.6388   43.0922
13.5396   42.8834
12.8859   42.4147
12.4829   41.8933
11.9488   42.493
12.4397   42.6539
12.403   43.107
13.1509   43.153
13.2188   43.4801
12.7014   43.6941
12.631   43.9465
12.0141   44.0227
12.059   44.3641
12.2742   44.9772
12.3346   45.4372
12.2063   45.8067
12.6597   45.9563
13.7773   45.6496
13.6252   45.9441
13.2358   46.0635
12.0789   46.2805
11.2302   46.6559
10.2584   46.3234
10.4259   45.7796
10.6708   45.1693
10.3281   44.8014
10.0526   44.2131
10.4544   44.0178
10.4019   43.7159
10.8687   43.9741
10.936   44.5385
10.5941   44.6087
10.9924   45.4385
11.1258   46.0664
11.4064   45.6349
11.8734   45.4077
11.8279   44.7668
11.3426   44.4938
11.0941   43.9357
11.2556   43.7698
11.7639   43.5171
11.4676   43.1672
11.2878   42.7751
10.3403   42.7902
9.69123   44.2384
8.93386   44.4073
8.74503   44.835
9.13783   45.0369
9.18963   45.4642
9.27883   45.6395
9.49168   45.2613
9.66653   44.8476
10.037   45.2209
9.75422   45.7567
9.41202   45.9005
9.14941   45.9395
8.75413   45.8397
8.3836   46.1156
8.546   45.5843
8.34628   45.5554
8.08691   45.567
7.31966   45.7371
7.68249   45.0678
8.20269   44.826
7.55814   44.4581
7.86674   43.9584
8.25257   44.2334
9.50674   40.9253
8.92197   40.7778
8.67964   40.0266
8.76505   39.4937
8.54034   39.3075
9.11331   39.2172
9.34238   40.1277
9.66781   39.9705
12.516   38.0174
13.3524   38.1112

13.5747   37.3123
14.0632   37.4899
14.2807   37.5668
14.7213   36.922
15.2907   37.0646
15.0874   37.5024
15.6398   38.1035
15.5542   38.1938
16.0987   38.6267
16.4316   38.83
16.3331   39.5967
16.8783   39.1874
18.2261   40.1522
17.6884   40.6359
17.0806   40.5488
16.862   41.1258
16.1466   41.1802
16.4736   40.4476
15.8216   40.5173
15.3106   40.4194
15.1406   40.9965
15.4529   41.5028
14.8262   41.7173
14.7057   41.2476
14.2488   40.8359
14.1169   41.2035
14.2081   41.6495
14.4159   42.1027
13.9576   42.3103
13.5758   41.6285
13.0126   41.4595
13.6103   42.1369
13.6979   42.6581
13.6388   43.0922
13.5396   42.8834
12.8859   42.4147
12.4829   41.8933
11.9488   42.493
12.4397   42.6539
12.403   43.107
13.1509   43.153
13.2188   43.4801
12.7014   43.6941
12.631   43.9465
12.0141   44.0227
12.059   44.3641
12.2742   44.9772
12.3346   45.4372
12.2063   45.8067
12.6597   45.9563
13.7773   45.6496
13.6252   45.9441
13.2358   46.0635
12.0789   46.2805
11.2302   46.6559
10.2584   46.3234
10.4259   45.7796
10.6708   45.1693
10.3281   44.8014
10.5941   44.6087
10.0526   44.2131
10.4544   44.0178
10.4019   43.7159
10.8687   43.9741
10.936   44.5385
10.9924   45.4385
11.1258   46.0664
11.4064   45.6349
11.8734   45.4077
11.8279   44.7668
11.3426   44.4938
11.0941   43.9357
11.2556   43.7698
11.7639   43.5171
11.4676   43.1672
11.2878   42.7751
10.3403   42.7902
9.69123   44.2384
8.93386   44.4073
8.74503   44.835
9.13783   45.0369
9.18963   45.4642
9.27883   45.6395
9.49168   45.2613
9.66653   44.8476
10.037   45.2209
9.75422   45.7567
9.41202   45.9005
9.14941   45.9395
8.75413   45.8397
8.3836   46.1156
8.546   45.5843
8.34628   45.5554
8.08691   45.567
7.31966   45.7371
7.68249   45.0678
8.20269   44.826
7.55814   44.4581
7.86674   43.9584
8.25257   44.2334
9.50674   40.9253
8.92197   40.7778
8.67964   40.0266
8.76505   39.4937
8.54034   39.3075
9.11331   39.2172
9.34238   40.1277
9.66781   39.9705
12.516   38.0174
13.3524   38.1112

13.5747   37.3123
14.0632   37.4899
14.2807   37.5668
14.7213   36.922
15.2907   37.0646
15.0874   37.5024
15.6398   38.1035
15.5542   38.1938
16.0987   38.6267
16.4316   38.83
16.3331   39.5967
16.8783   39.1874
18.2261   40.1522
17.6884   40.6359
17.0806   40.5488
16.862   41.1258
16.1466   41.1802
16.4736   40.4476
15.8216   40.5173
15.3106   40.4194
15.1406   40.9965
15.4529   41.5028
14.8262   41.7173
14.7057   41.2476
14.2488   40.8359
14.1169   41.2035
14.2081   41.6495
14.4159   42.1027
13.9576   42.3103
13.5758   41.6285
13.0126   41.4595
13.6103   42.1369
13.6979   42.6581
13.6388   43.0922
13.5396   42.8834
12.8859   42.4147
12.4829   41.8933
11.9488   42.493
12.4397   42.6539
12.403   43.107
13.1509   43.153
13.2188   43.4801
12.7014   43.6941
12.631   43.9465
12.0141   44.0227
12.059   44.3641
12.2742   44.9772
12.3346   45.4372
12.2063   45.8067
12.6597   45.9563
13.7773   45.6496
13.6252   45.9441
13.2358   46.0635
12.0789   46.2805
11.2302   46.6559
10.2584   46.3234
10.4259   45.7796
10.6708   45.1693
10.3281   44.8014
10.5941   44.6087
10.3403   42.7902
11.2878   42.7751
11.4676   43.1672
11.7639   43.5171
11.2556   43.7698
11.0941   43.9357
11.3426   44.4938
11.8279   44.7668
11.8734   45.4077
11.4064   45.6349
11.1258   46.0664
10.9924   45.4385
10.936   44.5385
10.8687   43.9741
10.4019   43.7159
10.4544   44.0178
10.0526   44.2131
9.69123   44.2384
8.93386   44.4073
8.74503   44.835
9.13783   45.0369
9.18963   45.4642
9.27883   45.6395
9.49168   45.2613
9.66653   44.8476
10.037   45.2209
9.75422   45.7567
9.41202   45.9005
9.14941   45.9395
8.75413   45.8397
8.3836   46.1156
8.546   45.5843
8.34628   45.5554
8.08691   45.567
7.31966   45.7371
7.68249   45.0678
8.20269   44.826
7.55814   44.4581
7.86674   43.9584
8.25257   44.2334
9.50674   40.9253
8.92197   40.7778
8.67964   40.0266
8.76505   39.4937
8.54034   39.3075
9.11331   39.2172
9.34238   40.1277
9.66781   39.9705
12.516   38.0174
13.3524   38.1112

13.5747   37.3123
14.0632   37.4899
14.2807   37.5668
14.7213   36.922
15.2907   37.0646
15.0874   37.5024
15.6398   38.1035
15.5542   38.1938
16.0987   38.6267
16.4316   38.83
16.3331   39.5967
16.8783   39.1874
18.2261   40.1522
17.6884   40.6359
17.0806   40.5488
16.862   41.1258
16.1466   41.1802
16.4736   40.4476
15.8216   40.5173
15.3106   40.4194
15.1406   40.9965
15.4529   41.5028
14.8262   41.7173
14.7057   41.2476
14.2488   40.8359
14.1169   41.2035
14.2081   41.6495
14.4159   42.1027
13.9576   42.3103
13.5758   41.6285
13.0126   41.4595
13.6103   42.1369
13.6979   42.6581
13.6388   43.0922
13.5396   42.8834
12.8859   42.4147
12.4829   41.8933
11.9488   42.493
12.4397   42.6539
12.403   43.107
13.1509   43.153
13.2188   43.4801
12.7014   43.6941
12.631   43.9465
12.0141   44.0227
12.059   44.3641
12.2742   44.9772
12.3346   45.4372
12.2063   45.8067
12.6597   45.9563
13.7773   45.6496
13.6252   45.9441
13.2358   46.0635
12.0789   46.2805
11.2302   46.6559
10.2584   46.3234
10.4259   45.7796
10.6708   45.1693
10.3281   44.8014
10.5941   44.6087
10.8687   43.9741
10.936   44.5385
10.9924   45.4385
11.1258   46.0664
11.4064   45.6349
11.8734   45.4077
11.8279   44.7668
11.3426   44.4938
11.0941   43.9357
11.2556   43.7698
11.7639   43.5171
11.4676   43.1672
11.2878   42.7751
10.3403   42.7902
10.4019   43.7159
10.4544   44.0178
10.0526   44.2131
9.69123   44.2384
8.93386   44.4073
8.74503   44.835
9.13783   45.0369
9.18963   45.4642
9.27883   45.6395
9.49168   45.2613
9.66653   44.8476
10.037   45.2209
9.75422   45.7567
9.41202   45.9005
9.14941   45.9395
8.75413   45.8397
8.3836   46.1156
8.546   45.5843
8.34628   45.5554
8.08691   45.567
7.31966   45.7371
7.68249   45.0678
8.20269   44.826
7.55814   44.4581
7.86674   43.9584
8.25257   44.2334
9.50674   40.9253
8.92197   40.7778
8.67964   40.0266
8.76505   39.4937
8.54034   39.3075
9.11331   39.2172
9.34238   40.1277
9.66781   39.9705
12.516   38.0174
13.3524   38.1112

13.5747   37.3123
14.0632   37.4899
14.2807   37.5668
14.7213   36.922
15.2907   37.0646
15.0874   37.5024
15.6398   38.1035
15.5542   38.1938
16.0987   38.6267
16.4316   38.83
16.3331   39.5967
16.8783   39.1874
18.2261   40.1522
17.6884   40.6359
17.0806   40.5488
16.862   41.1258
16.1466   41.1802
16.4736   40.4476
15.8216   40.5173
15.3106   40.4194
15.1406   40.9965
15.4529   41.5028
14.8262   41.7173
14.7057   41.2476
14.2488   40.8359
14.1169   41.2035
14.2081   41.6495
14.4159   42.1027
13.9576   42.3103
13.5758   41.6285
13.0126   41.4595
13.6103   42.1369
13.6979   42.6581
13.6388   43.0922
13.5396   42.8834
12.8859   42.4147
12.4829   41.8933
11.9488   42.493
12.4397   42.6539
12.403   43.107
13.1509   43.153
13.2188   43.4801
12.7014   43.6941
12.631   43.9465
12.0141   44.0227
12.059   44.3641
12.2742   44.9772
12.3346   45.4372
12.2063   45.8067
12.6597   45.9563
13.7773   45.6496
13.6252   45.9441
13.2358   46.0635
12.0789   46.2805
11.2302   46.6559
10.2584   46.3234
10.4259   45.7796
10.6708   45.1693
10.3281   44.8014
10.5941   44.6087
10.8687   43.9741
10.936   44.5385
10.9924   45.4385
11.1258   46.0664
11.4064   45.6349
11.8734   45.4077
11.8279   44.7668
11.3426   44.4938
11.0941   43.9357
11.2556   43.7698
11.7639   43.5171
11.4676   43.1672
11.2878   42.7751
10.3403   42.7902
10.4019   43.7159
10.4544   44.0178
10.0526   44.2131
9.69123   44.2384
8.93386   44.4073
8.74503   44.835
9.13783   45.0369
9.18963   45.4642
9.27883   45.6395
9.49168   45.2613
9.66653   44.8476
10.037   45.2209
9.75422   45.7567
9.41202   45.9005
9.14941   45.9395
8.75413   45.8397
8.3836   46.1156
8.546   45.5843
8.34628   45.5554
8.08691   45.567
7.31966   45.7371
7.68249   45.0678
8.20269   44.826
7.55814   44.4581
7.86674   43.9584
8.25257   44.2334
9.50674   40.9253
8.92197   40.7778
8.67964   40.0266
8.76505   39.4937
8.54034   39.3075
9.11331   39.2172
9.34238   40.1277
9.66781   39.9705
12.516   38.0174
13.3524   38.1112

13.5747   37.3123
14.0632   37.4899
14.2807   37.5668
14.7213   36.922
15.2907   37.0646
15.0874   37.5024
15.6398   38.1035
15.5542   38.1938
16.0987   38.6267
16.4316   38.83
16.3331   39.5967
16.8783   39.1874
18.2261   40.1522
17.6884   40.6359
17.0806   40.5488
16.862   41.1258
16.1466   41.1802
16.4736   40.4476
15.8216   40.5173
15.3106   40.4194
15.1406   40.9965
15.4529   41.5028
14.8262   41.7173
14.7057   41.2476
14.2488   40.8359
14.1169   41.2035
14.2081   41.6495
14.4159   42.1027
13.9576   42.3103
13.5758   41.6285
13.0126   41.4595
13.6103   42.1369
13.6979   42.6581
13.6388   43.0922
13.5396   42.8834
12.8859   42.4147
12.4829   41.8933
11.9488   42.493
12.4397   42.6539
12.403   43.107
13.1509   43.153
13.2188   43.4801
12.7014   43.6941
12.631   43.9465
12.0141   44.0227
12.059   44.3641
12.2742   44.9772
12.3346   45.4372
12.2063   45.8067
12.6597   45.9563
13.7773   45.6496
13.6252   45.9441
13.2358   46.0635
12.0789   46.2805
11.2302   46.6559
10.2584   46.3234
10.4259   45.7796
10.9924   45.4385
11.1258   46.0664
11.4064   45.6349
11.8734   45.4077
11.8279   44.7668
11.3426   44.4938
10.6708   45.1693
10.3281   44.8014
10.5941   44.6087
10.936   44.5385
10.8687   43.9741
11.0941   43.9357
11.2556   43.7698
11.7639   43.5171
11.4676   43.1672
11.2878   42.7751
10.3403   42.7902
10.4019   43.7159
10.4544   44.0178
10.0526   44.2131
9.69123   44.2384
8.93386   44.4073
8.74503   44.835
9.13783   45.0369
9.18963   45.4642
9.27883   45.6395
9.49168   45.2613
9.66653   44.8476
10.037   45.2209
9.75422   45.7567
9.41202   45.9005
9.14941   45.9395
8.75413   45.8397
8.3836   46.1156
8.546   45.5843
8.34628   45.5554
8.08691   45.567
7.31966   45.7371
7.68249   45.0678
8.20269   44.826
7.55814   44.4581
7.86674   43.9584
8.25257   44.2334
9.50674   40.9253
8.92197   40.7778
8.67964   40.0266
8.76505   39.4937
8.54034   39.3075
9.11331   39.2172
9.34238   40.1277
9.66781   39.9705
12.516   38.0174
13.3524   38.1112

13.5747   37.3123
14.0632   37.4899
14.2807   37.5668
14.7213   36.922
15.2907   37.0646
15.0874   37.5024
15.6398   38.1035
15.5542   38.1938
16.0987   38.6267
16.4316   38.83
16.3331   39.5967
16.8783   39.1874
18.2261   40.1522
17.6884   40.6359
17.0806   40.5488
16.862   41.1258
16.1466   41.1802
16.4736   40.4476
15.8216   40.5173
15.3106   40.4194
15.1406   40.9965
15.4529   41.5028
14.8262   41.7173
14.7057   41.2476
14.2488   40.8359
14.1169   41.2035
14.2081   41.6495
14.4159   42.1027
13.9576   42.3103
13.5758   41.6285
13.0126   41.4595
13.6103   42.1369
13.6979   42.6581
13.6388   43.0922
13.5396   42.8834
12.8859   42.4147
12.4829   41.8933
11.9488   42.493
12.4397   42.6539
12.403   43.107
13.1509   43.153
13.2188   43.4801
12.7014   43.6941
12.631   43.9465
12.0141   44.0227
12.059   44.3641
12.2742   44.9772
12.3346   45.4372
12.2063   45.8067
12.6597   45.9563
13.7773   45.6496
13.6252   45.9441
13.2358   46.0635
12.0789   46.2805
11.2302   46.6559
10.2584   46.3234
10.4259   45.7796
10.9924   45.4385
11.1258   46.0664
11.4064   45.6349
11.8734   45.4077
11.8279   44.7668
11.3426   44.4938
10.6708   45.1693
10.3281   44.8014
10.5941   44.6087
10.936   44.5385
10.8687   43.9741
11.0941   43.9357
11.2556   43.7698
11.7639   43.5171
11.4676   43.1672
11.2878   42.7751
10.3403   42.7902
10.4019   43.7159
10.4544   44.0178
10.0526   44.2131
9.69123   44.2384
8.93386   44.4073
8.74503   44.835
9.13783   45.0369
9.18963   45.4642
9.27883   45.6395
9.49168   45.2613
9.66653   44.8476
10.037   45.2209
9.75422   45.7567
9.41202   45.9005
9.14941   45.9395
8.75413   45.8397
8.3836   46.1156
8.546   45.5843
8.34628   45.5554
8.08691   45.567
7.31966   45.7371
7.68249   45.0678
8.20269   44.826
7.55814   44.4581
7.86674   43.9584
8.25257   44.2334
9.50674   40.9253
8.92197   40.7778
8.67964   40.0266
8.76505   39.4937
8.54034   39.3075
9.11331   39.2172
9.34238   40.1277
9.66781   39.9705
12.516   38.0174
13.3524   38.1112

13.5747   37.3123
14.0632   37.4899
14.2807   37.5668
14.7213   36.922
15.2907   37.0646
15.0874   37.5024
15.6398   38.1035
15.5542   38.1938
16.0987   38.6267
16.4316   38.83
16.3331   39.5967
16.8783   39.1874
18.2261   40.1522
17.6884   40.6359
17.0806   40.5488
16.862   41.1258
16.1466   41.1802
16.4736   40.4476
15.8216   40.5173
15.3106   40.4194
15.1406   40.9965
15.4529   41.5028
14.8262   41.7173
14.7057   41.2476
14.2488   40.8359
14.1169   41.2035
14.2081   41.6495
14.4159   42.1027
13.9576   42.3103
13.5758   41.6285
13.0126   41.4595
13.6103   42.1369
13.6979   42.6581
13.6388   43.0922
13.5396   42.8834
12.8859   42.4147
12.4829   41.8933
11.9488   42.493
12.4397   42.6539
12.403   43.107
13.1509   43.153
13.2188   43.4801
12.7014   43.6941
12.631   43.9465
12.0141   44.0227
12.059   44.3641
12.2742   44.9772
12.3346   45.4372
12.2063   45.8067
12.6597   45.9563
13.7773   45.6496
13.6252   45.9441
13.2358   46.0635
12.0789   46.2805
11.2302   46.6559
10.2584   46.3234
10.4259   45.7796
10.9924   45.4385
11.1258   46.0664
11.4064   45.6349
11.8734   45.4077
11.8279   44.7668
11.3426   44.4938
10.6708   45.1693
10.3281   44.8014
10.5941   44.6087
10.936   44.5385
10.8687   43.9741
11.0941   43.9357
11.2556   43.7698
11.7639   43.5171
11.4676   43.1672
11.2878   42.7751
10.3403   42.7902
10.4019   43.7159
10.4544   44.0178
10.0526   44.2131
9.69123   44.2384
8.93386   44.4073
8.74503   44.835
9.13783   45.0369
9.18963   45.4642
9.27883   45.6395
9.49168   45.2613
9.66653   44.8476
10.037   45.2209
9.75422   45.7567
9.41202   45.9005
9.14941   45.9395
8.75413   45.8397
8.3836   46.1156
8.546   45.5843
8.34628   45.5554
8.08691   45.567
7.31966   45.7371
7.68249   45.0678
8.20269   44.826
7.55814   44.4581
7.86674   43.9584
8.25257   44.2334
9.50674   40.9253
8.92197   40.7778
8.67964   40.0266
8.76505   39.4937
8.54034   39.3075
9.11331   39.2172
9.34238   40.1277
9.66781   39.9705
12.516   38.0174
13.3524   38.1112

13.5747   37.3123
14.0632   37.4899
14.2807   37.5668
14.7213   36.922
15.2907   37.0646
15.0874   37.5024
15.6398   38.1035
15.5542   38.1938
16.0987   38.6267
16.4316   38.83
16.3331   39.5967
16.8783   39.1874
18.2261   40.1522
17.6884   40.6359
17.0806   40.5488
16.862   41.1258
16.1466   41.1802
16.4736   40.4476
15.8216   40.5173
15.3106   40.4194
15.1406   40.9965
15.4529   41.5028
14.8262   41.7173
14.7057   41.2476
14.2488   40.8359
14.1169   41.2035
14.2081   41.6495
14.4159   42.1027
13.9576   42.3103
13.5758   41.6285
13.0126   41.4595
13.6103   42.1369
13.6979   42.6581
13.6388   43.0922
13.5396   42.8834
12.8859   42.4147
12.4829   41.8933
11.9488   42.493
12.4397   42.6539
12.403   43.107
13.1509   43.153
13.2188   43.4801
12.7014   43.6941
12.631   43.9465
12.0141   44.0227
12.059   44.3641
12.2742   44.9772
12.3346   45.4372
12.2063   45.8067
12.6597   45.9563
13.7773   45.6496
13.6252   45.9441
13.2358   46.0635
12.0789   46.2805
11.2302   46.6559
10.2584   46.3234
10.4259   45.7796
10.9924   45.4385
11.1258   46.0664
11.4064   45.6349
11.8734   45.4077
11.8279   44.7668
11.3426   44.4938
10.6708   45.1693
10.3281   44.8014
10.5941   44.6087
10.936   44.5385
10.8687   43.9741
11.0941   43.9357
11.2556   43.7698
11.7639   43.5171
11.4676   43.1672
11.2878   42.7751
10.3403   42.7902
10.4019   43.7159
10.4544   44.0178
10.0526   44.2131
9.69123   44.2384
8.93386   44.4073
8.74503   44.835
9.13783   45.0369
9.18963   45.4642
9.27883   45.6395
9.49168   45.2613
9.66653   44.8476
10.037   45.2209
9.75422   45.7567
9.41202   45.9005
9.14941   45.9395
8.75413   45.8397
8.3836   46.1156
8.546   45.5843
8.34628   45.5554
8.08691   45.567
7.31966   45.7371
7.68249   45.0678
8.20269   44.826
7.55814   44.4581
7.86674   43.9584
8.25257   44.2334
9.50674   40.9253
8.92197   40.7778
8.67964   40.0266
8.76505   39.4937
8.54034   39.3075
9.11331   39.2172
9.34238   40.1277
9.66781   39.9705
12.516   38.0174
13.3524   38.1112

13.5747   37.3123
14.0632   37.4899
14.2807   37.5668
14.7213   36.922
15.2907   37.0646
15.0874   37.5024
15.6398   38.1035
15.5542   38.1938
16.0987   38.6267
16.4316   38.83
16.3331   39.5967
16.8783   39.1874
18.2261   40.1522
17.6884   40.6359
17.0806   40.5488
16.862   41.1258
16.1466   41.1802
16.4736   40.4476
15.8216   40.5173
15.3106   40.4194
15.1406   40.9965
15.4529   41.5028
14.8262   41.7173
14.7057   41.2476
14.2488   40.8359
14.1169   41.2035
14.2081   41.6495
14.4159   42.1027
13.9576   42.3103
13.5758   41.6285
13.0126   41.4595
13.6103   42.1369
13.6979   42.6581
13.6388   43.0922
13.5396   42.8834
12.8859   42.4147
12.4829   41.8933
11.9488   42.493
12.4397   42.6539
12.403   43.107
13.1509   43.153
13.2188   43.4801
12.7014   43.6941
12.631   43.9465
12.0141   44.0227
12.059   44.3641
12.2742   44.9772
12.3346   45.4372
12.2063   45.8067
12.6597   45.9563
13.7773   45.6496
13.6252   45.9441
13.2358   46.0635
12.0789   46.2805
11.2302   46.6559
10.2584   46.3234
10.4259   45.7796
10.9924   45.4385
11.1258   46.0664
11.4064   45.6349
11.8734   45.4077
11.8279   44.7668
11.3426   44.4938
10.6708   45.1693
10.3281   44.8014
10.5941   44.6087
10.936   44.5385
10.8687   43.9741
11.0941   43.9357
11.2556   43.7698
11.7639   43.5171
11.4676   43.1672
11.2878   42.7751
10.3403   42.7902
10.4019   43.7159
10.4544   44.0178
10.0526   44.2131
9.69123   44.2384
8.93386   44.4073
8.74503   44.835
9.13783   45.0369
9.18963   45.4642
9.27883   45.6395
9.49168   45.2613
9.66653   44.8476
10.037   45.2209
9.75422   45.7567
9.41202   45.9005
9.14941   45.9395
8.75413   45.8397
8.3836   46.1156
8.546   45.5843
8.34628   45.5554
8.08691   45.567
7.31966   45.7371
7.68249   45.0678
8.20269   44.826
7.55814   44.4581
7.86674   43.9584
8.25257   44.2334
9.50674   40.9253
8.92197   40.7778
8.67964   40.0266
8.76505   39.4937
8.54034   39.3075
9.11331   39.2172
9.34238   40.1277
9.66781   39.9705
12.516   38.0174
13.3524   38.1112

13.5747   37.3123
14.0632   37.4899
14.2807   37.5668
14.7213   36.922
15.2907   37.0646
15.0874   37.5024
15.6398   38.1035
15.5542   38.1938
16.0987   38.6267
16.4316   38.83
16.3331   39.5967
16.8783   39.1874
18.2261   40.1522
17.6884   40.6359
17.0806   40.5488
16.862   41.1258
16.1466   41.1802
16.4736   40.4476
15.8216   40.5173
15.3106   40.4194
15.1406   40.9965
15.4529   41.5028
14.8262   41.7173
14.7057   41.2476
14.2488   40.8359
14.1169   41.2035
14.2081   41.6495
14.4159   42.1027
13.9576   42.3103
13.5758   41.6285
13.0126   41.4595
13.6103   42.1369
13.6979   42.6581
13.6388   43.0922
13.5396   42.8834
12.8859   42.4147
12.4829   41.8933
11.9488   42.493
12.4397   42.6539
12.403   43.107
13.1509   43.153
13.2188   43.4801
12.7014   43.6941
12.631   43.9465
12.0141   44.0227
12.059   44.3641
12.2742   44.9772
12.3346   45.4372
12.2063   45.8067
12.6597   45.9563
13.7773   45.6496
13.6252   45.9441
13.2358   46.0635
12.0789   46.2805
11.2302   46.6559
10.2584   46.3234
10.4259   45.7796
10.9924   45.4385
11.1258   46.0664
11.4064   45.6349
11.8734   45.4077
11.8279   44.7668
11.3426   44.4938
10.6708   45.1693
10.3281   44.8014
10.5941   44.6087
10.936   44.5385
10.8687   43.9741
11.0941   43.9357
11.2556   43.7698
11.7639   43.5171
11.4676   43.1672
11.2878   42.7751
10.3403   42.7902
10.4019   43.7159
10.4544   44.0178
10.0526   44.2131
9.69123   44.2384
8.93386   44.4073
8.74503   44.835
9.13783   45.0369
9.18963   45.4642
9.27883   45.6395
9.49168   45.2613
9.66653   44.8476
10.037   45.2209
9.75422   45.7567
9.41202   45.9005
9.14941   45.9395
8.75413   45.8397
8.3836   46.1156
8.546   45.5843
8.34628   45.5554
8.08691   45.567
7.31966   45.7371
7.68249   45.0678
8.20269   44.826
7.55814   44.4581
7.86674   43.9584
8.25257   44.2334
9.50674   40.9253
8.92197   40.7778
8.67964   40.0266
8.76505   39.4937
8.54034   39.3075
9.11331   39.2172
9.34238   40.1277
9.66781   39.9705
12.516   38.0174
13.3524   38.1112

13.5747   37.3123
14.0632   37.4899
14.2807   37.5668
14.7213   36.922
15.2907   37.0646
15.0874   37.5024
15.6398   38.1035
15.5542   38.1938
16.0987   38.6267
16.4316   38.83
16.3331   39.5967
16.8783   39.1874
18.2261   40.1522
17.6884   40.6359
17.0806   40.5488
16.862   41.1258
16.1466   41.1802
16.4736   40.4476
15.8216   40.5173
15.3106   40.4194
15.1406   40.9965
15.4529   41.5028
14.8262   41.7173
14.7057   41.2476
14.2488   40.8359
14.1169   41.2035
14.2081   41.6495
14.4159   42.1027
13.9576   42.3103
13.5758   41.6285
13.0126   41.4595
13.6103   42.1369
13.6979   42.6581
13.6388   43.0922
13.5396   42.8834
12.8859   42.4147
12.4829   41.8933
11.9488   42.493
12.4397   42.6539
12.403   43.107
13.1509   43.153
13.2188   43.4801
12.7014   43.6941
12.631   43.9465
12.0141   44.0227
12.059   44.3641
12.2742   44.9772
12.3346   45.4372
12.2063   45.8067
12.6597   45.9563
13.7773   45.6496
13.6252   45.9441
13.2358   46.0635
12.0789   46.2805
11.2302   46.6559
10.2584   46.3234
10.4259   45.7796
10.9924   45.4385
11.1258   46.0664
11.4064   45.6349
11.8734   45.4077
11.8279   44.7668
11.3426   44.4938
10.6708   45.1693
10.3281   44.8014
10.5941   44.6087
10.936   44.5385
10.8687   43.9741
11.0941   43.9357
11.2556   43.7698
11.7639   43.5171
11.4676   43.1672
11.2878   42.7751
10.3403   42.7902
10.4019   43.7159
10.4544   44.0178
10.0526   44.2131
9.69123   44.2384
8.93386   44.4073
8.74503   44.835
9.13783   45.0369
9.18963   45.4642
9.27883   45.6395
9.49168   45.2613
9.66653   44.8476
10.037   45.2209
9.75422   45.7567
9.41202   45.9005
9.14941   45.9395
8.75413   45.8397
8.3836   46.1156
8.546   45.5843
8.34628   45.5554
8.08691   45.567
7.31966   45.7371
7.68249   45.0678
8.20269   44.826
7.55814   44.4581
7.86674   43.9584
8.25257   44.2334
9.50674   40.9253
8.92197   40.7778
8.67964   40.0266
8.76505   39.4937
8.54034   39.3075
9.11331   39.2172
9.34238   40.1277
9.66781   39.9705
12.516   38.0174
13.3524   38.1112

