#HALF_LENGTH_HISTORY
41.6314
40.1154
38.7193
37.8266
36.8263
36.1039
35.2286
34.8241
33.8139
33.4118
32.1911
31.6941
31.9662
31.4494
31.5083
31.3688
31.1842
31.2455
30.9402
30.4787
30.0315
30.1487
29.5944
29.384
29.6242
29.2044
28.9414
29.3019
28.9314
28.3716
27.9414
27.2783
27.2255
26.6102
26.4155
26.3539
26.1526
26.2265
26.2567
26.0962
25.3939
25.6201
25.3791
25.8465
25.7711
25.3171
25.3818
25.5516
25.2241
24.978
25.4634
25.6964
25.3326
25.1653
25.2576
25.5109
24.8179
24.6381
24.8346
25.3419
24.6107
24.0266
24.5972
24.8406
24.5472
24.7129
24.2865
24.4361
24.7177
24.2459
24.5245
24.1038
24.5861
24.8807
24.6657
24.4731
24.739
24.8596
24.314
24.0672
24.1675
24.8123
24.3003
23.8622
24.598
23.9419
23.5993
23.9862
23.9293
23.6897
23.6436
23.3007
23.7813
23.6593
24.3643
24.2779
24.6088
24.8009
24.3799
24.5952
24.2029
23.9121
24.4463
24.0444
23.7157
24.3864
24.7082
23.9155
24.7216
24.6081
24.3745
24.1093
24.1012
23.9174
23.9814
24.2229
23.9088
24.28
24.4625
24.2806
24.0538
23.9971
24.5371
24.4041
24.3297
24.3911
24.5764
24.6774
25.3725
25.3908
24.7818
25.1403
25.4555
24.495
24.398
24.3784
24.016
24.5677
24.6027
24.2731
24.6453
24.8134
24.7731
24.247
23.5475
24.0303
23.8791
24.1193
23.7456
24.0568
24.5226
23.9663
24.3611
24.709
24.0925
23.9946
24.0836
23.4843
23.6102
24.6442
23.5821
23.1593
24.3373
24.4978
23.9901
23.927
24.521
23.7464
24.0089
23.3511
23.7927
24.0981
24.1771
24.1929
24.5965
24.0306
23.486
23.3088
22.7983
23.0261
22.9439
23.2691
23.0484
23.1494
23.0261
23.243
23.6213
24.1326
24.3628
23.4677
23.3897
23.5143
23.3934
23.8788
23.5513
23.5528
24.2086
23.6674
23.9054
23.2871
