#BEST_LENGTH_HISTORY
14.619
14.3077
13.2015
12.994
12.2055
11.9096
11.393
11.2809
10.7982
10.6861
10.2637
10.1942
9.38536
9.3096
9.29096
9.06341
8.88768
8.78207
8.57423
8.45489
8.0874
7.6467
7.63883
7.52024
7.52024
7.37532
7.37532
7.20953
7.16232
7.03586
6.93605
6.90961
6.78449
6.70126
6.52232
6.52232
6.48606
6.37574
6.33125
6.33125
6.27645
6.27645
6.27645
6.22196
6.22196
6.22196
6.22196
6.22196
6.21373
6.14909
6.04211
6.00508
6.00508
5.99417
5.95714
5.95714
5.69027
5.65702
5.38782
5.35456
5.35456
5.35456
5.35369
5.35369
5.30007
5.28233
5.28233
5.27847
5.27847
5.27847
5.21317
5.21317
5.21317
5.21317
5.21317
5.21317
5.21317
5.21317
5.21317
5.21317
5.21317
5.21317
5.21317
5.21317
5.21317
5.21317
5.13719
5.11393
5.11393
5.11393
5.11393
5.11393
5.11393
5.11393
5.11393
5.11393
5.11393
5.11393
5.11393
5.11393
5.11393
5.11393
5.11393
5.11393
5.11393
5.11393
5.11393
5.11393
5.11393
5.11393
5.11393
5.11393
5.11393
5.11393
5.11393
5.11393
5.11393
5.11393
5.11393
5.11393
5.11393
5.11393
5.11393
5.11393
5.11393
5.11393
5.11393
5.11393
5.11393
5.11393
5.11393
5.11393
5.11393
5.11393
5.11393
5.11393
5.11393
5.11393
5.11393
5.11393
5.11393
5.11393
5.11393
5.11393
5.11393
5.11393
5.11393
5.11393
5.11393
5.11393
5.11393
5.11393
5.11393
5.11393
5.11393
5.11393
5.11393
5.11393
5.11393
5.11393
5.11393
5.11393
5.11393
5.11393
5.11393
5.11393
5.11393
5.11393
5.11393
5.11393
5.11393
5.11393
5.11393
5.11393
5.11393
5.11393
5.11393
5.11393
5.11393
5.11393
5.11393
5.11393
5.11393
5.11393
5.11393
5.11393
5.11393
5.11393
5.11393
5.11393
5.11393
5.11393
5.11393
5.11393
5.11393
5.11393
5.11393
5.11393
5.11393
5.11393
