#HALF_LENGTH_HISTORY
17.8182
16.9854
16.3013
15.708
15.0899
14.427
14.1993
13.6925
13.2691
12.6759
12.2554
11.865
11.5201
11.3668
11.0135
10.6441
10.4756
10.3954
10.2426
10.1199
9.8082
9.65507
9.50209
9.32344
9.10457
9.03826
8.83328
8.65395
8.65692
8.45291
8.50162
8.4669
8.40707
8.26443
8.1606
8.08551
7.82182
7.80555
7.75855
7.80433
7.6465
7.67717
7.77573
7.66943
7.57711
7.55713
7.4948
7.55838
7.60154
7.61345
7.51112
7.47642
7.27549
7.12927
7.03967
6.97139
6.89034
6.70515
6.71352
6.59747
6.41018
6.42468
6.286
6.35671
6.167
6.28983
6.25967
6.36689
6.37138
6.2964
6.26566
6.24364
6.20853
6.13658
6.17499
6.15657
6.15067
6.20342
6.14457
6.12261
6.13693
6.06881
6.08334
6.11486
6.10167
6.08744
6.13094
6.11501
6.13274
5.98068
5.94482
6.07086
6.06453
6.00324
6.0325
5.98762
5.97187
5.96189
6.02496
6.02992
6.03083
5.93231
5.98707
6.02904
5.96631
5.95959
5.97294
5.96425
6.00038
5.9902
6.06886
6.02896
6.02025
6.03157
5.98062
5.97549
6.03605
5.92304
6.01068
6.0393
6.1411
6.00725
5.98604
5.99361
5.9656
5.96529
5.89959
5.88329
5.8495
5.93509
5.99995
6.02082
5.99793
5.91573
5.89717
6.00377
5.88523
6.08872
5.92953
5.97622
5.96558
6.04351
6.02344
5.99824
6.00349
5.93605
6.00332
5.97484
6.00115
6.05147
6.07568
6.05427
6.03932
6.0948
6.05369
6.02065
5.95772
6.00222
5.96108
5.96092
5.96493
5.99857
6.074
5.9772
6.02715
5.90711
6.0308
6.05718
6.13828
6.10017
6.08215
6.10124
5.95612
5.92708
5.92575
5.97498
5.9933
6.07905
6.04134
5.94713
6.07352
6.02737
6.16155
6.02821
6.00496
6.0519
6.07062
5.96535
5.9305
5.97246
5.99711
5.95578
6.08516
6.07412
6.04818
6.09785
6.14347
5.97656
6.13085
6.09181
