#BEST_LENGTH_HISTORY
433.713
414.68
395.123
380.223
377.403
369.037
350.388
348.291
333.135
329.647
325.381
319.549
314.027
306.532
302.096
297.645
293.21
286.31
274.676
263.275
263.129
258.759
258.759
254.815
252.443
245.317
245.097
241.432
239.57
236.314
232.524
230.222
227.289
224.623
221.065
219.061
215.411
212.742
211.854
210.188
209.573
207.349
206.288
205.11
203.501
203.501
201.659
201.355
199.197
199.197
195.355
194.233
194.233
190.105
190.105
190.105
185.51
184.908
182.674
182.023
179.104
178.259
176.329
174.774
174.774
174.087
173.044
170.582
170.582
170.582
170.582
170.021
168.827
166.485
166.351
164.798
164.798
162.147
161.373
160.688
160.688
160.164
160.164
159.452
157.41
156.588
156.588
156.588
156.588
156.253
155.743
154.865
153.557
151.997
151.997
151.12
148.743
148.743
148.213
148.213
147.843
147.843
146.891
145.941
144.832
144.832
144.832
143.917
143.917
143.917
142.571
142.571
140.954
140.954
140.691
140.236
138.807
137.747
137.747
137.112
137.112
136.736
136.378
135.299
135.036
133.869
133.869
132.901
132.901
132.662
130.861
129.434
129.434
129.434
129.434
129.43
127.546
127.546
127.546
127.546
127.546
127.546
127.408
127.406
127.247
127.247
127.247
126.52
125.686
125.288
123.132
123.132
122.845
122.671
122.671
122.671
122.671
122.407
122.407
121.402
121.402
121.402
121.035
121.035
120.907
120.546
120.546
120.179
120.179
119.724
118.616
118.532
118.532
117.424
117.424
117.424
117.394
116.891
115.883
115.82
115.82
115.82
115.82
115.297
115.297
115.297
115.297
114.306
114.306
114.306
114.306
112.856
112.689
112.596
112.596
112.596
112.596
111.787
111.787
111.787
111.787
111.787
111.338
111.338
111.338
111.338
105.148
105.148
105.148
105.148
105.016
104.733
104.733
104.123
104.123
104.123
104.123
103.973
103.973
103.957
103.957
103.957
103.957
103.409
103.409
102.735
102.197
102.048
101.775
101.775
101.081
101.081
101.081
101.081
101.081
100.281
100.281
100.281
100.281
100.127
100.127
98.1077
98.1077
98.1077
98.1077
96.6172
96.6172
96.5146
96.5146
96.3512
96.3512
96.3512
96.3512
96.3512
96.3512
96.2698
96.2698
96.2471
95.5277
95.5277
95.5277
95.5277
95.5277
95.0322
95.0322
95.0322
95.0322
95.0322
95.0322
94.8836
94.7774
94.7774
94.5142
94.5142
94.3529
94.3529
94.3529
94.3529
94.3529
94.3128
94.3128
94.3128
93.6899
93.6899
93.6899
93.6899
93.6899
93.5485
93.5485
93.5485
93.5485
92.6131
92.6131
92.6131
91.8073
91.8073
91.8073
91.8073
91.8073
91.8073
91.8073
91.4571
91.2841
91.2841
91.2841
91.2841
90.3906
90.3906
90.3906
90.3906
90.3906
90.3906
90.3906
90.1885
90.1885
90.1885
90.1885
90.1885
90.0923
90.0923
90.0923
90.0923
90.0923
89.6663
89.6663
89.6663
89.6663
88.6168
88.6168
88.2365
88.2365
88.2365
88.2365
87.9809
87.9809
87.7499
87.6469
87.6469
87.6469
87.4759
87.0307
87.0307
86.7671
86.7671
86.7671
86.7671
86.6346
86.5175
86.5175
86.5175
86.5175
86.0606
86.0606
86.0606
86.0606
86.0606
86.0606
86.0606
86.0606
86.0606
86.0606
86.0606
86.0606
86.0606
85.8295
85.6702
85.6702
85.6702
85.6702
85.6702
85.6702
85.6702
85.6702
85.6702
85.6702
85.6702
85.6702
85.6702
85.6702
85.3399
85.3399
85.3399
85.3399
85.3399
85.3399
85.3399
85.3399
85.3399
85.3399
85.3399
85.3399
85.3399
85.3399
85.3399
85.3399
85.3399
85.3399
85.3399
85.3399
85.3399
84.2967
84.2967
84.2967
84.2967
84.2967
84.2967
84.2967
84.2967
84.2967
84.2967
84.2967
84.2967
84.2967
84.1159
84.1159
84.1159
83.0196
83.0196
83.0196
83.0196
83.0196
83.0196
83.0196
83.0196
83.0196
83.0196
82.9623
82.9623
82.9623
82.6073
82.6073
82.6073
82.6073
82.5465
82.1913
82.134
82.134
82.1209
82.1209
82.1209
82.1209
82.1209
82.1209
82.1209
82.1209
82.1209
82.1209
82.1209
82.1209
82.1209
82.1209
82.1209
82.1209
82.1209
82.1058
82.0022
82.0022
82.0022
82.0022
82.0022
82.0022
81.9928
81.9928
81.9928
81.9928
81.9928
81.9928
81.9928
81.9928
81.9928
81.8139
81.8139
80.6349
80.6349
80.6349
80.6349
80.6349
80.6349
80.6349
80.6349
80.6349
80.6349
80.6349
80.6349
80.6349
80.1078
80.1078
80.1078
79.6295
79.6295
79.6295
79.6295
79.6295
79.6295
79.6295
79.6295
79.6295
79.6295
79.6295
79.6295
79.6295
79.6295
79.6295
79.6295
79.6295
79.6295
79.6295
79.6295
79.6295
79.6295
79.6295
79.6295
79.6295
79.6295
79.6295
79.6295
79.6295
79.6295
79.6295
79.6295
79.6295
79.6295
79.6295
79.6295
79.6295
79.6295
79.6295
79.6295
79.6295
79.6295
79.6295
79.6295
79.6295
79.6295
79.6295
79.6295
79.6295
79.6295
79.2508
79.2508
79.2508
79.2508
79.2508
79.2508
79.2508
79.2508
79.2508
79.0054
79.0054
79.0054
79.0054
79.0054
79.0054
78.7729
78.7729
78.7729
78.7729
78.7729
78.7729
78.7729
78.7729
78.7729
78.7729
78.7729
78.3188
78.3188
78.3188
78.3188
78.3188
78.3188
78.3188
78.3188
77.9169
77.9169
77.9169
77.9169
77.9169
77.9169
77.9169
77.9169
77.9169
77.9169
77.9169
77.9169
77.9169
77.9169
77.9169
77.9169
77.9169
77.9169
77.9169
77.9169
77.9169
77.9169
77.9169
77.9169
77.9169
77.9169
77.9169
77.9169
77.9169
77.9169
77.9169
77.9169
77.9169
77.4511
77.4511
77.4511
77.4511
77.4511
77.4511
77.4511
77.4511
77.4511
77.4511
77.4511
77.4499
77.4499
77.4499
77.4499
77.4444
77.4444
77.4444
77.4444
77.4444
77.4444
77.4444
77.3586
77.3586
77.3586
77.3586
77.3586
77.3586
77.354
77.354
77.354
77.354
77.354
77.0626
77.0626
77.0626
77.0626
77.0626
77.0626
77.0626
75.6159
75.6159
75.6159
75.5248
75.5248
75.5248
75.5248
75.52
75.52
75.52
75.52
75.52
75.52
75.52
75.52
75.52
75.52
75.52
75.52
75.52
75.52
75.52
75.52
75.52
75.52
75.52
75.52
75.52
75.52
75.52
75.52
75.52
75.52
75.52
75.094
75.094
75.094
75.094
74.8874
74.8874
74.8874
74.8874
74.8874
74.8874
74.614
74.614
74.614
74.614
74.614
74.614
74.614
74.614
74.614
74.614
74.614
74.614
74.614
74.614
74.614
74.614
74.614
74.614
74.614
74.614
74.614
74.614
74.614
74.614
74.614
74.614
74.614
74.614
74.614
74.614
74.614
74.614
74.614
74.614
74.614
74.614
74.614
74.614
74.614
74.614
74.614
74.614
74.614
73.7072
73.7072
73.7072
73.7072
73.7072
73.7072
73.7072
73.7072
73.7072
73.7072
73.6263
73.6263
73.1849
73.1849
73.1849
73.1849
73.1849
73.1849
73.1849
73.1849
73.1849
73.1849
73.1849
73.1849
73.1849
73.1849
73.1849
73.1849
73.1849
73.1849
73.1849
73.1849
73.1849
73.1849
73.1849
73.1849
73.1849
73.1849
73.1849
73.1849
73.1849
73.1849
73.1849
73.1849
72.9848
72.9848
72.9848
72.9848
72.9848
72.9848
72.5028
72.5028
72.5028
72.034
72.034
72.034
72.034
72.034
72.034
72.034
72.034
72.034
72.034
72.034
72.034
72.034
72.034
72.034
72.034
72.034
72.034
72.034
72.034
72.034
72.034
72.034
72.034
72.034
72.034
72.034
72.034
72.034
72.034
72.034
72.034
72.034
72.034
72.034
72.034
72.034
72.034
72.034
72.034
72.034
72.034
72.034
72.034
72.034
72.034
72.034
72.034
72.034
72.034
72.034
72.034
72.034
72.034
72.034
72.034
72.034
72.034
72.034
72.034
72.034
72.034
72.034
72.034
72.034
72.034
72.034
72.034
72.034
72.034
72.034
72.034
72.034
72.034
72.034
71.476
71.476
71.476
71.476
71.476
70.8492
70.8492
70.8492
70.8492
70.4082
70.4082
70.4082
70.4082
70.4082
70.4082
70.4082
70.4082
70.4082
70.4082
70.4082
70.4082
70.4082
70.4082
70.4082
70.4082
70.4082
70.4082
70.4082
70.4082
70.4082
70.4082
70.4082
70.4082
70.4082
70.4082
70.4082
70.4082
70.4082
70.4082
70.4082
70.4082
70.4082
70.4082
70.4082
70.4082
70.4082
70.4082
70.4082
70.4082
70.4082
70.4082
70.4082
70.4082
70.4082
70.4082
70.4082
70.4082
70.4082
70.4082
70.4082
70.4082
70.4082
70.4082
70.4082
70.4082
70.4082
70.4082
70.4082
70.4082
70.4082
70.4082
70.4082
70.4082
70.4082
70.4082
70.4082
70.4082
70.4082
70.4082
70.4082
70.4082
70.4082
70.4082
70.4082
70.4082
70.4082
70.4082
70.4082
70.4082
70.4082
70.4082
70.4082
70.4082
70.4082
70.4082
70.4082
70.4082
70.4082
70.4082
70.4082
70.4082
70.4082
70.4082
70.4082
70.4082
70.4082
70.4082
70.4082
70.4082
70.4082
70.4082
70.4082
70.4082
70.4082
70.4082
70.4082
70.4082
70.4082
70.4082
70.4082
70.4082
70.4082
70.4082
70.4082
70.4082
70.4082
70.4082
70.4082
70.4082
70.4082
70.4082
70.4082
70.4082
70.4082
70.4082
70.4082
70.4082
70.4082
70.4082
70.4082
70.4082
70.4082
70.4082
70.4082
70.4082
70.4082
70.4082
70.4082
70.4082
70.4082
70.4082
70.4082
70.4082
70.4082
70.4082
70.4082
70.4082
70.4082
70.4082
70.4082
70.4082
70.4082
70.4082
70.4082
70.4082
70.4082
70.4082
70.4082
70.4082
70.4082
70.4082
70.4082
70.4082
70.4082
70.4082
70.4082
70.4082
70.4082
70.4082
70.4082
70.4082
70.4082
70.4082
70.4082
70.4082
70.4082
70.4082
70.4082
70.4082
70.4082
70.4082
70.4082
70.4082
70.4082
70.4082
70.4082
70.4082
70.4082
70.4082
70.4082
70.4082
70.4082
70.4082
70.4082
70.4082
70.4082
70.4082
70.4082
70.4082
70.4082
70.4082
70.4082
70.4082
70.4082
70.4082
70.4082
70.4082
70.4082
70.4082
70.4082
70.4082
70.4082
70.4082
70.4082
70.4082
70.4082
70.4082
70.4082
70.4082
70.4082
70.4082
70.4082
70.4082
70.4082
70.4082
70.4082
70.4082
70.4082
70.4082
70.4082
70.4082
70.4082
70.4082
70.4082
70.4082
70.4082
70.4082
70.4082
70.4082
70.4082
70.4082
70.4082
70.4082
70.4082
70.4082
70.4082
70.4082
70.4082
70.4082
70.4082
70.4082
70.4082
70.3667
70.3667
69.5122
69.5122
69.5122
69.5122
69.5122
69.5122
69.5122
69.5122
69.5122
69.5122
69.5122
69.5122
69.5122
69.5122
69.5122
69.5122
69.5122
69.5122
69.5122
69.5122
69.5122
69.5122
69.5122
69.5122
69.5122
69.5122
69.5122
69.5122
69.5122
69.5122
69.5122
69.5122
69.5122
69.5122
69.5122
69.5122
69.5122
69.5122
69.5122
69.5122
69.5122
69.5122
69.5122
69.5122
69.5122
69.5122
69.5122
69.5122
69.5122
69.5122
69.5122
69.5122
69.5122
69.5122
69.5122
69.5122
69.5122
69.5122
69.5122
69.5122
69.5122
69.5122
69.5122
69.5122
69.5122
69.5122
69.5122
69.5122
69.5122
69.5122
69.5122
69.5122
69.5122
69.5122
69.5122
69.5122
69.5122
69.5122
69.5122
69.5122
69.5122
69.5122
69.5122
69.5122
69.5122
69.5122
69.5122
69.5122
69.5122
69.5122
69.5122
69.5122
69.5122
69.5122
69.5122
69.5122
69.5122
69.5122
69.5122
69.5122
69.5122
69.5122
69.5122
69.5122
69.5122
69.5122
69.5122
69.5122
69.5122
69.5122
69.4803
69.4803
69.4803
68.9426
68.9426
68.9426
68.9426
68.9426
68.9426
68.9426
68.9426
68.9426
68.9426
68.9426
68.9426
68.9426
68.9426
68.9426
68.9426
68.9426
68.9426
68.9426
68.9426
68.9426
68.9426
68.9426
68.9426
68.9426
68.9426
68.9426
68.9426
68.9426
68.9426
68.9426
68.9426
68.9426
68.9426
68.9426
68.9426
68.9426
68.9426
68.9426
68.9426
68.9426
68.9426
68.9426
68.9426
68.9426
68.9426
68.9426
68.9426
68.9426
68.9426
68.9426
68.9426
68.9426
68.9426
68.9426
68.9426
68.9426
68.9426
68.9426
68.9426
68.9426
68.9426
68.9426
68.9426
68.9426
68.9426
68.9426
68.9426
68.9426
68.9426
68.9426
68.9426
68.9426
68.9426
68.9426
68.9426
68.9426
68.9426
68.9426
68.9426
68.9426
68.9426
68.9426
68.9426
68.9426
68.9426
68.9426
68.9426
68.9426
68.9426
68.9426
68.9426
68.9426
68.9426
68.9426
68.9426
68.9426
68.9426
68.9426
68.9426
68.9426
68.9426
68.9426
68.9426
68.9426
68.9426
68.9426
68.9426
68.9426
68.9426
68.9426
68.9426
68.9426
68.9426
68.9426
68.9426
68.6354
68.6354
68.6354
68.4297
68.4297
68.4297
68.4297
68.4297
68.4297
68.4297
68.4297
68.4297
68.4297
68.4297
68.4297
68.4297
68.4297
68.4297
68.4297
68.4297
68.4297
68.4297
68.4297
68.2174
68.2174
68.2174
68.2174
68.2174
68.2174
68.2174
68.2174
68.2174
68.2174
68.2174
68.2174
68.2174
68.2174
68.2174
68.2174
68.2174
68.2174
68.2174
68.2174
68.2174
68.2174
68.2174
68.2174
68.2174
68.2174
68.2174
68.2174
68.2174
68.2174
68.2174
68.2174
68.2174
68.2174
68.2174
68.2174
68.2174
68.2174
68.2174
68.2174
68.2174
68.2174
68.2174
68.2174
68.2174
68.2174
68.2174
68.2174
68.2174
68.2174
68.2174
68.2174
68.2174
68.2174
68.2174
68.2174
68.2174
68.2174
68.2174
68.2174
68.2174
68.2174
68.2174
68.2174
68.2174
68.2174
68.2174
68.2174
68.2174
68.2174
68.2174
68.2174
68.2174
68.2174
68.2174
68.2174
68.2174
68.2174
68.2174
68.2174
68.2174
68.2174
68.2174
68.2174
68.2174
68.2174
68.2174
68.2174
68.2174
68.2174
68.2174
68.2174
68.2174
68.2174
68.2174
68.2174
68.2174
68.2174
68.2174
68.2174
68.2174
68.2174
68.2174
68.2174
68.2174
68.2174
68.2174
68.2174
68.2174
68.2174
68.2174
68.2174
68.2174
68.2174
68.2174
68.2174
68.2174
68.2174
68.2174
68.2174
68.2174
68.2174
68.2174
68.2174
68.2174
68.2174
68.2174
68.2174
68.2174
68.2174
68.2174
68.2174
68.2174
68.2174
68.2174
68.2174
68.2174
68.2174
68.2174
68.2174
68.2174
68.2174
68.2174
68.2174
68.2174
68.2174
68.2174
68.2174
68.2174
68.2174
68.2174
68.2174
68.2174
68.2174
68.2174
68.2174
68.2174
68.2174
68.2174
68.2174
68.2174
68.2174
68.2174
68.2174
68.2174
68.2174
68.2174
68.2174
68.2174
68.2174
68.2174
68.2174
68.2174
68.2174
68.2174
68.2174
68.2174
68.2174
68.2174
68.2174
68.2174
68.2174
68.2174
68.2174
68.2174
68.2174
68.2174
68.2174
68.2174
68.2174
68.2174
68.2174
68.2174
68.2174
68.2174
68.2174
68.2174
68.2174
68.2174
68.2174
68.2174
68.2174
68.2174
68.2174
68.2174
68.2174
68.2174
68.2174
68.2174
68.2174
68.2174
68.2174
68.2174
68.2174
68.2174
68.2174
68.2174
68.2174
68.2174
68.2174
68.2174
68.2174
68.2174
68.2174
68.2174
68.2174
68.2174
68.2174
68.2174
68.2174
68.2174
68.2174
68.2174
68.2174
68.2174
68.2174
68.2174
68.042
68.042
68.042
68.042
68.042
68.042
68.042
68.042
68.042
68.042
68.042
68.042
68.042
68.042
68.042
68.042
68.042
68.042
68.042
68.042
68.042
68.042
68.042
68.042
68.042
68.042
68.042
68.042
68.042
68.042
68.042
68.042
68.042
68.042
68.042
68.042
68.042
68.042
68.042
68.042
68.042
68.042
68.042
68.042
68.042
68.042
68.042
68.042
68.042
68.042
68.042
68.042
68.042
68.042
68.042
68.042
68.042
68.042
68.042
68.042
68.042
68.042
68.042
68.042
68.042
68.042
68.042
68.042
68.042
68.042
68.042
68.042
68.042
68.042
68.042
68.042
68.042
68.042
68.042
68.042
68.042
68.042
68.042
68.042
68.042
68.042
68.042
68.042
68.042
68.042
68.042
68.042
68.042
68.042
68.042
68.042
68.042
68.042
68.042
68.042
68.042
68.042
68.042
68.042
68.042
68.042
68.042
68.042
68.042
68.042
68.042
68.042
68.042
68.042
68.042
68.042
68.042
68.042
68.042
68.042
68.042
68.042
68.042
68.042
68.042
68.042
68.042
68.042
68.042
68.042
68.042
68.042
68.042
68.042
68.042
68.042
68.042
68.042
68.042
68.042
68.042
68.042
68.042
68.042
68.042
68.042
68.042
68.042
68.042
68.042
68.042
68.042
68.042
68.042
68.042
68.042
68.042
68.042
68.042
68.042
68.042
68.042
68.042
68.042
68.042
68.042
68.042
68.042
68.042
68.042
68.042
68.042
68.042
68.042
68.042
68.042
68.042
68.042
68.042
68.042
68.042
68.042
68.042
68.042
68.042
68.042
68.042
68.042
68.042
68.042
68.042
68.042
68.042
68.042
68.042
68.042
68.042
68.042
68.042
68.042
68.042
68.042
68.042
68.042
68.042
68.042
68.042
68.042
68.042
68.042
68.042
68.042
68.042
68.042
68.042
68.042
68.042
68.042
68.042
68.042
68.042
68.042
68.042
68.042
68.042
68.042
68.042
68.042
68.042
68.042
68.042
68.042
68.042
68.042
68.042
68.042
68.042
68.042
68.042
68.042
68.042
68.042
68.042
68.042
68.042
68.042
68.042
68.042
68.042
68.042
68.042
68.042
68.042
68.042
68.042
68.042
68.042
68.042
68.042
68.042
68.042
68.042
68.042
68.042
68.042
68.042
68.042
68.042
68.042
68.042
68.042
68.042
68.042
68.042
68.042
67.6235
67.6235
67.6235
67.6235
67.6235
67.6235
67.6235
67.6235
67.6235
67.6235
67.6235
67.6235
67.6235
67.6235
67.6235
67.6235
67.6235
67.6235
67.6235
67.6235
67.6235
67.6235
67.6235
67.6235
67.6235
67.6235
67.6235
67.6235
67.6235
67.6235
67.5587
67.5587
67.5587
67.5587
67.5587
67.5587
67.5587
67.5587
67.5587
67.5587
67.2927
67.2927
67.2927
67.2927
67.2927
67.1024
67.1024
67.1024
67.1024
67.1024
67.1024
67.1024
67.1024
67.1024
67.1024
67.1024
67.1024
67.1024
67.1024
67.1024
67.1024
67.1024
67.1024
67.1024
67.1024
67.1024
67.1024
67.1024
67.1024
67.1024
67.1024
67.1024
67.1024
67.1024
67.1024
67.1024
67.1024
67.1024
67.1024
67.1024
67.1024
67.1024
67.1024
67.1024
67.1024
67.1024
67.1024
67.1024
67.1024
67.1024
67.1024
67.1024
67.1024
67.1024
67.1024
67.1024
67.1024
67.1024
67.1024
67.1024
67.1024
67.1024
67.1024
67.1024
67.1024
67.1024
67.1024
67.1024
67.1024
67.1024
67.1024
67.1024
67.1024
67.1024
67.1024
67.1024
67.1024
67.1024
67.1024
67.1024
67.1024
67.1024
67.1024
67.1024
67.1024
67.1024
67.1024
67.1024
67.1024
67.1024
67.1024
67.1024
67.1024
67.1024
67.1024
67.1024
67.1024
67.1024
67.1024
67.1024
67.1024
67.1024
67.1024
67.1024
67.1024
67.1024
67.1024
67.1024
67.1024
67.1024
67.1024
67.1024
67.1024
67.1024
67.1024
67.1024
67.1024
67.1024
67.1024
67.1024
67.1024
67.1024
67.1024
67.1024
67.1024
67.1024
67.1024
67.1024
67.1024
67.1024
67.1024
67.1024
67.1024
67.1024
67.1024
67.1024
67.1024
67.1024
67.1024
67.1024
67.1024
67.1024
67.1024
67.1024
67.1024
67.1024
67.1024
67.1024
67.1024
67.1024
67.1024
67.1024
67.1024
67.1024
67.1024
67.1024
67.1024
67.1024
67.1024
67.1024
67.1024
67.1024
67.1024
67.1024
67.1024
67.1024
67.1024
67.1024
67.1024
67.1024
67.1024
67.1024
67.1024
67.1024
67.1024
67.1024
67.1024
67.1024
67.1024
67.1024
67.1024
67.1024
67.1024
67.1024
67.1024
67.1024
67.1024
67.1024
67.1024
67.1024
67.1024
67.1024
67.1024
67.1024
67.1024
67.1024
67.1024
67.1024
67.1024
67.1024
67.1024
67.1024
67.1024
67.1024
67.1024
67.1024
67.1024
67.1024
67.1024
67.1024
67.1024
67.1024
67.1024
67.1024
67.1024
67.1024
67.1024
67.1024
67.1024
67.1024
67.1024
67.1024
67.1024
67.1024
67.1024
67.1024
67.1024
67.1024
67.1024
67.1024
67.1024
67.1024
67.1024
67.1024
67.1024
67.1024
67.1024
67.1024
67.1024
67.1024
67.1024
67.1024
67.1024
67.1024
67.1024
67.1024
67.1024
67.1024
67.1024
67.1024
67.1024
67.1024
67.1024
67.1024
67.1024
67.1024
67.1024
67.1024
67.1024
67.1024
67.1024
67.1024
67.1024
67.1024
67.1024
67.1024
67.1024
67.1024
67.1024
67.1024
67.1024
67.1024
67.1024
67.1024
67.1024
67.1024
67.1024
67.1024
67.1024
67.1024
67.1024
67.1024
67.1024
67.1024
67.1024
67.1024
67.1024
67.1024
67.1024
67.1024
67.1024
67.1024
67.1024
67.1024
67.1024
67.1024
67.1024
67.1024
67.1024
67.1024
67.1024
67.1024
67.1024
67.1024
67.1024
67.1024
67.1024
67.1024
67.1024
67.1024
67.1024
67.1024
67.1024
67.1024
67.1024
67.1024
67.1024
67.1024
67.1024
67.1024
67.1024
67.1024
67.1024
67.1024
67.1024
67.1024
67.1024
67.1024
67.1024
67.1024
67.1024
67.1024
67.1024
67.1024
67.1024
67.1024
67.1024
67.1024
67.1024
67.1024
67.1024
67.1024
67.1024
67.1024
67.1024
67.1024
67.1024
67.1024
67.1024
67.1024
67.1024
67.1024
67.1024
67.1024
67.1024
67.1024
67.1024
67.1024
67.1024
67.1024
67.1024
67.1024
67.1024
67.1024
67.1024
67.1024
67.1024
67.1024
67.1024
67.1024
67.1024
67.1024
67.1024
67.1024
67.1024
67.1024
67.1024
67.1024
67.1024
67.1024
67.1024
67.1024
67.1024
67.1024
67.1024
67.1024
67.1024
67.1024
67.1024
67.1024
67.1024
67.1024
67.1024
67.1024
67.1024
67.1024
67.1024
67.1024
67.1024
67.1024
67.1024
67.1024
67.1024
67.1024
67.1024
67.1024
67.1024
67.1024
67.1024
67.1024
67.1024
67.1024
67.1024
67.1024
67.1024
67.1024
67.1024
67.1024
67.1024
67.1024
67.1024
67.1024
67.1024
67.1024
67.1024
67.1024
67.1024
67.1024
67.1024
67.1024
67.1024
67.1024
67.1024
67.1024
67.1024
67.1024
67.1024
67.1024
67.1024
67.1024
67.1024
67.1024
67.1024
67.1024
67.1024
67.1024
67.1024
67.1024
67.1024
67.1024
67.1024
67.1024
67.1024
67.1024
67.1024
67.1024
67.1024
67.1024
67.1024
67.1024
67.1024
67.1024
67.1024
67.1024
67.1024
67.1024
67.1024
67.1024
67.1024
67.1024
67.1024
67.1024
67.1024
67.1024
67.1024
67.1024
67.1024
67.1024
67.1024
67.1024
67.1024
67.1024
67.1024
67.1024
67.1024
67.1024
67.1024
67.1024
67.1024
67.1024
67.1024
67.1024
67.1024
67.1024
67.1024
67.1024
67.1024
67.1024
67.1024
67.1024
67.1024
67.1024
67.1024
67.1024
67.1024
67.1024
67.1024
67.1024
67.1024
67.1024
67.1024
67.1024
67.1024
67.1024
67.1024
67.1024
67.1024
67.1024
67.1024
67.1024
67.1024
67.1024
67.1024
67.1024
67.1024
67.1024
67.1024
67.1024
67.1024
67.1024
67.1024
67.1024
67.1024
67.1024
67.1024
67.1024
67.1024
67.1024
67.1024
67.1024
67.1024
67.1024
67.1024
67.1024
67.1024
67.1024
67.1024
67.1024
67.1024
67.1024
67.1024
67.1024
67.1024
67.1024
67.1024
67.1024
67.1024
67.1024
67.1024
67.1024
67.1024
67.1024
67.1024
67.1024
67.1024
67.1024
67.1024
67.1024
67.1024
67.1024
67.1024
67.1024
67.1024
67.1024
67.1024
67.1024
67.1024
67.1024
67.1024
67.1024
67.1024
67.1024
67.1024
67.1024
67.1024
67.1024
67.1024
67.1024
67.1024
67.1024
67.1024
67.1024
67.1024
67.1024
67.1024
67.1024
67.1024
67.1024
67.1024
67.1024
66.7354
66.7354
66.7354
66.7354
66.7354
66.7354
66.7354
66.7354
66.4673
66.4673
66.4673
66.4673
66.4673
66.4673
66.4673
66.4673
66.4673
66.4673
66.4673
66.4673
66.4673
66.4673
66.4673
66.4673
66.4673
66.4673
66.4673
66.4673
66.4673
66.4673
66.4673
66.4673
66.4673
66.4673
66.4673
66.4673
66.4673
66.4673
66.4673
66.4673
66.4673
66.4673
66.4673
66.4673
66.4673
66.4673
66.4673
66.4673
66.4673
66.4673
66.4673
66.4673
66.4673
66.4673
66.4673
66.4673
66.4673
66.4673
66.4673
66.4673
66.4673
66.4673
66.4673
66.4673
66.4673
66.4673
66.4673
66.4673
66.4673
66.4673
66.4673
66.4673
66.4673
66.4673
66.4673
66.4673
66.4673
66.4673
66.4673
66.4673
66.4673
66.4673
66.4673
66.4673
66.4673
66.4673
66.4673
66.4673
66.4673
66.4673
66.4673
66.4673
66.4673
66.4673
66.4673
66.4673
66.4673
66.4673
66.4673
66.4673
66.4673
66.4673
66.4673
66.4673
66.4673
66.4673
66.4673
66.4673
66.4673
66.4673
66.4673
66.4673
66.4673
66.4673
66.4673
66.4673
66.4673
66.4673
66.4673
66.4673
66.4673
66.4673
66.4673
66.4673
66.4673
66.4673
66.4673
66.4673
66.4673
66.4673
66.4673
66.4673
66.4673
66.4673
66.4673
66.4673
66.4673
66.4673
66.4673
66.4673
66.4673
66.4673
66.4673
66.4673
66.4673
66.4673
66.4673
66.4673
66.4673
66.4673
66.4673
66.4673
66.4673
66.4673
66.4673
66.4673
66.4673
66.4673
66.4673
66.4673
66.4673
66.4673
66.4673
66.4673
66.4673
66.4673
66.4673
66.4673
66.4673
66.4673
66.4673
66.4673
66.4673
66.4673
66.4673
66.4673
66.4673
66.4673
66.4673
66.4673
66.4673
66.4673
66.4673
66.4673
66.4673
66.4673
66.4673
66.4673
66.4673
66.4673
66.4234
66.4234
66.4234
66.4234
66.4234
66.4234
66.4234
66.4234
66.4234
66.4234
66.4234
66.4234
66.4234
66.4234
66.4234
66.4234
66.4234
66.4234
66.4234
66.4234
66.4234
66.4234
66.4234
66.4234
66.4234
66.4234
66.4234
66.4234
66.4234
66.4234
66.4234
66.4234
66.4234
66.4234
66.4234
66.4234
66.4234
66.4234
66.4234
66.4234
66.4234
66.4234
66.4234
66.4234
66.4234
66.4234
66.4234
66.4234
66.4234
66.4234
66.4234
66.4234
66.4234
66.4234
66.4234
66.4234
66.4234
66.4234
66.4234
66.4234
66.4234
66.4234
66.4234
66.4234
66.4234
66.4234
66.4234
66.4234
66.4234
66.4234
66.4234
66.4234
66.4234
66.4234
66.4234
66.4234
66.4234
66.4234
66.4234
66.4234
66.4234
66.4234
66.4234
66.4234
66.4234
66.4234
66.4234
66.4234
66.4234
66.4234
66.4234
66.4234
66.4234
66.4234
66.4234
66.4234
66.4234
66.4234
66.4234
66.4234
66.4234
66.4234
66.4234
66.4234
66.4234
66.4234
66.4234
66.4234
66.4234
66.4234
66.4234
66.4234
66.4234
66.4234
66.4234
66.4234
66.4234
66.4234
66.4234
66.4234
66.4234
66.4234
66.4234
66.4234
66.4234
66.4234
66.4234
66.4234
66.4234
66.4234
66.4234
66.4234
66.4234
66.4234
66.4234
66.4234
66.4234
66.4234
66.4234
66.4234
66.4234
66.4234
66.4234
66.4234
66.4234
66.4234
66.4234
66.4234
66.4234
66.4234
66.4234
66.4234
66.4234
66.4234
66.4234
66.4234
66.4234
66.4234
66.4234
66.4234
66.4234
66.4234
66.4234
66.4234
66.4234
66.4234
66.4234
66.4234
66.4234
66.4234
66.4234
66.4234
66.4234
66.4234
66.4234
66.4234
66.4234
66.4234
66.4234
66.4234
66.4234
66.4234
66.4234
66.4234
66.4234
66.4234
66.4234
66.4234
66.4234
66.4234
66.4234
66.4234
66.4234
66.4234
66.4234
66.4234
66.4234
66.4234
66.4234
66.4234
66.4234
66.4234
66.4234
66.4234
66.4234
66.4234
66.4234
66.4234
66.4234
66.4234
66.4234
66.4234
66.4234
66.4234
66.4234
66.4234
66.4234
66.4234
66.4234
66.4234
66.4234
66.4234
66.4234
66.4234
66.4234
66.4234
66.4234
66.4234
66.4234
66.4234
66.4234
66.4234
66.4234
66.4234
66.4234
66.4234
66.4234
66.4234
66.4234
66.4234
66.4234
66.4234
66.4234
66.4234
66.4234
66.4234
66.4234
66.4234
66.4234
66.4234
66.4234
66.4234
66.4234
66.4234
66.4234
66.4234
66.4234
66.4234
66.4234
66.4234
66.4234
66.4234
66.4234
66.4234
66.4234
66.4234
66.4234
66.4234
66.4234
66.4234
66.4234
66.4234
66.4234
66.4234
66.4234
66.4234
66.4234
66.4234
66.4234
66.4234
66.4234
66.4234
66.4234
