#HALF_LENGTH_HISTORY
493.857
481.007
467.468
451.79
441.266
427.014
416.646
406.523
397.953
392.193
380.041
372.452
365.077
358.883
352.611
348.23
345.061
339.381
335.886
328.747
324.518
318.889
313.829
310.625
306.818
305.137
300.563
297.642
294.024
289.439
288.157
286.365
283.27
281.402
278.585
275.832
272.184
269.572
269.478
265.321
263.885
261.547
260.396
257.839
254.367
250.82
251.155
249.904
248.974
250.758
248.495
249.725
245.936
247.737
245.563
242.928
240.782
238.58
238.506
238.326
236.464
236.518
233.164
231.625
230.58
228.232
227.08
227.676
224.477
226.365
223.125
222.386
222.592
223.525
223.75
219.721
220.579
220.379
219.079
218.543
218.541
216.844
215.525
213.482
214.068
212.678
214.14
214.612
212.564
212.845
213.471
211.863
211.87
211.834
208.87
209.242
207.916
207.723
205.676
206.018
206.14
204.828
204
202.355
201.898
202.442
201.705
201.69
203.795
203.562
201.707
201.178
200.191
201.23
202.063
202.143
204.211
202.427
201.882
201.165
201.812
200.162
197.735
197.178
195.924
194.641
192.502
194.414
192.953
193.269
193.78
190.517
190.737
193.928
188.155
187.057
185.612
184.897
183.569
183.239
181.972
184.214
184.983
183.602
183.896
184.809
184.444
183.965
185.991
186.643
185.229
184.689
184.312
182.288
181.571
182.116
180.608
179.798
180.048
180.191
180.425
176.612
175.787
176.935
178.043
175.196
179.222
178.626
176.522
176.647
177.435
177.856
176.509
175.625
176.838
176.886
174.656
174.373
174.691
174.278
174.472
176.216
174.579
175.655
175.188
171.416
174.532
174.357
173.596
172.334
169.924
170.495
171.678
172.034
172.021
171.894
172.537
171.997
168.081
170.981
168.257
169.287
166.563
169.953
167.276
169.119
167.687
168.538
167.735
168.292
167.797
166.504
165.287
163.422
163.516
163.381
163.935
162.637
163.915
160.246
162.784
162.41
160.98
162.041
162.984
162.525
160.987
159.187
161.83
160.568
159.914
160.599
160.658
160.635
160.289
158.318
161.946
158.562
158.796
158.987
158.842
158.801
158.338
158.551
160.384
156.933
158.292
156.766
157.542
156.138
156.823
156.203
155.977
154.508
152.515
154.787
155.456
158.228
156.076
154.793
156.031
155.561
153.006
154.481
153.042
153.165
154.279
152.823
151.523
153.572
153.477
154.925
154.1
154.049
154.984
154.975
155.632
154.419
153.981
153.45
152.896
153.445
152.905
152.571
152.321
153.031
153.242
153.199
153.039
154.024
153.395
154.423
154.103
152.299
154.552
152.828
151.681
152.174
152.473
151.036
150.399
152.974
152.071
151
152.551
150.721
152.589
150.66
149.862
149.153
149.149
149.808
149.99
150.585
151.129
150.942
149.427
148.863
149.31
148.776
148.055
149.776
149.122
148.167
150.141
149.031
148.726
147.934
149.704
148.411
147.577
148.63
144.992
146.216
144.715
144.734
145.586
147.201
148.323
145.817
146.923
147.154
147.738
148.097
147.755
149.608
150.167
146.475
147.038
148.585
149.494
148.239
147.264
146.013
145.561
145.66
146.203
147.207
145.72
147.51
148.167
148.165
149.13
149.408
147.729
144.705
144.954
144.145
145.066
144.676
145.439
145.16
144.231
146.076
145.504
148.916
148.681
147.007
147.719
147.944
146.648
149.063
148.203
147.029
146.181
147.15
146.759
146.591
145.919
147.316
145.377
146.547
144.704
145.347
144.439
144.499
146.116
145.939
145.385
144.786
142.98
143.67
144.205
144.428
143.54
146.642
146.525
144.227
145.369
144.633
144.393
143.476
143.931
143.559
143.846
145.549
145.824
144.575
143.398
141.578
143.517
143.603
143.163
144.944
141.96
143.337
143.276
143.513
142.703
144.073
144.061
145.701
143.542
144.313
142.683
142.004
142.358
140.984
142.151
142.452
142.299
143.732
144.465
143.659
141.999
143.989
142.881
141.893
142.022
144.92
144.44
144.226
141.584
142.897
143.288
140.238
141.131
140.437
141.288
141.658
139.381
141.737
140.827
140.807
140.948
143.371
141.868
143.642
143.375
141.429
141.62
141.156
141.648
143.006
142.763
144.082
144.388
144.099
142.239
141.424
140.35
142.298
143.217
142.917
141.44
140.902
140.217
140.076
139.593
140.725
139.28
138.063
140.014
140.911
140.471
139.756
139.484
138.997
141.481
137.806
138.917
139.73
140.164
142.402
142.626
141.596
140.806
140.987
140.42
140.285
138.245
138.63
136.91
139.911
139.763
140.932
141.831
140.547
139.864
142.012
139.578
139.052
139.758
139.93
140.24
139.313
140.78
141.717
142.207
142.007
139.864
142.572
140.646
141.488
138.943
137.822
140.422
138.768
138.677
141.176
139.827
139.831
141.115
140.692
140.749
142.013
140.227
140.587
140.194
141.085
142.545
142.099
140.177
140.506
140.316
141.54
139.701
141.222
141.018
139.611
140.983
140.088
141.196
141.535
140.097
139.714
140.297
139.276
139.563
137.284
137.716
139.045
139.002
139.563
137.998
136.992
138.117
140.44
139.758
137.471
139.411
139.333
136.628
136.624
138.903
136.037
137.989
138.141
137.196
138.104
137.396
139.409
140.79
139.362
138.866
139.78
139.28
140.485
141.248
140.197
141.371
140.468
138.862
141.989
142.55
138.592
138.213
138.337
138.011
137.196
137.184
136.979
137.973
140.446
140.841
140.386
138.665
138.26
140.838
140.406
137.415
139.038
136.846
137.182
136.252
137.086
138.004
139.081
139.351
140.036
138.902
141.54
140.468
139.993
138.373
134.412
137.794
135.593
138.486
137.735
138.001
139.1
136.791
138.974
138.443
139.691
139.589
140.612
137.714
137.897
136.698
137.364
140.676
139.127
137.645
137.851
136.296
135.29
133.676
137.842
136.735
137.401
135.29
135.698
134.911
135.978
132.273
135.359
135.06
136.436
138.608
137.652
138.665
139.766
136.149
136.095
134.029
135.552
135.512
135.501
136.54
136.864
134.927
136.709
139.139
136.528
135.216
135.26
137.626
135.125
134.339
136.159
133.252
135.432
136.311
135.44
136.577
135.916
136.729
136.615
137.517
137.359
135.286
135.407
136.056
133.425
133.962
135.672
136.026
136.487
136.475
136.011
136.398
138.46
136.624
136.589
136.61
135.889
136.505
138.801
135.666
135.126
134.216
132.961
133.779
134.034
135.291
133.669
134.051
134.027
135.227
136.976
138.08
138.988
137.506
137.893
135.45
134.416
136.299
134.49
133.693
133.346
132.536
132.864
134.978
133.943
132.738
135.152
133.298
132.621
131.636
133.93
134.469
131.414
132.503
132.307
133.607
133.834
131.868
134.556
133.302
135.416
133.83
133.582
133.892
129.569
131.62
132.137
133.869
135.24
138.121
136.116
137.31
135.166
136.223
136.221
136.721
137.365
136.979
136.26
133.875
136.603
136.514
137.059
135.146
135.569
133.318
133.579
134.423
134.803
134.673
134.002
133.638
134.933
132.677
132.35
132.071
136.501
135.124
132.731
131.697
132.131
134.517
134.856
133.516
132.076
133.375
133.589
133.333
130.545
130.918
131.44
131.749
133.552
132.336
134.733
133.888
134.135
134.074
131.901
134.292
133.632
134.727
134.149
134.818
133.637
132.118
133.639
134.344
133.405
134.164
135.527
137.4
135.763
134.351
134.313
134.86
130.215
131.467
131.517
133.412
132.85
132.761
133.209
134.636
131.664
135.163
132.006
131.362
133.714
132.61
133.784
134.861
135.378
133.874
132.301
131.246
132.005
131.47
130.43
131.668
132.707
133.853
130.881
132.649
131.757
133.19
132.981
134.145
131.329
131.051
131.967
132.008
133.977
135.368
133.473
135.306
134.789
134.604
133.734
133.121
132.299
132.938
131.643
130.101
132.671
133.1
132.57
135.778
133.336
133.947
133.203
133.102
133.116
132.209
129.197
129.612
128.801
131.151
131.084
132.136
132.372
131.097
132.685
129.801
131.563
132.753
133.816
131.984
132.456
130.633
133.187
133.118
130.725
131.009
132.53
132.362
134.664
131.328
131.875
132.127
133.281
133.156
130.808
131.07
131.988
132.528
131.757
132.189
132.1
133.231
131.573
133.967
132.035
131.301
133.419
130.378
130.601
131.733
131.875
132.136
129.48
129.808
130.428
131.262
130.896
133.03
134.753
132.507
133.212
132.509
132.557
131.401
132.769
133.24
133.494
134.387
133.224
134.95
134.921
134.402
132.999
134.462
131.888
132.583
133.944
131.266
131.62
131.112
133.671
132.352
131.57
133.586
132.348
131.628
130.29
132.019
130.605
131.928
130.275
131.05
129.913
130.587
131.877
131.015
132.518
133.689
135.816
135.625
131.793
133.773
131.997
131.658
132.093
131.746
129.628
130.032
131.323
132.228
130.361
133.354
132.766
132.153
133.176
132.581
132.954
127.503
127.428
128.423
130.452
129.972
131.991
134.596
132.015
133.864
134.21
134.478
131.175
133.435
132.139
131.468
131.183
130.462
130.339
131.453
130.338
133.826
131.363
132.89
132.414
133.026
132.619
132.042
134.106
133.353
130.674
133.659
133.737
130.628
132.101
129.027
131.749
130.098
131.149
132.851
131.917
133.207
133.026
130.981
133.259
133.568
134.135
132.974
133.43
132.738
131.455
131.707
134.258
132.722
134.086
132.558
133.731
131.222
132.704
132.71
132.06
130.477
131.34
128.225
130.349
130.931
131.687
130.678
132.344
132.591
133.579
133.036
132.088
132.27
130.973
130.314
130.905
133.371
132.799
132.814
132.092
130.949
131.842
133.591
132.027
134.131
133.196
130.988
130.086
133.545
131.029
129.057
131.016
132.308
131.768
132.157
132.272
132.662
131.842
133.389
136.084
136.188
135.543
135.388
135.719
135
134.806
134.05
134.942
134.66
131.163
130.99
131.98
131.976
132.171
131.324
130.723
131.866
130.017
133.65
132.727
133.81
134.679
133.281
135.144
137.802
138.693
138.34
136.298
134.026
133.535
132.991
133.38
132.661
132.797
133.669
135.402
133.264
134.278
130.809
131.509
133.93
132.922
131.971
131.839
130.512
129.301
131.231
129.766
131.163
131.654
128.405
131.273
131.405
129.037
130.745
129.742
130.273
130.149
129.219
129.34
130.897
129.075
130.234
127.709
128.896
131.855
132.46
134.63
133.234
132.689
130.935
131.676
131.838
131.223
130.905
131.648
132.195
131.582
132.499
131.688
131.514
131.096
129.718
130.702
129.71
130.452
131.677
130.261
132.196
131.032
128.881
128.967
128.897
130.152
131.477
131.237
131.107
131.444
132.138
129.326
129.803
131.494
131.099
131.874
130.627
132.668
130.894
133.048
133.184
132.918
131.908
131.266
131.035
132.15
133.807
128.574
128.732
130.194
128.677
130.279
130.225
131.48
128.916
130.109
129.848
129.062
131.069
130.199
132.207
132.035
132.877
132.049
130.977
131.877
132.171
131.029
131.283
131.046
130.527
132.99
129.805
128.246
129.78
127.322
128.828
130.527
129.727
129.985
131.574
132.322
130.977
130.791
130.436
130.296
130.238
131.285
130.46
129.569
130.958
130.976
130.355
129.531
129.27
129.029
128.545
130.957
132.991
134.803
131.898
131.74
131.331
131.231
131.162
130.537
130.151
129.614
130.05
131.5
131.07
130.472
130.033
129.211
131.012
129.562
128.908
129.597
130.583
133.648
133.359
133.595
130.772
132.078
131.191
130.276
130.331
129.182
130.326
129.218
131.15
129.853
130.326
130.972
130.242
131.284
129.396
131.196
131.342
130.788
132.154
129.006
131.886
130.926
131.906
133.084
132.055
130.267
130.064
129.87
132.04
129.58
130.471
130.217
128.45
129.832
128.503
128.223
131.038
129.752
130.997
130.309
132.366
130.633
133.233
131.062
129.798
129.938
131.907
131.06
130.564
131.149
130.999
131.645
130.584
132.193
132.671
132.408
132.439
132.611
130.798
129.811
131.398
129.978
129.28
128.753
129.526
127.946
125.918
126.92
127.605
127.213
127.307
127.886
131.753
129.923
129.667
131.546
132.625
130.362
130.418
129.37
129.874
129.436
130.975
127.969
130.765
129.815
127.608
132.806
129.765
130.358
128.64
126.686
130.514
130.928
130.306
130.559
130.028
128.171
129.23
130.343
130.421
132.011
132.936
133.691
132.651
133.101
130.295
130.166
132.115
131.736
130.311
129.727
129.033
130.625
132.007
130.175
130.725
130.978
132.722
131.362
132.459
130.306
128.356
128.678
128.032
129.714
127.857
129.803
130.146
128.793
130.216
130.069
128.477
128.575
129.09
127.958
128.109
129.737
129.649
129.333
128.205
127.004
130.733
131.254
130.726
130.376
129.058
130.371
129.517
130.04
129.751
130.707
129.729
129.952
129.838
128.921
130.491
126.991
129.302
130.832
129.172
129.24
127.208
130.935
130.226
129.863
128.857
131.066
127.791
129.503
130.35
130.624
129.719
130.903
131.106
130.376
130.522
128.879
130.822
132.639
131.056
131.486
130.174
129.894
129.406
128.067
127.984
127.332
129.178
128.901
128.302
128.206
128.263
127.773
127.375
128.335
129.726
130.941
128.758
129.046
130.229
129.653
130.85
131.439
130.645
126.884
127.64
128.222
128.232
129.525
129.7
128.737
129.908
129.162
128.155
130.835
128.293
127.686
129.317
130.212
130.103
130.342
129.437
127.95
129.452
128.045
129.338
129.463
127.839
127.167
127.615
128
129.319
126.501
129.436
129.316
126.76
127.128
129.171
130.392
131.21
132.603
132.633
129.847
130.569
132.373
130.814
133.947
130.028
127.822
129.555
130.17
131.907
129.718
130.144
131.179
127.494
129.414
130.304
130.591
129.671
129.543
129.241
128.418
128.858
128.331
129.17
129.288
128.231
128.156
127.632
126.969
127.558
127.521
127.615
129.56
127.876
125.564
126.992
128.916
126.934
128.937
128.184
128.262
129.484
130.326
128.388
128.605
128.382
127.639
130.318
130.616
130.32
129.495
130.502
130.425
129.378
128.45
129.479
129.999
128.535
128.28
130.055
129.509
129.446
129.803
130.362
131.976
130.234
130.214
129.121
129.531
128.391
129.034
131.393
130.973
129.06
129.873
128.725
128.001
126.813
127.174
127.978
126.537
128.324
129.234
129.577
129.261
129.608
131.851
130.945
129.512
129.568
128.929
129.264
129.496
128.166
128.679
127.162
127.908
126.744
128.8
127.448
128.819
129.005
127.782
128.462
127.806
126.789
131.45
128.186
130.492
130.089
130.611
129.939
129.886
128.585
130.614
130.139
128.598
128.848
128.123
126.594
127.783
128.809
127.252
127.756
129.919
127.534
129.9
128.905
130.672
131.233
129.991
129.353
127.906
130.286
130.884
128.859
127.163
128.487
128.373
128.019
127.548
128.201
129.226
128.235
129.449
129.085
128.769
129.234
128.446
125.166
126.411
127.806
128.832
127.517
131.951
130.958
129.482
129.999
130.391
131.365
129.137
127.552
127.827
126.755
124.953
126.921
129.309
128.523
128.318
126.243
129.018
129.681
132.297
132.69
131.414
127.571
128.168
125.608
124.558
127.347
125.475
128.491
129.972
128.034
128.954
129.79
131.216
130.358
132.636
130.209
129.138
128.525
128.003
128.428
129.943
130.479
128.911
127.178
128.797
129.804
130.115
128.564
129.508
130.354
130.343
127.976
129.505
129.259
129.334
128.442
133.473
133.941
130.13
130.596
130.344
130.509
130.515
131.329
128.017
127.849
127.366
128.598
129.002
127.551
129.407
127.454
128.901
128.057
128.59
129.434
129.996
129.337
128.416
128.319
127.363
128.411
130.264
129.115
131.238
129.618
130.859
127.247
129.516
130.327
125.843
127.896
130.422
131.873
130.69
128.926
131.709
130.988
129.225
127.171
128.562
128.664
130.052
129.823
129.819
130.11
130.832
130.485
130.476
128.956
126.593
126.738
128.91
129.68
128.642
131.321
131.392
130.591
131.311
129.723
131.945
129.916
127.085
129.837
127.43
128.744
127.041
128.83
130.221
131.461
128.315
128.501
129.1
128.866
129.843
128.43
129.521
128.718
128.406
127.588
125.795
127.733
126.83
128.113
127.245
125.481
127.666
130.315
128.976
128.608
131.183
129.249
127.863
128.56
128.412
129.785
129.295
128.445
130.735
132.189
130.788
130.468
129.342
129.556
128.876
128.378
127.759
130.094
129.209
130.549
129.508
131.513
130.077
130.705
132.43
129.089
129.662
127.655
129.896
128.929
128.907
130.2
128.869
130.25
128.183
126.909
127.537
130.233
128.393
128.046
130.423
129.787
127.63
129.481
130.946
128.363
130.615
128.114
128.163
128.273
128.598
130.105
129.162
129.874
132.406
131.609
132.387
130.773
130.575
128.962
129.01
131.222
129.562
129.471
129.682
130.53
130.341
129.571
131.208
131.493
132.227
129.115
130.28
128.036
128.611
127.576
126.628
128.575
127.133
129.13
129.66
129.329
130.146
128.735
130.152
129.149
126.99
129.537
129.401
131.112
130.09
130.345
131.059
131.044
130.745
130.029
129.579
131.245
131.995
130.071
130.818
130.467
129.623
131.438
131.697
132.587
130.33
131.405
129.563
130.277
127.765
127.249
128.008
128.753
126.346
125.968
126.421
127.91
128.102
128.761
129.75
128.716
128.502
130.367
130.867
132.524
129.824
131.288
129.795
128.636
129.822
128.698
130.41
128.929
129.794
129.006
127.036
125.92
126.148
129.921
128.758
127.461
128.562
127.767
129.208
129.675
128.423
129.404
130.877
131.454
129.603
131.405
129.037
127.16
127.126
126.543
127.746
130.107
130.666
127.506
130.594
128.782
129.702
128.205
131.257
130.757
130.927
134.206
131.005
130.13
131.011
129.723
129.102
129.312
129.705
130.045
130.792
130.661
130.351
128.647
128.087
129.481
130.369
127.411
129.919
130.708
130.312
127.88
129.485
131.288
128.309
131.479
132.765
132.568
131.262
130.082
129.063
130.841
131.423
129.661
129.894
128.095
126.771
127.892
128.031
128.931
131.832
130.07
131.183
128.614
127.682
128.963
128.426
129.573
128.147
130.885
131.722
131.213
131.324
127.695
126.647
127.364
127.945
128.791
126.997
126.565
128.478
128.593
126.47
127.012
127.388
125.96
126.939
127.857
129.112
128.512
128.053
128.5
128.404
126.539
126.697
129.568
126.241
127.324
128.32
130.124
127.4
128.065
128.591
130.36
126.674
129.113
131.172
131.343
128.602
130.559
127.946
127.704
127.475
127.582
127.35
126.361
126.865
130.051
129.599
128.809
128.895
127.464
129.184
127.512
126.821
127.706
130.501
128.309
128.862
131.096
130.237
129.885
128.215
128.385
130.194
129.014
131.058
130.334
131.256
130.607
129.265
128.17
127.97
129.741
129.091
127.082
128.023
130.151
127.302
128.631
129.441
130.129
129.053
127.686
127.046
128.866
127.322
128.144
128.07
128.13
129.811
128.935
128.891
128.018
125.972
126.288
128.025
127.509
128.458
129.259
127.75
129.291
127.27
127.736
128.122
130.96
130.945
132.438
128.923
130.597
127.588
129.557
129.103
129.706
127.966
129.828
128.4
130.005
128.853
126.782
127.869
127.969
126.34
127.461
127.138
128.519
128.487
125.34
128.444
126.816
126.994
128.129
128.687
127.651
129.354
128.896
130.413
129.928
130.161
129.164
127.609
125.203
129.178
128.223
130.321
128.631
127.652
126.791
127.06
129.866
128.423
128.047
127.767
128.954
131.11
129.147
129.79
129.915
130.742
129.55
130.696
131.397
130.311
131.645
131.211
129.17
127.53
129.016
128.205
128.924
130.123
131.069
129.365
128.246
129.149
129.599
128.84
127.316
125.819
126.572
127.749
128.907
128.014
129.859
128.159
127.526
128.858
126.868
129.167
129.67
129.768
130.191
129.449
130.496
130.16
133.496
131.534
131.477
128.628
127.086
126.533
129.298
128.776
129.735
128.231
128.507
127.673
127.91
127.346
128.604
128.418
131.877
130.196
131.209
131.101
128.27
129.39
129.668
129.365
128.61
129.579
128.827
128.765
130.179
130.466
130.421
130.274
131.045
129.962
126.967
126.066
128.313
126.855
126.408
126.942
129.867
128.381
128.992
128.363
127.686
128.548
127.711
127.071
129.431
129.615
130.924
129.618
130.785
128.681
129.423
130.302
127.546
128.219
129.994
128.476
130.918
131.628
129.783
127.222
128.503
128.194
129.012
128.553
129.319
130.746
129.997
131.284
129.109
129.124
127.651
127.396
126.546
126.102
127.394
128.794
129.533
128.225
128.891
129.585
128.835
128.753
128.296
128.323
129.665
129.3
129.318
131.527
129.392
129.97
127.312
128.813
125.942
123.983
125.441
127.718
128.722
127.417
127.708
126.613
126.878
126.872
128.451
128.694
128.513
128.297
128.537
130.576
128.499
128.612
128.103
126.634
126.136
126.139
131.151
129.736
130.645
129.798
128.277
129.294
128.699
127.847
127.268
126.454
128.56
131.731
131.48
132.034
133.865
132.546
131.252
131.315
129.311
129.293
128.776
128.704
127.14
128.327
130.248
131.334
130.561
128.456
129.696
131.483
130.983
132.937
130.73
131.037
130.876
132.542
129.085
129.587
131.585
133.324
131.52
129.941
127.861
128.694
131.213
128.434
131.049
129.577
130.943
127.245
130.249
129.657
129.877
130.891
130.987
128.241
126.975
127.396
127.2
127.044
127.067
127.818
127.854
128.467
129.273
127.252
129.634
129.636
129.835
127.472
127.907
128.631
128.573
130.374
131.84
130.151
129.6
129.52
130.578
130.524
128.755
130.465
128.875
128.192
128.251
126.968
128.399
126.86
126.196
126.712
127.92
130.151
130.213
129.033
128.971
126.513
128.182
130.264
129.963
129.885
129.618
130.387
130.146
130.709
130.022
129.953
130.621
129.515
131.827
129.062
129.067
130.318
128.095
127.377
129.475
130.903
130
129.817
127.476
129.89
129.609
129.922
127.858
129.132
127.944
127.156
128.377
127.722
129.301
130.825
130.449
131.888
128.846
127.509
126.21
127.396
127.678
127.956
128.472
126.493
127.84
129.547
128.633
128.26
130.977
130.794
128.218
129.227
130.959
131.131
130.647
130.072
131.202
131.449
127.768
128.001
130.144
127.983
132.151
130.588
129.252
127.721
128.203
127.733
125.263
125.429
125.461
130.051
127.989
125.305
128.98
127.66
129.568
132.45
129.598
129.497
129.96
126.435
130.503
129.252
130.648
129.822
127.926
129.723
131.918
129.758
128.993
128.603
126.166
128.427
129.287
129.779
130.921
129.552
128.428
127.94
127.17
128.116
127.941
129.165
129.955
127.15
127.96
128.722
128.209
127.672
128.681
127.738
127.577
127.927
130.155
130.054
129.718
130.354
131.971
131.762
130.968
130.12
128.761
127.771
128.836
131.387
129.582
127.768
129.223
126.489
127.951
125.976
128.114
130.867
128.833
128.807
130.06
130.535
131.565
131.85
131.191
131.558
129.574
129.027
129.019
128.953
129.354
130.265
129.954
129.296
129.445
130.9
129.274
128.622
126.794
126.219
127.429
126.254
125.108
128.589
129.583
129.941
129.651
129.21
127.581
126.64
128.254
128.809
128.93
128.891
128.294
127.857
126.535
130.286
129.037
131.003
129.128
128.306
124.064
127.252
125.869
126.782
126.29
129.321
127.933
128.866
130.811
129.744
126.544
128.094
126.13
126.562
126.948
126.918
125.535
124.839
125.953
124.668
126.546
124.798
123.957
125.915
126.892
129.485
126.408
126.169
126.682
126.066
128.583
127.84
126.521
130.038
130.446
129.32
129.762
132.026
131.315
129.053
128.99
128.609
129.256
129.991
129.003
126.758
127.523
128.953
127.099
126.469
127.177
126.397
127.896
127.711
128.691
129.797
128.824
128.148
128.119
126.197
127.486
126.331
124.484
125.606
127.611
126.66
127.802
127.865
127.271
127.271
126.694
124.268
127.141
125.331
126.949
125.995
127.9
127.238
127.18
129.354
128.829
129.805
128.952
131.235
130.055
130.437
128.845
130.616
130.562
129.442
128.935
128.232
128.543
127.364
129.644
129.435
129.376
130.441
130.372
128.259
126.893
127.171
128.188
130.177
129.567
128.272
126.395
127.326
127.891
127.965
131.408
127.592
129.697
130.166
130.045
130.959
130.304
128.234
129.229
129.237
127.139
129.367
129.253
129.182
127.96
128.112
129.817
128.603
130.383
130.135
130.249
128.721
127.621
128.712
128.397
130.399
130.754
129.828
127.873
128.862
129.471
128.886
129.71
129.093
127.059
129.554
129.66
128.17
128.238
128.162
126.546
127.158
130.444
129.739
130.432
130.875
128.393
131.061
130.127
129.741
130.579
130.324
130.549
130.904
130.44
129.701
127.805
127.285
127.991
126.381
127.745
129.848
128.936
130.306
129.846
129.202
129.082
130.015
129.165
128.097
130
127.596
128.887
128.28
128.517
130.545
130.541
128.091
127.562
127.943
127.668
128.831
129.669
129.09
128.717
130.081
128.574
130.338
127.662
130.026
131.493
130.796
132.414
132.102
134.039
130.315
131.217
130.951
131.668
132.4
130.879
131.848
129.691
129.761
130.232
128.155
126.477
127.196
124.074
126.987
125.526
125.309
123.65
125.419
127.322
127.528
130.245
129.133
126.695
127.296
127.478
127.24
127.182
127.746
126.656
128.083
128.012
126.926
126.3
127.541
124.998
126.855
128.692
126.326
127.896
129.44
131.075
130.579
129.844
127.596
127.076
126.565
127.767
128.104
127.903
126.897
126.01
128.168
127.006
128.597
126.002
128.607
126.884
127.36
126.463
125.564
127.435
126.797
128.425
127.747
127.652
127.165
129.095
128.526
128.856
126.89
128.714
127.444
127.085
128.051
127.169
127.115
128.676
129.315
128.825
128.826
128.809
129.823
129.216
131.223
128.792
126.707
127.1
127.711
126.942
126.669
127.002
126.97
127.228
127.814
127.733
127.178
128.429
126.956
127.574
128.155
127.523
127.18
126.159
127.134
127.146
125.95
126.731
123.761
125.914
125.895
126.168
125.499
127.445
125.537
125.259
128.537
125.872
126.343
127.721
126.863
129.182
128.182
126.271
127.883
126.748
128.801
126.002
127.111
125.628
125.554
128.207
126.708
125.516
125.998
127.205
127.62
129.269
129.184
126.936
128.623
128.36
129.741
129.882
129.844
127.927
129.622
127.483
128.698
109.779
