#HALF_LENGTH_HISTORY
17.8988
17.3828
16.6484
16.2258
15.6824
15.0596
14.8398
14.6343
14.1752
14.0486
14.003
13.6692
13.5297
13.1749
13.0223
12.6009
12.3528
12.3038
12.0541
12.0918
12.0072
11.7803
11.7452
11.474
11.5967
11.2874
11.0268
11.0721
11.0975
10.8171
10.7964
10.7349
10.7091
10.7766
10.8829
10.646
10.5669
10.617
10.3499
10.3913
10.2298
10.4307
10.115
10.2755
10.2846
10.1215
10.1955
9.96934
9.99277
10.1412
9.99358
9.84984
9.97272
9.65796
9.71603
10.0897
9.86702
9.74889
9.76432
9.5929
9.69511
9.597
9.38145
9.45009
9.48455
9.50007
9.17916
9.23265
9.24972
9.18184
9.31345
9.21378
9.30441
9.29038
9.23569
9.29479
9.20532
9.31361
9.23461
9.09303
9.2948
9.11019
9.1649
9.26039
9.48248
9.27069
9.35369
9.35687
9.31674
9.34906
9.46778
9.57224
9.55256
9.46081
9.68556
9.35662
9.49568
9.20567
9.37271
9.2322
9.19707
9.02612
9.27437
9.25282
9.32443
9.17359
9.20113
8.98198
8.9979
8.85308
8.80471
8.96468
8.9915
8.85551
8.91696
8.83434
8.82069
9.09743
8.98752
9.25783
9.32032
9.01565
8.95374
9.19896
9.07789
8.9559
9.07667
9.29568
9.1686
9.36912
9.29742
9.55921
9.46639
9.23555
9.0055
9.30121
9.20031
9.07458
9.1939
9.22544
9.16868
8.79251
8.88198
9.12675
8.96354
9.00726
8.97365
8.88322
8.97811
9.03708
8.96271
9.22613
8.98444
8.93783
9.1736
9.24794
9.15628
9.09941
9.15548
8.98752
8.75644
8.766
8.77153
8.85288
8.9902
8.9619
9.07209
9.16514
9.25281
9.05295
8.93042
9.0918
9.09604
9.13011
9.04496
9.13653
9.21013
9.17477
9.1661
9.14729
9.12514
9.076
9.11785
9.04382
8.98312
9.21725
8.96991
8.91774
9.08763
8.91642
9.12926
9.09791
9.19513
9.11187
9.02726
8.93907
8.77134
8.85982
9.01407
9.11085
