#BEST_LENGTH_HISTORY
433.713
415.982
406.738
393.87
385.103
367.583
357.232
343.317
331.745
324.678
315.645
302.806
299.99
292.698
286.579
281.434
278.345
269.942
266.982
265.376
259.789
259.509
251.01
247.049
242.387
238.924
235.329
232.421
229.376
225.945
224.309
221.623
218.303
217.55
212.28
211.673
208.877
206.229
202.836
199.609
197.402
196.76
194.111
192.848
190.44
188.671
187.845
185.096
184.925
181.72
179.461
176.092
175.34
171.38
165.099
163.315
162.817
162.672
162.672
159.452
158.476
157.148
156.706
154.939
153.999
153.999
153.884
152.245
149.787
149.439
148.033
148.033
146.852
146.436
145.305
144.926
144.163
142.777
141.681
141.681
138.684
138.684
138.139
137.294
136.949
136.949
135.738
134.069
134.069
133.571
133.234
132.865
131.544
130.838
130.447
129.741
128.341
128.337
126.436
126.436
125.149
125.149
124.753
124.402
122.391
122.355
120.336
120.336
118.415
118.415
117.309
117.309
117.201
116.095
115.438
115.438
115.407
113.006
113.006
112.447
112.356
111.587
111.258
110.844
110.294
110.294
110.111
109.338
109.311
109.311
108.532
107.727
107.037
107.037
107.037
105.793
105.793
105.376
105.376
104.133
104.133
103.301
103.102
102.729
101.699
101.346
101.346
101.346
100.383
100.383
99.6075
99.6075
97.5513
97.5513
97.5513
97.4048
97.0506
95.5904
95.2728
95.2362
95.2362
95.2362
95.2362
94.4322
94.176
93.5254
93.5254
93.1711
92.8225
91.7976
91.449
91.449
91.3562
91.1203
91.0614
90.1358
90.1358
90.1338
90.024
89.8539
89.7758
89.7758
89.4617
89.2555
88.4825
88.4825
88.2683
87.931
87.931
87.931
87.4579
87.4579
87.4579
87.3891
87.3891
87.3891
87.3891
87.0128
87.0128
86.8262
86.8262
86.3007
86.3007
85.7972
85.589
85.589
85.589
85.589
85.589
85.5451
85.272
84.9732
84.9732
84.9732
84.9732
84.9732
84.9732
84.4038
84.4038
84.4038
84.4038
84.4038
83.915
83.6111
83.1222
83.1055
82.4222
81.6294
81.6127
81.6127
81.6127
81.287
81.287
81.0213
81.0213
81.0213
80.848
80.5823
80.5823
80.3634
80.2585
80.2585
80.1369
79.8325
79.8325
79.4198
79.4198
79.2009
79.2009
78.7749
78.7749
78.7749
78.5298
78.4661
78.2277
78.2277
78.2277
78.0951
78.015
78.015
78.015
77.3069
77.1743
77.1743
77.0273
76.9173
76.0766
76.0766
76.0766
76.0766
75.7899
75.7899
75.7765
75.7754
75.6429
75.6429
75.6429
75.4335
75.4335
75.1468
75.1468
74.9998
74.9998
74.9998
74.9998
74.9998
74.9943
74.5754
74.5699
74.5699
74.5699
74.5699
74.5699
74.5699
74.5699
74.5169
74.5169
74.3057
74.3057
74.3057
73.4034
73.4034
73.4034
73.4034
73.3853
73.3853
73.3853
73.3853
73.3853
73.3853
73.2948
72.4836
72.4836
72.4836
72.393
72.393
72.393
72.393
72.393
72.393
72.393
72.393
72.393
72.393
72.393
72.393
72.017
72.017
72.017
72.017
72.017
72.017
72.017
72.017
72.017
72.017
72.017
72.017
72.017
72.017
72.017
71.4842
71.4842
71.4842
71.4842
71.4842
71.4842
71.4842
71.4842
71.4842
71.4842
71.4842
71.4842
71.4842
71.4842
71.4842
71.4842
71.4842
71.4842
71.4842
71.4842
71.4767
71.4767
71.4767
71.4767
70.8978
70.8978
70.8978
70.8978
70.8978
70.8978
70.8978
70.8978
70.8978
70.7355
70.7355
70.7355
70.7355
70.7355
70.7355
70.7355
70.698
70.698
70.698
70.698
70.5389
70.5389
70.5014
70.5014
70.5014
70.5014
69.8601
69.8601
69.8225
69.8225
69.8225
69.8205
69.783
69.783
69.783
69.783
69.783
69.783
69.783
69.783
69.783
69.783
69.783
69.783
69.783
69.783
69.783
69.783
69.783
69.783
69.783
69.783
69.783
69.783
69.783
69.783
69.783
69.6731
69.6731
69.6731
69.6731
69.6731
69.5696
69.5696
69.5696
69.5696
69.5696
69.5696
69.5696
69.5696
69.5696
69.5696
69.5696
69.5696
69.5696
69.5696
69.5696
69.5696
69.5696
69.5696
69.5696
69.5696
69.5696
69.5696
69.5696
69.5696
69.5696
69.5696
69.5696
69.5696
69.5696
69.5696
69.5696
69.5696
69.5696
69.5696
69.5696
69.5696
69.5696
69.5696
69.5696
69.5696
69.5696
69.5696
69.5696
69.5696
69.5696
69.5696
69.5696
69.5696
69.5696
69.5696
69.5696
69.5696
69.5696
69.5696
69.5696
69.5696
69.5696
69.5696
69.5696
69.5696
69.5696
69.5696
69.5696
69.5696
69.5696
69.5696
69.5696
69.5696
69.5696
69.5696
69.5696
69.5696
69.5696
69.5696
69.5696
69.5696
69.5696
69.5696
69.5696
69.5696
69.5696
69.5696
69.5696
69.5696
69.5696
69.5696
69.5696
69.5696
69.5696
69.5115
69.5115
69.5115
69.5115
69.5115
69.5115
69.5115
69.5115
69.505
69.505
69.505
69.505
69.505
69.505
69.3761
69.3761
69.3761
69.3761
69.3761
69.3761
69.3761
69.3761
69.3761
69.3761
69.3761
69.3761
69.3761
69.3761
69.3761
69.3761
69.3761
68.797
68.797
68.797
68.797
68.797
68.797
68.797
68.797
68.797
68.797
68.797
68.797
68.797
68.797
68.797
68.797
68.797
68.797
68.797
68.797
68.797
68.6669
68.6669
68.6669
68.6669
68.6669
68.6669
68.6669
68.6669
68.6669
68.6669
68.6669
68.6669
68.6669
68.6669
68.6669
68.6669
68.6669
68.6669
68.6669
68.6669
68.6669
68.6669
68.6669
68.6669
68.6669
68.6669
68.6669
68.6669
68.6669
68.6669
68.6669
68.6669
68.6669
68.6669
68.6669
68.6669
68.6669
68.6669
68.6669
68.6669
68.6669
68.6669
68.6669
68.6669
68.6669
68.6669
68.6669
68.6669
68.6669
68.6669
68.6669
68.6669
68.6669
68.6669
68.6669
68.6669
68.6669
68.6669
68.6669
68.6669
68.6669
68.6669
68.6669
68.6669
68.6669
68.6669
68.6669
68.6669
68.6669
68.6669
68.6669
68.6669
68.6669
68.6669
68.6669
68.6669
68.6669
68.6669
68.6669
68.6669
68.6669
68.6669
68.6669
68.6669
68.6669
68.6669
68.6669
68.6669
68.6669
68.6669
68.6669
68.6669
68.6669
68.6669
68.6669
68.6669
68.6669
68.6669
68.6669
68.6669
68.6669
68.6669
68.6669
68.6669
68.6669
68.6669
68.6669
68.6669
68.6669
68.6669
68.6669
68.6669
68.6669
68.6669
68.6669
68.6669
68.6669
68.6669
68.6669
68.6669
68.6669
68.6669
68.5781
68.5781
68.5781
68.5781
68.5781
68.5781
68.5781
68.5781
68.5781
68.5781
68.5781
68.5781
68.5781
68.5781
68.5781
68.5781
68.5781
68.5781
68.5781
68.5781
68.5781
68.5781
68.5781
68.5781
68.5781
68.5781
68.5781
68.5781
68.5781
68.5781
68.5781
68.3007
68.3007
68.3007
68.3007
68.3007
68.3007
68.3007
68.3007
68.3007
68.3007
68.3007
68.3007
68.3007
68.3007
68.3007
68.3007
68.3007
68.3007
68.3007
68.3007
68.3007
68.3007
68.3007
68.3007
68.3007
68.3007
68.3007
68.3007
68.3007
68.3007
68.3007
68.3007
68.3007
68.3007
68.3007
68.3007
68.3007
68.3007
68.3007
68.3007
68.3007
68.3007
68.3007
68.3007
68.3007
68.3007
68.3007
68.3007
68.3007
68.3007
68.3007
68.3007
68.3007
68.3007
68.3007
68.3007
68.3007
68.3007
68.3007
68.3007
68.3007
68.3007
68.3007
68.3007
68.3007
68.3007
68.3007
68.3007
68.3007
68.3007
68.3007
68.3007
68.3007
68.3007
68.3007
68.3007
68.3007
68.3007
68.3007
68.3007
68.3007
68.3007
68.3007
68.3007
68.3007
68.3007
68.3007
68.3007
68.3007
68.3007
68.3007
68.3007
68.3007
68.3007
68.3007
68.3007
68.3007
68.3007
68.3007
68.3007
68.3007
68.3007
68.3007
68.3007
68.3007
68.3007
68.3007
68.1866
68.1866
68.1866
68.1866
68.1866
68.1866
68.1866
68.1866
68.1866
68.1866
68.1866
68.1866
68.1866
68.1866
68.1866
68.1866
68.1866
68.1866
68.1866
68.1866
68.1866
68.1866
68.1866
68.1866
68.1866
68.1866
68.1866
68.1866
68.1866
68.1866
68.1866
68.1866
68.1866
68.1866
68.1866
68.1866
68.1866
68.1866
68.1866
68.1866
68.1866
68.1866
68.1866
68.1866
68.1866
68.1866
68.1866
68.1866
68.1866
68.1866
68.1866
68.1866
68.1866
68.1866
68.1866
68.1866
68.1866
68.1866
68.1866
68.1866
68.1866
68.1866
68.1866
68.1866
68.1866
68.1866
68.1866
68.1866
68.1866
68.1866
68.1866
68.1866
68.1866
68.1866
68.1866
68.1866
68.1866
68.1866
68.1866
68.1866
68.1866
68.1866
68.1866
68.1866
68.1866
68.1866
68.1866
68.1866
68.1866
68.1866
68.1866
68.1866
68.1866
68.1866
68.1866
68.1866
68.1866
68.1866
68.1866
68.1866
68.1866
68.1866
68.1866
68.1866
68.1866
68.1866
68.1866
68.1866
68.1866
68.1866
68.1866
68.1866
68.1866
68.1866
68.1866
68.1866
68.1866
68.1866
68.1866
68.1866
68.1866
68.1866
68.1866
68.1866
68.1866
68.1866
68.1866
68.1866
68.1866
68.1866
68.1866
68.1866
68.1866
68.1866
68.1866
68.1866
68.1866
68.1866
68.1866
68.1866
68.1866
68.1866
68.1866
68.1866
68.1866
68.1866
68.1866
68.1866
68.1866
68.1866
68.1866
68.1866
68.1866
68.1866
68.1866
68.1866
68.1866
68.1866
68.1866
68.1866
68.1866
68.1866
68.1866
68.1866
68.1866
68.1866
68.1866
68.1866
68.1866
68.1866
68.1866
68.1866
68.1866
68.1866
68.1866
68.1866
68.1866
68.1866
68.1866
68.1866
68.1866
68.1866
68.1866
68.1866
68.1866
68.1866
68.1866
68.1866
68.1866
68.1866
68.1866
68.1866
68.1866
68.1866
68.1866
68.1866
68.1866
68.1866
68.1866
68.1866
68.1866
68.1866
68.1866
68.1866
68.1866
68.1866
68.1866
68.1866
68.1866
68.1866
68.1866
68.1866
68.1866
68.1866
68.1866
68.1866
68.1866
68.1866
68.1866
68.1866
68.1866
68.1866
68.1866
68.1866
68.1866
68.1866
68.1866
68.1866
68.1866
68.1866
68.1866
68.1866
68.1866
68.1866
68.1866
68.1866
68.1866
68.1866
68.1866
68.1866
68.1866
68.1866
68.1866
68.1866
68.1866
68.1866
68.1866
68.1866
68.1866
68.1866
68.1866
68.1866
68.1866
68.1866
68.1866
68.1866
68.1866
68.1866
68.1866
68.1866
68.1866
68.1866
68.1866
68.1866
68.1866
68.1866
68.1866
68.1866
68.1866
68.1866
68.1866
68.1866
68.1866
68.1866
68.1866
68.1866
68.1866
68.1866
68.1866
68.1866
68.1866
68.1866
68.1866
68.1866
68.1866
68.1866
68.1866
68.1866
68.1866
68.1866
68.1866
68.1866
68.1866
68.1866
68.1866
68.1866
68.1866
68.1866
68.1866
68.1866
68.1866
68.1866
68.1866
68.1866
68.1866
68.1866
68.1866
68.1866
68.1866
68.1866
68.1866
68.1866
68.1866
68.1866
68.1866
68.1866
68.1866
68.1866
68.1866
68.1866
68.1866
68.1866
68.1866
68.1866
68.1866
68.1866
68.1866
68.1866
68.1866
68.1866
68.1866
68.1866
68.1866
68.1866
68.1866
68.1866
68.1866
68.1866
68.1866
68.1866
68.1866
68.1866
68.1866
68.1866
68.1866
68.1866
68.1866
68.1866
68.1866
68.1866
68.1866
68.1866
68.1866
68.1866
68.1866
68.1866
68.1866
68.1866
68.1866
68.1866
68.1866
68.1866
68.1866
68.1866
68.1866
68.1866
68.1866
68.1866
68.1866
68.1866
68.1866
68.1866
68.1866
68.1866
68.1866
68.1866
68.1866
68.1866
68.1866
68.1866
68.1866
68.1866
68.1866
68.1866
68.1866
68.1866
68.1866
68.1866
68.1866
68.1866
68.1866
68.1866
68.1866
68.1866
68.1866
68.1866
68.1866
68.1866
68.1866
68.1866
68.1866
68.1866
68.1866
68.1866
68.1866
68.1866
68.1866
68.1866
68.1866
68.1866
68.1866
68.1866
68.1866
68.1866
68.1866
68.1866
68.1866
68.1866
68.1866
68.1866
68.1866
68.1866
68.1866
68.1866
68.1866
68.1866
68.1866
68.1866
68.1866
68.1723
68.1723
68.1723
68.1723
68.1723
68.1723
68.1723
68.1723
68.1723
68.1723
68.1723
68.1723
68.1723
68.1723
68.1723
68.1723
68.1723
68.1723
68.1723
68.1723
68.1723
68.1723
68.1723
68.1723
68.1723
68.1723
67.8858
67.8858
67.8858
67.7558
67.7558
67.7558
67.7558
67.7558
67.7558
67.7558
67.7558
67.7558
67.7558
67.7558
67.7558
67.7558
67.7558
67.7558
67.7558
67.7558
67.7558
67.7558
67.7558
67.7558
67.7558
67.7558
67.7558
67.7558
67.7558
67.7558
67.7558
67.7558
67.7558
67.7558
67.7558
67.7558
67.7558
67.7558
67.7558
67.7558
67.7558
67.7558
67.7558
67.7558
67.7558
67.7311
67.7311
67.7311
67.7311
67.7311
67.7311
67.7311
67.7311
67.7311
67.7311
67.7311
67.7311
67.7311
67.7311
67.7311
67.7311
67.7311
67.7311
67.7311
67.5961
67.5961
67.5961
67.5961
67.5961
67.5961
67.5961
67.5961
67.5961
67.5961
67.5961
67.5961
67.5961
67.5961
67.5961
67.5961
67.5961
67.5961
67.5961
67.5961
67.5961
67.5961
67.5961
67.5961
67.5961
67.5961
67.5961
67.5961
67.5961
67.5961
67.5961
67.5961
67.5961
67.5961
67.5961
67.5961
67.5961
67.5961
67.5961
67.5961
67.5961
67.5961
67.5961
67.5961
67.5961
67.0382
67.0382
67.0382
67.0382
67.0382
67.0382
67.0382
67.0382
67.0382
67.0382
67.0382
67.0382
67.0382
67.0382
67.0382
67.0382
67.0382
67.0382
67.0382
67.0382
67.0382
67.0382
67.0382
67.0382
67.0382
67.0382
67.0382
67.0382
67.0382
67.0382
67.0382
67.0382
67.0382
67.0382
67.0382
67.0382
67.0382
67.0382
67.0382
67.0382
67.0382
67.0382
67.0382
67.0382
67.0382
67.0382
67.0382
67.0382
67.0382
67.0382
67.0382
67.0382
67.0382
67.0382
67.0382
67.0382
67.0382
67.0382
67.0382
67.0382
67.0382
67.0382
67.0382
67.0382
67.0382
67.0382
67.0382
67.0382
67.0382
67.0382
67.0382
67.0382
67.0382
67.0382
67.0382
67.0382
67.0382
67.0382
67.0382
67.0382
67.0382
67.0382
67.0382
67.0382
67.0382
67.0382
67.0382
67.0382
67.0382
67.0382
67.0382
67.0382
67.0382
67.0382
67.0382
67.0382
67.0382
67.0382
67.0382
67.0382
67.0382
67.0382
67.0382
67.0382
67.0382
67.0382
67.0382
67.0382
67.0382
67.0382
67.0382
67.0382
67.0382
67.0382
67.0382
67.0382
67.0382
67.0382
67.0382
67.0382
67.0382
67.0382
67.0382
67.0382
67.0382
67.0382
67.0382
67.0382
67.0382
67.0382
67.0382
67.0382
67.0382
67.0382
67.0382
67.0382
67.0382
67.0382
67.0382
67.0382
67.0382
67.0382
67.0382
67.0382
67.0382
67.0382
67.0382
67.0382
67.0382
67.0382
67.0382
67.0382
67.0382
67.0382
67.0382
67.0382
67.0382
67.0382
67.0382
67.0382
67.0382
67.0382
67.0382
67.0382
67.0382
67.0382
67.0382
67.0382
67.0382
67.0382
67.0382
67.0382
67.0382
67.0382
67.0382
67.0382
67.0382
67.0382
67.0382
67.0382
67.0382
67.0382
67.0382
67.0382
67.0382
67.0382
67.0382
67.0382
67.0382
67.0382
67.0382
67.0382
67.0382
67.0382
67.0382
67.0382
67.0382
67.0382
67.0382
67.0382
67.0382
67.0382
67.0382
67.0382
67.0382
67.0382
67.0382
67.0382
67.0382
67.0382
67.0382
67.0382
67.0382
67.0382
67.0382
67.0382
67.0382
67.0382
67.0382
67.0382
67.0382
67.0382
67.0382
67.0382
67.0382
67.0382
67.0382
67.0382
67.0382
67.0382
67.0382
67.0382
67.0382
67.0382
67.0382
67.0382
67.0382
67.0382
67.0382
67.0382
67.0382
67.0382
67.0382
67.0382
67.0382
67.0382
67.0382
67.0382
67.0382
67.0382
67.0382
67.0382
67.0382
67.0382
67.0382
67.0382
67.0382
67.0382
67.0382
67.0382
67.0382
67.0382
67.0382
67.0382
67.0382
67.0382
67.0382
67.0382
67.0382
67.0382
67.0382
67.0382
67.0382
67.0382
67.0382
67.0382
67.0382
67.0382
67.0382
67.0382
67.0382
67.0382
67.0382
67.0382
67.0382
67.0382
67.0382
67.0382
67.0382
67.0382
67.0382
67.0382
67.0382
66.848
66.848
66.848
66.848
66.848
66.848
66.848
66.848
66.848
66.848
66.848
66.848
66.848
66.848
66.848
66.848
66.848
66.848
66.848
66.848
66.848
66.848
66.848
66.848
66.848
66.848
66.848
66.848
66.848
66.848
66.848
66.848
66.848
66.848
66.848
66.848
66.848
66.848
66.848
66.848
66.848
66.848
66.848
66.848
66.848
66.848
66.848
66.848
66.848
66.848
66.848
66.848
66.848
66.848
66.848
66.848
66.848
66.848
66.848
66.848
66.848
66.848
66.848
66.848
66.848
66.848
66.848
66.848
66.848
66.848
66.848
66.848
66.848
66.848
66.848
66.848
66.848
66.848
66.848
66.848
66.848
66.848
66.848
66.848
66.848
66.848
66.848
66.848
66.848
66.848
66.848
66.848
66.848
66.848
66.848
66.848
66.848
66.848
66.848
66.848
66.848
66.848
66.848
66.848
66.848
66.848
66.848
66.848
66.848
66.848
66.848
66.848
66.848
66.848
66.848
66.848
66.848
66.848
66.848
66.848
66.848
66.848
66.848
66.848
66.848
66.848
66.848
66.848
66.848
66.848
66.848
66.848
66.848
66.848
66.848
66.848
66.848
66.848
66.848
66.848
66.848
66.848
66.848
66.848
66.848
66.848
66.848
66.848
66.848
66.848
66.848
66.848
66.848
66.848
66.848
66.848
66.848
66.848
66.848
66.848
66.848
66.848
66.848
66.848
66.848
66.848
66.848
66.848
66.848
66.848
66.848
66.848
66.848
66.848
66.848
66.848
66.848
66.848
66.848
66.848
66.848
66.848
66.848
66.848
66.848
66.848
66.848
66.848
66.848
66.848
66.848
66.848
66.848
66.848
66.848
66.848
66.848
66.848
66.848
66.848
66.848
66.848
66.848
66.848
66.848
66.848
66.848
66.848
66.848
66.848
66.848
66.848
66.848
66.848
66.848
66.848
66.848
66.848
66.848
66.848
66.848
66.848
66.848
66.848
66.848
66.848
66.848
66.848
66.848
66.848
66.848
66.848
66.848
66.848
66.848
66.848
66.848
66.848
66.848
66.848
66.848
66.848
66.848
66.848
66.848
66.848
66.848
66.848
66.848
66.848
66.848
66.848
66.848
66.848
66.848
66.848
66.848
66.848
66.848
66.848
66.848
66.848
66.848
66.848
66.848
66.848
66.848
66.848
66.848
66.848
66.848
66.848
66.848
66.848
66.848
66.848
66.848
66.848
66.848
66.848
66.848
66.848
66.848
66.848
66.848
66.848
66.848
66.848
66.848
66.848
66.848
66.848
66.848
66.848
66.848
66.848
66.848
66.848
66.848
66.848
66.848
66.848
66.848
66.848
66.848
66.848
66.848
66.848
66.848
66.848
66.848
66.848
66.848
66.848
66.848
66.848
66.848
66.848
66.848
66.848
66.848
66.848
66.848
66.848
66.848
66.848
66.848
66.848
66.848
66.848
66.848
66.848
66.848
66.848
66.848
66.848
66.848
66.848
66.848
66.848
66.848
66.848
66.848
66.848
66.848
66.848
66.848
66.848
66.848
66.848
66.848
66.848
66.848
66.848
66.848
66.848
66.848
66.848
66.848
66.848
66.848
66.848
66.848
66.848
66.848
66.848
66.848
66.848
66.848
66.848
66.848
66.848
66.848
66.848
66.848
66.848
66.848
66.848
66.848
66.848
66.848
66.848
66.848
66.848
66.848
66.848
66.848
66.848
66.848
66.848
66.848
66.848
66.848
66.848
66.848
66.848
66.848
66.848
66.848
66.848
66.848
66.848
66.848
66.848
66.848
66.848
66.848
66.848
66.848
66.848
66.848
66.848
66.848
66.848
66.848
66.848
66.848
66.848
66.848
66.848
66.848
66.848
66.848
66.848
66.848
66.848
66.848
66.848
66.848
66.848
66.848
66.848
66.848
66.848
66.848
66.848
66.848
66.848
66.848
66.848
66.848
66.848
66.848
66.848
66.848
66.848
66.848
66.848
66.848
66.848
66.848
66.848
66.848
66.848
66.848
66.848
66.848
66.848
66.848
66.848
66.848
66.848
66.848
66.848
66.848
66.848
66.848
66.848
66.848
66.848
66.848
66.848
66.848
66.848
66.848
66.848
66.848
66.848
66.848
66.848
66.848
66.848
66.848
66.848
66.848
66.848
66.848
66.848
66.848
66.848
66.848
66.848
66.848
66.848
66.848
66.848
66.848
66.848
66.848
66.848
66.848
66.848
66.848
66.848
66.848
66.848
66.848
66.848
66.848
66.848
66.848
66.848
66.848
66.848
66.848
66.848
66.848
66.848
66.848
66.848
66.848
66.848
66.848
66.848
66.848
66.848
66.848
66.848
66.848
66.848
66.848
66.848
66.848
66.848
66.848
66.848
66.848
66.848
66.848
66.848
66.848
66.848
66.848
66.848
66.848
66.848
66.848
66.848
66.848
66.848
66.848
66.848
66.848
66.848
66.848
66.848
66.848
66.848
66.848
66.848
66.848
66.848
66.848
66.848
66.848
66.848
66.848
66.848
66.848
66.848
66.848
66.848
66.848
66.848
66.848
66.848
66.848
66.848
66.848
66.848
66.848
66.848
66.848
66.848
66.848
66.848
66.848
66.848
66.848
66.848
66.848
66.848
66.848
66.848
66.848
66.848
66.848
66.848
66.848
66.848
66.848
66.848
66.848
66.848
66.848
66.848
66.848
66.848
66.848
66.848
66.848
66.848
66.848
66.848
66.848
66.848
66.848
66.848
66.848
66.848
66.848
66.848
66.848
66.848
66.848
66.848
66.848
66.848
66.848
66.848
66.848
66.848
66.848
66.848
66.848
66.848
66.848
66.848
66.848
66.848
66.848
66.848
66.848
66.848
66.848
66.848
66.848
66.848
66.848
66.848
66.848
66.848
66.848
66.848
66.848
66.848
66.848
66.848
66.848
66.848
66.848
66.848
66.848
66.848
66.848
66.848
66.848
66.848
66.848
66.848
66.848
66.848
66.848
66.848
66.848
66.848
66.848
66.848
66.848
66.848
66.848
66.848
66.848
66.848
66.848
66.848
66.848
66.848
66.848
66.848
66.848
66.848
66.848
66.848
66.848
66.848
66.848
66.848
66.848
66.848
66.848
66.848
66.848
66.848
66.848
66.848
66.848
66.848
66.848
66.848
66.848
66.848
66.848
66.848
66.848
66.848
66.848
66.848
66.848
66.848
66.848
66.848
66.848
66.848
66.848
66.848
66.848
66.848
66.848
66.848
66.848
66.848
66.848
66.848
66.848
66.848
66.848
66.848
66.848
66.848
66.848
66.848
66.848
66.848
66.848
66.848
66.848
66.848
66.848
66.848
66.848
66.848
66.848
66.848
66.848
66.848
66.848
66.848
66.848
66.848
66.848
66.848
66.848
66.848
66.848
66.848
66.848
66.848
66.848
66.848
66.848
66.848
66.848
66.848
66.848
66.848
66.848
66.848
66.848
66.848
66.848
66.848
66.848
66.848
66.848
66.848
66.848
66.848
66.848
66.848
66.848
66.848
66.848
66.848
66.848
66.848
66.848
66.848
66.848
66.848
66.848
66.848
66.848
66.848
66.848
66.848
66.848
66.848
66.848
66.848
66.848
66.848
66.848
66.848
66.848
66.848
66.848
66.848
66.848
66.848
66.848
66.848
66.848
66.848
66.848
66.848
66.848
66.848
66.848
66.848
66.848
66.848
66.848
66.848
66.848
66.848
66.848
66.848
66.848
66.848
66.848
66.848
66.848
66.848
66.848
66.848
66.848
66.848
66.848
66.848
66.848
66.848
66.848
66.848
66.848
66.848
66.848
66.848
66.848
66.848
66.848
66.848
66.848
66.848
66.848
66.848
66.848
66.848
66.848
66.848
66.848
66.848
66.848
66.848
66.848
66.848
66.848
66.848
66.848
66.848
66.848
66.848
66.848
66.848
66.848
66.848
66.848
66.848
66.848
66.848
66.848
66.848
66.848
66.848
66.848
66.848
66.848
66.848
66.848
66.848
66.848
66.848
66.848
66.848
66.848
66.848
66.848
66.848
66.848
66.848
66.848
66.848
66.848
66.848
66.848
66.848
66.848
66.848
66.848
66.848
66.848
66.848
66.848
66.848
66.848
66.848
66.848
66.848
66.848
66.848
66.848
66.848
66.848
66.848
66.848
66.848
66.848
66.848
66.848
66.848
66.848
66.848
66.848
66.848
66.848
66.848
66.848
66.848
66.848
66.848
66.848
66.848
66.848
66.848
66.848
66.848
66.848
66.848
66.848
66.848
66.848
66.848
66.848
66.848
66.848
66.848
66.848
66.848
66.848
66.848
66.848
66.848
66.848
66.848
66.848
66.848
66.848
66.848
66.848
66.848
66.848
66.848
66.848
66.848
66.848
66.848
66.848
66.848
66.848
66.848
66.848
66.848
66.848
66.848
66.848
66.848
66.848
66.848
66.848
66.848
66.848
66.848
66.848
66.848
66.848
66.848
66.848
66.848
66.848
66.848
66.848
66.848
66.848
66.848
66.848
66.848
66.848
66.848
66.848
66.848
66.848
66.848
66.848
66.848
66.848
66.848
66.848
66.848
66.848
66.848
66.848
66.848
66.848
66.848
66.848
66.848
66.848
66.848
66.848
66.848
66.848
66.848
66.848
66.848
66.848
66.848
66.848
66.848
66.848
66.848
66.848
66.848
66.848
66.848
66.848
66.848
66.848
66.848
66.848
66.848
66.848
66.848
66.848
66.848
66.848
66.848
66.848
66.848
66.848
66.848
66.848
66.848
66.848
66.848
66.848
66.848
66.848
66.848
66.848
66.848
66.848
66.848
66.848
66.848
66.848
66.848
66.848
66.848
66.848
66.848
66.848
66.848
66.848
66.848
66.848
66.848
66.848
66.848
66.848
66.848
66.848
66.848
66.848
66.848
66.848
66.848
66.848
66.848
66.848
66.848
66.848
66.848
66.848
66.848
66.848
66.848
66.848
66.848
66.848
66.848
66.848
66.848
66.848
66.848
66.848
66.848
66.848
66.848
66.848
66.848
66.848
66.848
66.848
66.848
66.848
66.848
66.848
66.848
66.848
66.848
66.848
66.848
66.848
66.848
66.848
66.848
66.848
66.848
66.848
66.848
66.848
66.848
66.848
66.848
66.848
66.848
66.848
66.848
66.848
66.848
66.848
66.848
66.848
66.848
66.848
66.848
66.848
66.848
66.848
66.848
66.848
66.848
66.848
66.848
66.848
66.848
66.848
66.848
66.848
66.848
66.848
66.848
66.848
66.848
66.848
66.848
66.848
66.848
66.848
66.848
66.848
66.848
66.848
66.848
66.848
66.848
66.848
66.848
66.848
66.848
66.848
66.848
66.848
66.848
66.848
66.848
66.848
66.848
66.848
66.848
66.848
66.848
66.848
66.848
66.848
66.848
66.848
66.848
66.848
66.848
66.848
66.848
66.848
66.848
66.848
66.848
66.848
66.848
66.848
66.848
66.848
66.848
66.848
66.848
66.848
66.848
66.848
66.848
66.848
66.848
66.848
66.848
66.848
66.848
66.848
66.848
66.848
66.848
66.848
66.848
66.848
66.848
66.848
66.848
66.848
66.848
66.848
66.848
66.848
66.848
66.848
66.848
66.848
66.848
66.848
66.848
66.848
66.848
66.848
66.848
66.848
66.848
66.848
66.848
66.848
66.848
66.848
66.848
66.848
66.848
66.848
66.848
66.848
66.848
66.848
66.848
66.848
66.848
66.848
66.848
66.848
66.848
66.848
66.848
66.848
66.848
66.848
66.848
66.848
66.848
66.848
66.848
66.848
66.848
66.848
66.848
66.848
66.848
66.848
66.848
66.848
66.848
66.848
66.848
66.848
66.848
