#HALF_LENGTH_HISTORY
493.752
478.596
463.05
447.147
436.858
424.994
413.22
401.936
389.477
379.411
370.368
360.146
352.376
341.326
333.207
325.592
318.675
314.477
307.195
303.118
299.074
296.202
293.184
290.19
286.511
281.973
279.756
273.885
270.209
267.647
264.911
260.507
256.585
254.029
249.817
247.303
244.119
243.311
241.047
237.292
236.47
233.023
230.236
228.799
226.114
224.085
222.347
220.417
220.82
217.012
214.447
211.948
209.537
208.515
205.498
203.588
199.838
198.78
197.967
196.262
194.191
192.637
191.448
190.185
189.08
187.056
187.656
186.902
186.305
185.818
184.966
183.974
182.799
180.439
179.626
177.811
176.79
174.956
174.171
173.433
173.132
172.798
171.884
170.644
170.256
168.62
167.231
166.468
165.953
165.432
164.06
164.632
164.096
162.608
161.924
162.013
161.045
161.18
159.63
158.805
158.03
158.994
157.246
155.745
156.88
156.408
155.851
156.126
155.053
154.731
154.906
152.89
152.119
150.351
149.648
147.764
149.156
147.133
145.216
144.025
142.686
143.096
143.046
142.16
142.986
142.556
142.529
142.078
141.557
141.4
141.687
142.286
142.569
142.248
141.685
141.923
141.627
140.268
140.83
138.877
138.284
136.094
136.295
134.812
134.773
134.303
133.803
132.203
130.557
129.827
130.06
130.292
130.464
129.282
130.654
130.842
131.885
130.897
129.307
128.012
128.65
125.326
126.513
125.6
125.905
126.906
125.223
124.731
124.784
124.721
124.672
125.462
123.187
124.811
123.637
123.741
121.868
121.812
121.481
122.284
120.275
122.389
122.183
121.235
118.943
120.763
122.244
122.109
121.649
121.563
121.845
122.424
121.68
122.981
123.009
122.881
120.201
120.176
119.861
118.526
119.072
119.061
117.361
119.129
118.338
116.825
117.561
117.21
116.319
116.006
116.397
116.73
117.28
117.167
116.394
117.901
116.026
117.164
117.594
116.661
117.379
117.527
117.404
117.416
116.928
116.476
115.251
115.243
114.476
115.982
113.912
113.338
114.673
115.39
115.563
113.912
113.099
113.356
110.739
111.702
111.162
110.42
111.886
110.73
112.033
113.574
112.435
113.309
113.338
112.721
112.161
111.494
112.998
111.486
112.092
110.965
111.587
109.933
109.632
109.855
111.111
110.356
109.548
109.164
109.628
109.167
110.218
110.826
108.731
108.613
108.66
107.24
108.299
108.753
107.565
110.674
110.411
109.896
109.625
110.061
109.507
108.575
107.717
107.48
107.625
107.83
109.004
108.262
107.687
107.513
107.705
107.777
106.75
106.062
105.393
106.267
106.367
107.068
105.831
106.559
105.969
105.543
104.982
105.426
105.661
107.722
107.362
107.072
105.217
107.081
104.497
104.136
105.387
105.758
104.202
105.367
105.015
105.639
103.856
103.191
103.472
103.411
105.005
104.237
105.743
104.913
103.321
103.846
104.456
104.25
103.899
104.381
104.089
105.391
104.297
103.23
104.801
104.904
103.937
104.912
103.652
104.907
104.117
104.691
104.864
102.953
102.989
104.368
103.849
104.768
105.846
104.661
105.004
104.511
103.125
104.212
105.117
104.896
103.324
103.205
103.843
103.379
104.757
104.589
104.311
105.122
104.873
106.138
105.641
104.119
103.556
102.759
101.604
102.043
102.714
101.967
102.375
102.667
103.406
103.005
102.607
101.999
102.55
102.59
103.473
103.159
104.303
104.535
103.891
103.401
103.926
102.771
103.196
101.897
101.365
102.394
101.107
102.502
102.778
102.189
102.948
103.248
103.482
102.545
102.859
103.423
102.143
102.372
102.443
102.419
103.193
103.209
105.282
104.418
104.666
102.515
101.806
100.292
101.943
101.544
102.064
103.893
103.012
102.189
101.089
101.203
101.307
101.345
101.773
101.152
101.612
101.234
101.202
102.346
102.162
101.457
100.647
100.196
101.779
102.39
102.013
100.452
100.755
101.647
100.268
102.173
101.829
102.278
101.654
102.783
100.148
101.743
102.446
101.185
102.892
102.964
101.859
101.471
100.1
101.912
100.981
102.017
100.386
101.05
101.505
102.23
102.135
100.733
102.189
100.358
102.068
101.136
102.029
103.214
101.379
102.442
101.436
99.9668
102.292
103.336
102.043
102.498
102.891
102.254
103.667
101.756
101.701
102.18
104.18
102.543
103.505
104.982
103.47
104.066
103.105
104.119
104.831
103.555
102.803
102.932
101.985
100.512
101.652
101.656
102.819
102.7
101.807
102.497
100.882
100.18
100.696
100.425
101.812
100.788
102.677
102.671
99.8145
101.769
101.174
102.224
101.184
101.874
99.4209
100.862
100.552
100.463
100.602
101.557
101.587
101.616
101.154
101.298
100.868
101.746
100.027
100.126
100.51
101.282
102.462
101.416
103.191
103.581
102.52
101.657
102.697
102.697
102.375
100.873
103.386
103.405
104.654
103.67
104.247
102.833
102.541
101.9
101.841
101.231
102.479
103.384
101.69
98.8541
99.7267
99.953
100.066
102.065
100.162
98.6926
100.794
100.779
100.913
102.052
102.208
101.663
99.428
100.597
101.256
99.9486
99.2958
100.8
101.11
101.872
101.833
101.919
104.295
105.012
107.191
106.295
106.113
106.607
106.644
104.741
103.024
104.125
103.159
104.252
102.822
102.032
101.099
102.114
101.236
100.571
100.772
101.553
103.192
103.249
103.631
103.702
101.514
102.709
101.441
101.243
101.835
101.674
103.156
101.695
102.025
100.964
100.921
100.324
100.482
101.729
100.719
101.298
101.042
101.144
101.558
102
101.254
99.956
99.6494
100.099
99.5119
99.8568
100.691
100.55
100.494
101.48
100.696
103.972
102.781
102.116
99.7204
100.161
100.402
101.565
100.632
100.93
100.385
100.405
100.925
101.125
99.6386
101.044
100.011
101.516
101.107
99.6311
99.932
100.412
100.101
99.2138
100.507
99.6491
100.593
100.656
100.253
99.9243
100.807
100.926
100.033
100.004
101.627
101.214
101.823
102.21
101.255
102.555
102.041
100.987
102.778
101.139
102.387
102.298
101.998
101.993
102.869
103.282
102.027
101.727
101.366
100.704
101.12
102.68
102.157
102.057
103.842
104.689
103.426
102.404
101.598
99.9058
102.172
100.24
100.131
101.991
98.7479
100.239
101.485
99.7212
100.252
99.5736
100.408
99.6761
101.321
100.873
102.008
101.791
101.532
102.492
101.42
103.34
102.311
102.897
101.695
102.461
102.368
101.851
101.157
100.076
101.458
100.642
103.181
101.018
101.577
102.378
100.194
101.506
102.617
101.8
100.477
99.9202
99.297
100.662
100.828
99.5914
99.3057
100.806
101.211
101.511
100.479
101.076
102.508
102.541
101.556
102.851
101.186
102.119
103.21
103.412
102.135
100.632
99.9997
99.9474
100.976
100.152
99.4799
99.7474
100.597
99.8276
101.327
101.893
101.818
102.117
102.796
100.789
101.182
102.921
101.037
100.283
101.374
102.861
100.475
101.862
100.039
100.404
99.9714
99.2969
100.306
101.813
98.9016
100.165
99.6131
100.229
100.02
100.36
100.437
100.568
100.914
101.453
101.12
99.3561
100.61
100.135
99.9715
101.1
100.328
101.6
101.391
100.964
101.664
101.466
101.961
100.151
100.953
101.813
99.6761
99.9915
101.423
101.923
100.796
101.456
101.051
101.503
102.19
101.313
102.083
100.651
100.722
99.791
102.476
100.308
101.781
100.474
101.465
101.048
100.613
102.051
100.19
100.968
100.477
101.226
101.079
100.9
101.93
103.059
101.521
102.739
101.715
101.417
100.141
101.154
100.599
100.798
101.826
101.6
102.367
102.102
100.418
101.674
101.227
99.8784
100.602
100.389
99.766
99.1061
99.4484
100.135
100.532
101.586
102.808
100.224
100.096
99.9529
101.372
101.012
99.8971
101.164
100.658
101.613
101.583
100.303
101.1
100.995
100.977
101.682
102.918
102.161
100.617
101.292
101.122
102.333
101.719
100.319
100.095
100.759
100.6
101.021
101.714
100.834
102.297
102.419
101.439
101.668
101.457
101.625
100.719
100.646
100.038
101.783
101.086
102.815
102.863
103.152
100.588
101.512
100.057
101.316
99.6894
100.045
100.367
99.0721
100.498
100.026
100.583
101.29
103.017
101.492
101.376
102.714
101.239
99.3324
101.466
100.026
100.479
100.81
100.951
101.504
103.804
104.548
103.948
103.441
101.23
101.729
102.202
102.085
103.369
101.288
100.913
101.74
101.261
100.047
100.391
100.723
100.773
103.696
101.838
102.243
99.1508
100.063
100.097
100.193
103.164
103.015
102.589
101.775
101.718
102.373
100.086
102.233
99.2574
101.765
100.587
101.069
98.439
100.636
102.254
100.39
101.161
100.348
100.568
99.8164
101.624
101.095
99.5721
100.736
99.7512
100.651
100.277
101.522
99.4101
98.3578
101.265
101.83
102.375
102.322
101.922
100.485
100.818
101.98
101.864
101.223
100.94
101.488
99.7904
99.9023
100.744
102.551
102.278
101.301
103.063
102.276
101.318
101.777
100.795
101.274
101.673
101.808
100.723
101.199
101.947
101.747
100.264
100.4
99.3322
100.466
100.306
99.9129
98.9281
99.4502
100.75
99.4228
100.622
100.32
101.73
101.562
100.899
100.356
101.909
101.455
99.1421
102.261
99.8366
100.888
101.28
100.732
100.658
100.395
99.7824
101.118
102.265
100.096
100.322
101.156
101.639
101.655
99.8224
102.552
101.356
102.332
101.437
102.254
100.452
100.729
100.581
101.982
102.065
101.973
102.382
100.578
102.189
101.89
102.04
102.283
100.821
102.467
101.558
101.103
101.811
102.462
101.697
103.866
102.702
102.459
101.888
100.076
100.859
100.177
100.309
100.734
99.6833
102.028
101.986
103.324
103.212
101.604
99.9286
99.9144
100.583
100.655
99.6544
101.254
99.2942
101.614
100.319
100.644
99.7629
101.156
100.897
101.131
101.336
100.544
100.079
100.922
102.006
101.527
101.97
101.293
100.525
101.819
101.385
100.959
100.648
100.806
100.953
99.1386
101.108
100.7
100.765
100.87
101.255
100.592
99.9628
100.221
98.6199
99.7308
99.2013
99.9048
99.5175
102.087
100.906
100.82
99.9798
100.203
99.6942
97.5677
99.6598
100.698
100.764
100.693
102.025
101.31
101.427
101.77
102.502
100.041
100.968
101.169
99.9601
100.203
99.5177
99.7208
100.032
99.3469
99.2147
101.525
100.23
99.8302
102.022
101.084
100.251
101.03
100.173
100.824
103.057
102.666
101.812
101.612
102.334
100.978
100.229
100.451
101.208
99.1003
100.646
100.693
102.078
101.228
101.878
99.288
100.063
99.7911
99.3715
100.875
102.766
101.878
101.157
100.482
100.692
99.5711
101.057
100.564
101.211
101.937
102.243
101.745
100.997
102.47
103.234
102.472
100.063
100.836
99.48
99.8999
99.2032
98.9937
99.8243
101.368
101.337
101.699
102.526
101.239
102.374
101.626
101.505
100.293
101.017
101.047
101.415
103.212
102.598
101.313
100.401
100.975
100.299
100.734
100.532
102.099
100.637
100.917
101.475
100.966
100.897
100.707
101.856
99.892
100.648
102.066
100.916
102.27
103.224
102.852
102.519
102.497
102.489
101.344
101.401
102.337
101.878
99.2333
100.867
101.635
100.117
101.812
101.236
101.088
98.5865
98.8655
101.442
101.096
101.259
100.568
101.787
100.995
100.37
101.34
101.169
100.034
99.9317
100.241
99.8668
100.76
102.753
101.839
101.806
100.916
102.216
100.91
100.717
100.393
100.1
100.623
99.6682
100.219
99.1847
99.961
99.2034
99.8514
100.278
100.562
100.713
99.8276
100.925
100.488
101.756
99.8893
100.907
101.024
100.004
98.5096
97.6527
99.7106
101.348
99.5754
101.606
100.453
99.3547
98.2693
99.02
99.3661
99.6272
100.977
102.547
101.054
102.131
101.109
100.873
99.8694
100.055
100.869
101.819
100.468
101.879
101.314
101.436
100.978
101.155
101.725
102.59
100.056
99.9856
99.0574
99.0077
97.9658
98.4664
100.363
100.729
102.199
100.287
101.86
101.922
101.344
100.998
99.405
100.696
102.428
101.553
100.62
100.389
100.958
100.265
99.9789
101.216
99.4701
100.535
101.241
102.067
101.661
102.446
103.703
103.388
101.788
101.755
100.17
102.208
102.727
100.986
100.462
100.153
101.095
101.881
100.208
101.69
101.227
100.444
100.154
101.384
102.037
100.604
101.794
101.004
100.887
100.882
100.327
98.871
98.923
100.537
100.693
100.136
100.094
100.527
98.5644
98.8868
99.3253
99.2628
99.8837
99.6575
98.5817
101.74
101.105
98.7551
98.2678
99.9414
99.0226
100.778
99.468
100.753
99.2364
99.7799
101.065
99.6096
98.6889
97.6309
99.5989
99.0259
99.5648
100.717
100.63
100.932
101.543
99.3967
98.7883
99.4071
99.6475
100.168
99.1679
99.3918
100.414
100.037
99.9957
99.301
98.6
99.699
100.709
100.56
101.113
101.785
100.01
100.037
98.7498
98.8918
100.312
98.3095
100.272
100.042
100.061
100.515
100.174
102.12
99.4789
101.988
98.7987
101.139
100.862
100.581
102.072
102.345
100.895
100.422
100.891
101.094
99.5466
100.881
100.868
102.626
102.684
101.788
99.9239
98.3845
98.9279
99.6396
99.6193
99.0412
98.5265
100.235
99.1159
99.139
99.2454
98.7231
100.091
100.904
99.2593
100.118
99.7779
99.8829
101.137
100.956
101.622
101.937
100.55
100.922
100.734
100.369
100.772
100.578
99.0881
100.384
100.041
99.851
99.9878
101.396
99.2822
100.956
100.486
101.429
99.5056
99.3671
99.7493
99.608
100.481
99.788
98.5555
98.5596
98.4402
98.6618
99.1679
100.858
101.498
102.297
100.985
101.184
102.295
101.756
99.2285
99.051
99.2408
101.281
99.8583
100.596
100.172
100.15
98.3043
98.5088
98.5922
98.5973
97.175
98.9266
99.8127
98.9674
101.644
100.192
100.217
102.651
102.723
101.036
101.079
99.9891
99.2113
100.87
100.43
100.214
99.6443
100.043
100.867
101.709
101.024
99.8711
99.7588
100.199
101.261
100.784
101.021
99.8047
99.0219
98.8812
99.2112
98.4255
99.9482
99.4903
98.6956
99.4199
98.2778
98.0578
99.0143
101.163
100.221
98.3183
99.3166
98.5735
99.7511
98.7875
99.8876
99.2064
100.417
99.0772
98.7548
97.3451
99.1114
99.176
101.902
102.809
101.152
101.587
102.161
102.113
100.157
100.96
100.622
101.987
101.161
100.614
99.2127
99.3503
99.8508
100.063
98.9178
99.2623
99.7523
98.4827
97.7403
99.8592
99.4166
100.495
99.8419
99.2488
99.9718
98.7558
100.516
101.027
101.036
99.5791
97.8654
98.3556
99.9494
99.5304
100.518
99.7578
100.699
99.8205
99.8957
100.58
100.392
99.5503
99.2896
98.8484
98.5582
100.197
99.552
100.128
98.604
99.6541
98.9068
98.4443
97.6776
99.9865
100.056
98.894
98.576
97.4628
97.8464
99.3546
101.069
101.556
98.5935
99.8425
97.5327
99.1867
99.0272
99.8077
99.6916
100.766
100.152
99.744
98.0156
98.8216
100.06
99.7899
99.6507
98.8525
100.171
98.6437
99.9155
99.2897
100.025
99.4742
99.5924
101.262
99.8792
100.314
102.247
100.545
101.546
99.8781
98.8087
100.877
100.416
101.982
98.8235
99.5745
98.6036
98.9655
98.447
98.9016
99.859
98.9066
102.236
101.438
99.8649
99.7784
99.1882
101.234
100.615
99.668
99.6653
100.781
98.8469
100.284
99.2771
100.938
99.1226
100.916
101.494
101.479
100.206
98.319
99.6398
100.608
101.065
98.9464
99.5742
99.8335
99.1567
99.6
99.9474
99.6036
100.712
99.3951
99.7981
99.2906
100.3
98.9602
99.743
98.1741
99.2645
98.8837
98.7929
99.396
100.405
99.4933
100.486
100.279
99.9349
98.2632
100.132
101.078
100.566
100.034
100.868
102.231
100.25
99.682
100.425
99.3831
99.7661
98.5774
99.1084
99.2369
99.814
98.4719
99.5003
101.402
99.6678
100.934
99.0499
99.9124
100.814
101.808
100.758
102.206
101.223
100.613
100.852
99.1705
100.08
99.0253
100.8
99.5608
99.4007
99.491
100.071
99.051
101.34
101.495
101.151
100.036
100.93
101.261
100.628
100.331
99.484
99.5693
99.8706
100.755
99.3407
99.6369
101.526
99.8972
100.566
100.298
100.444
100.769
99.7482
99.0063
98.6989
99.5729
99.4346
98.8596
99.58
98.7688
99.7878
100.27
99.3503
99.7588
100.364
99.9626
100.93
101.2
101.862
101.345
100.778
100.127
100.773
100.546
99.3585
100.545
100.442
100.14
100.16
99.1677
99.7127
98.0715
99.2796
100.836
99.825
99.4016
98.35
99.2629
99.6814
98.2626
98.9452
99.6983
100.591
99.3269
98.5518
97.9641
98.5173
100.376
98.9637
100.117
99.3761
99.1181
98.7662
99.4708
99.7944
99.1326
98.7363
98.3052
97.705
99.4846
100.419
99.723
99.6604
99.9742
100.282
100.539
99.1337
100.722
100.461
98.6525
100.437
100.955
101.003
101.317
100.874
99.8324
98.9243
98.7412
100.107
99.4344
98.7124
98.5408
98.9206
98.2075
98.5134
98.9203
99.1486
99.8906
100.066
101.036
101.786
99.7463
99.8533
100.326
99.2508
97.843
98.535
99.8642
99.94
99.3757
101.523
98.9758
101.359
99.935
99.569
100.526
100.65
100.241
99.7856
98.7105
99.6715
100.719
100.878
99.4532
100.251
99.7523
99.7955
101.388
100.559
100.647
99.7757
99.1068
99.7569
99.367
99.9453
100.229
101.869
99.5224
100.561
99.0605
100.302
100.485
100.256
99.8928
101.441
100.144
100.361
100.351
99.7581
99.1161
99.6708
99.8354
99.9584
101.337
101.152
100.399
100.895
99.4614
99.5423
101.594
98.2054
99.2671
98.799
99.16
100.156
101.992
101.438
100.115
99.9451
100.43
101.348
99.5744
98.6276
100.159
99.6625
99.9095
99.5695
99.1679
100.803
100.871
100.737
99.671
98.9542
99.0141
99.5418
99.4272
99.2907
100.474
98.5902
100.749
99.47
100.488
99.7239
99.3176
101.02
100.796
102.035
100.759
101.168
100.5
99.5931
100.434
101.901
99.8731
100.244
97.5848
98.6421
99.8691
100.528
99.8277
101.379
99.1319
99.0469
99.403
100.133
100.949
98.6642
100.858
98.9081
99.8519
100.583
98.3199
99.428
100.168
100.991
100.825
100.823
101.401
99.3772
99.9894
100.358
100.365
100.189
98.9436
100.303
99.4277
101.081
101.606
100.005
101.559
100.766
101.055
100.308
99.9696
99.5578
101.287
99.5847
100.981
101.539
101.757
100.101
98.1005
99.956
99.7025
99.6606
98.9605
99.5333
99.9071
99.4939
98.1869
99.9037
99.7341
99.5361
98.9424
99.3852
98.4002
100.364
100.497
100.001
99.7383
100.304
99.0233
99.9451
102.013
100.556
99.9435
99.0139
99.1162
100.129
100.677
100.442
99.0923
98.5495
100.805
100.25
99.8581
100.612
100.018
102.325
100.821
98.8411
100.353
101.052
100.48
101.08
101.492
100.35
101.239
101.702
100.474
100.896
100.91
100.856
102.027
99.6919
100.617
100.387
98.6865
99.7232
101.366
102.726
101.608
102.878
103.252
101.021
101.372
99.8388
99.3227
99.796
101.114
99.2352
100.948
102.016
101.202
100.126
99.5797
100.644
99.4058
99.9398
99.5637
99.4515
98.5241
99.2348
100.418
99.3544
99.4327
100.195
100.891
102.075
100.242
100.797
99.8068
100.269
101.185
99.1724
100.511
100.121
99.0539
99.5657
100.472
101.499
99.7196
100.038
101.414
100.63
99.8827
100.163
101.036
102.297
101.093
99.5651
100.615
98.7074
98.7669
100.238
101.438
100.971
101.12
100.293
99.3784
98.19
99.7706
98.4076
100.158
98.6897
99.7666
100.923
101.164
99.8432
99.5848
100.28
98.9377
100.839
100.921
101.209
100.609
98.9626
99.0496
99.0946
98.9973
99.2422
100.122
100.636
99.4033
98.9988
101.199
100.045
99.7885
100.212
99.0622
98.8919
100.343
101.936
101.13
100.93
99.6047
101.905
101.652
101.864
102.582
100.519
100.685
99.0198
99.0686
100.365
98.8793
100.809
100.832
102.01
100.582
99.5247
101.71
100.53
102.075
100.357
100.826
100.446
99.592
99.4529
99.6738
99.6099
99.505
100.183
101.164
101.249
99.5401
100.162
101.572
101.203
98.5095
99.2948
98.368
97.7984
98.4999
97.8463
97.2802
98.7078
98.9966
97.9308
98.7344
97.6136
100.123
100.265
100.605
99.2679
100.288
99.0357
98.9791
99.6223
98.7599
98.8048
98.607
100.042
100.451
99.405
101.382
101.402
99.8607
100.862
100.807
98.9466
98.5446
98.3705
98.2673
100.246
100.265
98.8244
99.3195
99.2557
98.6982
98.4417
98.6511
100.847
99.4409
98.9134
99.4405
98.7027
97.831
99.9319
100.641
99.792
98.6015
99.1298
99.1335
100.673
100.501
98.5505
100.12
99.1459
99.235
98.831
100.33
99.8872
102.554
100.561
100.941
100.605
100.384
100.823
99.9624
101.342
99.9339
100.461
99.9623
99.894
102.094
102.134
102.318
100.575
102.405
100.774
100.063
101.409
100.975
100.699
101.462
100.82
100.197
98.2073
98.8332
101.17
101.202
101.415
101.194
99.6094
100.456
98.4395
98.7822
100.548
101.431
102.254
100.691
101.08
100.727
101.036
98.932
100.869
101.862
100.672
100.895
101.842
101.02
100.79
102.389
101.211
99.3716
99.8548
100.143
100.338
100.299
99.2718
99.0293
98.6851
99.0822
100.161
98.1099
99.8303
99.6046
99.8944
99.759
101.392
100.193
98.124
99.4818
99.7443
99.6816
99.0299
99.3912
97.6525
99.4179
99.4226
99.1177
99.2109
99.8295
101.332
99.269
99.4745
100.298
101.343
99.6134
99.7448
99.3448
98.527
100.763
99.9512
100.16
100.753
99.5984
97.281
98.2008
97.2571
98.6201
99.2086
99.0298
101.194
99.8183
99.4188
98.2108
97.4417
99.3322
99.545
99.5922
100.362
99.8946
101.52
99.5932
99.5398
100.527
100.208
101.634
102.639
100.533
101.208
100.171
100.211
99.5927
100.509
99.7109
98.1572
100.098
101.05
100.182
99.2291
99.7206
99.3629
101.597
99.6021
100.211
97.9826
98.7918
98.6236
100.581
101.212
101.481
100.26
100.552
99.5411
98.4428
99.4462
99.5486
99.5981
101.924
100.674
101.408
101.578
100.003
99.301
100.023
100.108
98.2539
99.3393
99.2947
99.93
100.257
99.2336
99.3534
99.1325
98.824
98.5315
99.7751
99.4482
101.008
100.032
99.3956
100.62
99.8626
98.2913
100.467
99.1612
100.67
100.037
100.773
98.8048
99.6469
98.0178
99.4876
97.6308
99.7495
99.5487
97.868
99.0406
99.6925
98.8042
98.8366
97.8938
97.745
97.0171
99.0653
98.2404
98.7906
99.6652
98.8698
100.228
99.5253
100.584
101.169
100.726
100.825
99.4088
98.7912
99.6767
98.4607
99.5598
99.2624
99.4665
99.7491
98.8755
99.2573
98.9357
98.0599
99.4643
102.003
99.253
100.723
99.6786
100.767
100.315
100.062
99.1115
98.6754
99.3803
99.5118
98.6738
98.8948
99.4881
99.9324
99.6763
98.4124
100.031
100.028
98.6846
99.8442
100.094
98.9468
101.274
100.924
99.7756
99.1013
98.5355
98.789
99.4234
100.281
99.8102
99.9059
100.397
98.4488
100.191
101.281
100.005
100.856
100.862
99.9633
100.295
101.338
99.0875
99.9627
99.7201
99.806
98.1485
100.141
100.608
101.283
100.696
100.789
100.822
101.136
101.692
100.6
101.79
101.367
100.048
99.8396
100.512
100.388
98.6696
100.463
99.4125
100.405
100.447
99.8526
99.2317
99.869
99.1057
99.3231
100.497
100.265
100.585
99.695
99.2791
99.9087
99.7788
100.262
100.192
99.5284
100.807
99.2711
99.0334
98.161
98.903
99.2406
100.081
99.4164
99.8449
100.805
99.067
96.9902
97.6988
99.4453
99.9711
99.6196
99.0182
100.466
99.4293
99.6366
100.436
100.83
100.436
98.9419
98.7493
98.9785
99.7632
99.4575
99.415
99.6098
100.424
101.41
102.229
102.045
99.8246
100.798
100.474
100.521
100.776
101.736
100.612
100.015
99.6182
101.213
99.5572
99.8354
99.2553
100.43
99.3074
99.0506
98.8561
99.4703
99.5407
100.392
100.233
99.0252
99.6497
98.5661
97.7588
97.5561
99.9107
99.7009
100.167
99.507
98.5003
100.74
100.879
100.906
100.596
101.558
101.103
101.102
98.757
99.8088
99.7125
99.8014
98.8705
98.5508
100.633
99.3586
100.098
99.9224
99.2439
98.5942
100.388
99.6259
99.3794
99.5064
98.4722
99.3803
99.2224
102.203
100.858
101.364
100.622
100.18
99.2649
97.2911
99.7094
99.3812
99.2347
99.2342
100.334
101.026
100.565
100.494
101.97
99.5953
99.3315
99.1711
100.423
100.847
101.185
99.9769
99.8514
99.5525
100.354
99.8371
101.673
101.668
101.152
100.471
100.324
99.9858
100.996
98.2077
97.9372
100.207
100.18
100.515
99.546
100.735
100.063
99.6096
101.101
97.9425
99.8032
98.6205
99.1474
99.4275
98.2612
98.5238
100.898
99.5152
99.4661
99.6875
99.5472
98.3059
99.7356
100.371
100.617
99.6001
100.483
100.159
100.367
101.295
98.7536
98.8859
99.6712
99.0944
98.6716
100.317
99.1331
97.6599
99.0416
97.3031
98.6251
97.5704
100.204
97.924
98.4286
100.136
99.8484
101.329
99.7762
100.277
100.471
100.753
100.129
99.0896
100.228
100.35
99.8406
101.584
100.53
100.811
100.752
101.724
101.354
99.195
98.3936
99.2694
99.3248
100.512
99.9543
99.87
100.113
99.4445
98.452
99.9239
99.4978
99.3939
98.3716
100.995
101.873
100.876
99.3965
100.726
101.136
100.766
99.5893
98.9202
99.8657
99.051
101.271
100.268
102.062
101.007
99.4043
99.6747
99.0458
99.211
99.8267
101.635
100.664
101.491
101.863
102.824
101.682
101.597
101.666
101.273
100.36
98.4014
99.1025
100.325
100.11
99.6188
102.133
101.644
98.3906
98.9042
98.88
98.9484
97.684
99.7828
102.292
101.474
100.87
102.533
103.145
102.495
102.084
102.076
102.059
102.169
101.356
100.725
100.359
101.631
101.324
100.337
99.4985
100.036
99.3663
99.3582
98.6823
100.406
98.9546
98.2429
100.032
98.3939
100.182
100.536
101.652
100.823
101.683
100.764
100.656
101.576
101.995
100.535
100.996
102.432
99.7752
100.925
100.811
100.44
100.435
100.288
100.219
100.038
99.7129
99.6654
99.2719
99.2268
100.124
101.029
102.364
101.209
101.437
100.491
99.1406
100.245
100.835
99.4143
100.462
101.016
99.6952
99.775
98.0142
98.1037
98.4734
99.3719
99.3248
99.2404
98.5811
98.0347
98.077
99.5097
98.432
98.3674
97.9839
97.1818
99.096
99.2757
99.2325
98.2279
99.1149
99.4282
100.11
98.6147
97.9092
97.2103
97.0806
97.969
99.1574
98.5697
99.1038
99.0769
99.9038
101.869
100.433
100.34
97.9272
99.4197
99.2849
99.1335
100.475
100.416
100.86
99.6668
99.57
100.508
100.197
100.399
99.8714
100.051
100.665
100.38
100.948
101.092
99.5125
99.3874
100.473
100.239
99.1514
100.187
98.4153
100.135
100.411
101.708
100.969
100.811
99.3879
100.662
101.486
101
100.932
99.8522
99.6885
100.279
99.7829
98.4692
98.6157
100.108
100.207
100.166
99.8142
99.524
99.1137
99.7257
100.213
100.309
98.6138
99.7923
99.709
87.9114
