#   N_BLOCK:  ACCEPTANCE:
                 1              0.58
                 2              0.46
                 3               0.4
                 4              0.37
                 5             0.332
                 6              0.31
                 7          0.294286
                 8            0.2675
                 9          0.246667
                10             0.232
                11          0.218182
                12          0.203333
                13          0.189231
                14          0.181429
                15          0.177333
                16             0.175
                17          0.167059
                18          0.161111
                19          0.157895
                20             0.151
                21          0.147619
                22          0.147273
                23          0.145217
                24          0.141667
                25            0.1384
                26          0.137692
                27          0.134074
                28              0.13
                29          0.127586
                30             0.126
                31          0.124516
                32            0.1225
                33          0.121212
                34          0.118824
                35          0.118286
                36          0.117222
                37          0.114595
                38          0.112632
                39          0.111795
                40             0.111
                41          0.108293
                42           0.10619
                43          0.106512
                44          0.106364
                45          0.105778
                46          0.105652
                47           0.10383
                48          0.101667
                49         0.0995918
                50            0.0984
                51         0.0964706
                52         0.0946154
                53         0.0928302
                54         0.0911111
                55         0.0894545
                56         0.0878571
                57         0.0863158
                58         0.0848276
                59         0.0833898
                60             0.082
                61         0.0813115
                62         0.0809677
                63         0.0806349
                64          0.080625
                65         0.0815385
                66         0.0809091
                67          0.081194
                68         0.0811765
                69              0.08
                70         0.0788571
                71         0.0777465
                72         0.0766667
                73         0.0756164
                74         0.0745946
                75            0.0736
                76         0.0726316
                77         0.0716883
                78         0.0707692
                79         0.0698734
                80             0.069
                81          0.068642
                82         0.0678049
                83          0.066988
                84         0.0661905
                85         0.0654118
                86         0.0646512
                87          0.063908
                88         0.0631818
                89         0.0624719
                90         0.0617778
                91         0.0610989
                92         0.0604348
                93         0.0597849
                94         0.0591489
                95         0.0585263
                96         0.0579167
                97         0.0573196
                98         0.0567347
                99         0.0561616
               100            0.0556
               101         0.0550495
               102         0.0545098
               103         0.0539806
               104         0.0534615
               105         0.0529524
               106         0.0524528
               107         0.0519626
               108         0.0514815
               109         0.0510092
               110         0.0505455
               111         0.0500901
               112         0.0496429
               113         0.0492035
               114         0.0487719
               115         0.0483478
               116          0.047931
               117         0.0475214
               118         0.0471186
               119         0.0467227
               120         0.0463333
               121         0.0459504
               122         0.0455738
               123         0.0452033
               124         0.0448387
               125           0.04448
               126          0.044127
               127         0.0437795
               128         0.0434375
               129         0.0431008
               130         0.0427692
               131         0.0424427
               132         0.0421212
               133         0.0418045
               134         0.0414925
               135         0.0411852
               136         0.0408824
               137         0.0405839
               138         0.0402899
               139              0.04
               140         0.0397143
               141         0.0394326
               142         0.0391549
               143         0.0388811
               144         0.0386111
               145         0.0383448
               146         0.0380822
               147         0.0378231
               148         0.0375676
               149         0.0373154
               150         0.0370667
               151         0.0368212
               152         0.0365789
               153         0.0363399
               154         0.0361039
               155          0.035871
               156          0.035641
               157          0.035414
               158         0.0351899
               159         0.0349686
               160           0.03475
               161         0.0345342
               162          0.034321
               163         0.0341104
               164         0.0339024
               165          0.033697
               166          0.033494
               167         0.0332934
               168         0.0330952
               169         0.0331361
               170         0.0331765
               171         0.0339181
               172         0.0337209
               173          0.033526
               174         0.0333333
               175         0.0331429
               176         0.0329545
               177         0.0327684
               178         0.0325843
               179         0.0324022
               180         0.0322222
               181         0.0320442
               182         0.0318681
               183          0.031694
               184         0.0315217
               185         0.0313514
               186         0.0311828
               187          0.031016
               188         0.0308511
               189         0.0306878
               190         0.0305263
               191         0.0303665
               192         0.0308333
               193         0.0306736
               194         0.0305155
               195          0.030359
               196         0.0302041
               197         0.0300508
               198          0.029899
               199         0.0297487
               200            0.0296
               201         0.0294527
               202         0.0293069
               203         0.0291626
               204         0.0290196
               205          0.028878
               206         0.0287379
               207          0.028599
               208         0.0284615
               209         0.0283254
               210         0.0281905
               211         0.0280569
               212         0.0279245
               213         0.0277934
               214         0.0276636
               215         0.0275349
               216         0.0274074
               217         0.0272811
               218          0.027156
               219          0.027032
               220         0.0269091
               221         0.0267873
               222         0.0266667
               223         0.0265471
               224         0.0264286
               225         0.0263111
               226         0.0261947
               227         0.0260793
               228         0.0259649
               229         0.0258515
               230         0.0257391
               231         0.0256277
               232         0.0255172
               233         0.0254077
               234         0.0252991
               235         0.0251915
               236         0.0250847
               237         0.0249789
               238         0.0248739
               239         0.0247699
               240         0.0246667
               241         0.0245643
               242         0.0244628
               243         0.0243621
               244         0.0242623
               245         0.0241633
               246          0.024065
               247         0.0239676
               248          0.023871
               249         0.0237751
               250           0.02368
               251         0.0235857
               252         0.0234921
               253         0.0233992
               254         0.0233071
               255         0.0232157
               256          0.023125
               257          0.023035
               258         0.0229457
               259         0.0228571
               260         0.0227692
               261          0.022682
               262         0.0225954
               263         0.0225095
               264         0.0224242
               265         0.0223396
               266         0.0222556
               267         0.0221723
               268         0.0220896
               269         0.0220074
               270         0.0219259
               271          0.021845
               272         0.0217647
               273          0.021685
               274         0.0216058
               275         0.0215273
               276         0.0214493
               277         0.0213718
               278          0.021295
               279         0.0212186
               280         0.0211429
               281         0.0210676
               282         0.0209929
               283         0.0209187
               284         0.0208451
               285         0.0207719
               286         0.0206993
               287         0.0206272
               288         0.0205556
               289         0.0204844
               290         0.0204138
               291         0.0203436
               292          0.020274
               293         0.0202048
               294         0.0201361
               295         0.0200678
               296              0.02
               297         0.0199327
               298         0.0198658
               299         0.0197993
               300         0.0197333
               301         0.0196678
               302         0.0196026
               303          0.019538
               304         0.0194737
               305         0.0194098
               306         0.0193464
               307         0.0192834
               308         0.0192208
               309         0.0191586
               310         0.0190968
               311         0.0190354
               312         0.0189744
               313         0.0189137
               314         0.0188535
               315         0.0187937
               316         0.0187342
               317         0.0186751
               318         0.0186164
               319          0.018558
               320            0.0185
               321         0.0184424
               322         0.0183851
               323         0.0183282
               324         0.0182716
               325         0.0182154
               326         0.0181595
               327          0.018104
               328         0.0180488
               329         0.0179939
               330         0.0179394
               331         0.0178852
               332         0.0178313
               333         0.0177778
               334         0.0177246
               335         0.0176716
               336          0.017619
               337         0.0175668
               338         0.0175148
               339         0.0174631
               340         0.0174118
               341         0.0173607
               342         0.0173099
               343         0.0172595
               344         0.0172093
               345         0.0171594
               346         0.0171098
               347         0.0170605
               348         0.0170115
               349         0.0169628
               350         0.0169143
               351         0.0168661
               352         0.0168182
               353         0.0167705
               354         0.0167232
               355         0.0166761
               356         0.0166292
               357         0.0165826
               358         0.0165363
               359         0.0164903
               360         0.0164444
               361         0.0163989
               362         0.0163536
               363         0.0163085
               364         0.0162637
               365         0.0162192
               366         0.0161749
               367         0.0161308
               368          0.016087
               369         0.0160434
               370             0.016
               371         0.0159569
               372          0.015914
               373         0.0158713
               374         0.0158289
               375         0.0157867
               376         0.0157447
               377         0.0157029
               378         0.0156614
               379         0.0156201
               380         0.0155789
               381         0.0155381
               382         0.0154974
               383         0.0154569
               384         0.0154167
               385         0.0153766
               386         0.0153368
               387         0.0152972
               388         0.0152577
               389         0.0152185
               390         0.0151795
               391         0.0151407
               392          0.015102
               393         0.0150636
               394         0.0150254
               395         0.0149873
               396         0.0149495
               397         0.0149118
               398         0.0148744
               399         0.0148371
               400            0.0148
               401         0.0147631
               402         0.0147264
               403         0.0146898
               404         0.0146535
               405         0.0146173
               406         0.0145813
               407         0.0145455
               408         0.0145098
               409         0.0144743
               410          0.014439
               411         0.0144039
               412         0.0144175
               413          0.014431
               414         0.0143961
               415         0.0143614
               416         0.0143269
               417         0.0142926
               418         0.0142584
               419         0.0142243
               420         0.0141905
               421         0.0141568
               422         0.0141232
               423         0.0140898
               424         0.0140566
               425         0.0140235
               426         0.0139906
               427         0.0139578
               428         0.0139252
               429         0.0138928
               430         0.0138605
               431         0.0138283
               432         0.0137963
               433         0.0137644
               434         0.0137327
               435         0.0137011
               436         0.0136697
               437         0.0136384
               438         0.0136073
               439         0.0135763
               440         0.0135455
               441         0.0135147
               442         0.0134842
               443         0.0134537
               444         0.0134234
               445         0.0133933
               446         0.0133632
               447         0.0133333
               448         0.0133036
               449         0.0132739
               450         0.0132444
               451         0.0132151
               452         0.0131858
               453         0.0131567
               454         0.0131278
               455         0.0130989
               456         0.0130702
               457         0.0130416
               458         0.0130131
               459         0.0129847
               460         0.0129565
               461         0.0129284
               462         0.0129004
               463         0.0128726
               464         0.0128448
               465         0.0128172
               466         0.0127897
               467         0.0127623
               468          0.012735
               469         0.0127079
               470         0.0126809
               471         0.0126539
               472         0.0126271
               473         0.0126004
               474         0.0125738
               475         0.0125474
               476          0.012521
               477         0.0124948
               478         0.0124686
               479         0.0124426
               480         0.0124167
               481         0.0123909
               482         0.0123651
               483         0.0123395
               484          0.012314
               485         0.0122887
               486         0.0122634
               487         0.0122382
               488         0.0122131
               489         0.0121881
               490         0.0121633
               491         0.0121385
               492         0.0121138
               493         0.0120892
               494         0.0120648
               495         0.0120404
               496         0.0120161
               497          0.011992
               498         0.0119679
               499         0.0119439
               500           0.01192
               501         0.0118962
               502         0.0118725
               503         0.0118489
               504         0.0118254
               505          0.011802
               506         0.0117787
               507         0.0117554
               508         0.0117323
               509         0.0117092
               510         0.0116863
               511         0.0116634
               512         0.0116406
               513         0.0116179
               514         0.0115953
               515         0.0115728
               516         0.0115504
               517          0.011528
               518         0.0115058
               519         0.0114836
               520         0.0114615
               521         0.0114395
               522         0.0114176
               523         0.0113958
               524          0.011374
               525         0.0113524
               526         0.0113308
               527         0.0113093
               528         0.0112879
               529         0.0112665
               530         0.0112453
               531         0.0112241
               532          0.011203
               533          0.011182
               534          0.011161
               535         0.0111402
               536         0.0111194
               537         0.0110987
               538         0.0110781
               539         0.0110575
               540          0.011037
               541         0.0110166
               542         0.0109963
               543         0.0109761
               544         0.0110294
               545         0.0111927
               546         0.0113919
               547         0.0116271
               548         0.0118613
               549         0.0119854
               550         0.0121091
               551          0.012196
               552         0.0122826
               553         0.0123689
               554         0.0123466
               555         0.0123243
               556         0.0123022
               557         0.0122801
               558         0.0122581
               559         0.0122361
               560         0.0122143
               561         0.0121925
               562         0.0121708
               563         0.0121492
               564         0.0121277
               565         0.0121062
               566         0.0120848
               567         0.0120635
               568         0.0120423
               569         0.0120211
               570             0.012
               571          0.011979
               572          0.011958
               573         0.0119372
               574         0.0119164
               575         0.0118957
               576          0.011875
               577         0.0118544
               578         0.0118339
               579         0.0118135
               580         0.0117931
               581         0.0117728
               582         0.0117526
               583         0.0117324
               584         0.0117123
               585         0.0116923
               586         0.0116724
               587         0.0116525
               588         0.0116327
               589         0.0116129
               590         0.0115932
               591         0.0115736
               592         0.0115541
               593         0.0115346
               594         0.0115152
               595         0.0114958
               596         0.0114765
               597         0.0114573
               598         0.0114381
               599          0.011419
               600            0.0114
               601          0.011381
               602         0.0113621
               603         0.0113433
               604         0.0113245
               605         0.0113058
               606         0.0112871
               607         0.0112685
               608           0.01125
               609         0.0112315
               610         0.0112131
               611         0.0111948
               612         0.0111765
               613         0.0111582
               614         0.0111401
               615          0.011122
               616         0.0111039
               617         0.0110859
               618          0.011068
               619         0.0110501
               620         0.0110323
               621         0.0110145
               622         0.0109968
               623         0.0109791
               624         0.0109615
               625          0.010944
               626         0.0109265
               627         0.0109091
               628         0.0108917
               629         0.0108744
               630         0.0108571
               631         0.0108399
               632         0.0108228
               633         0.0108057
               634         0.0107886
               635         0.0107717
               636         0.0107547
               637         0.0107378
               638          0.010721
               639         0.0107042
               640         0.0106875
               641         0.0106708
               642         0.0106542
               643         0.0106376
               644         0.0106211
               645         0.0106047
               646         0.0105882
               647         0.0105719
               648         0.0105556
               649         0.0105393
               650         0.0105231
               651         0.0105069
               652         0.0104908
               653         0.0104747
               654         0.0104587
               655         0.0104427
               656         0.0104268
               657          0.010411
               658         0.0103951
               659         0.0103794
               660         0.0103636
               661          0.010469
               662         0.0105136
               663         0.0105581
               664         0.0105422
               665         0.0105263
               666         0.0105105
               667         0.0104948
               668          0.010479
               669         0.0104634
               670         0.0104478
               671         0.0104322
               672         0.0104167
               673         0.0104012
               674         0.0103858
               675         0.0103704
               676          0.010355
               677         0.0103397
               678         0.0103245
               679         0.0103093
               680         0.0102941
               681          0.010279
               682         0.0102639
               683         0.0102489
               684         0.0102339
               685         0.0102482
               686         0.0102624
               687         0.0102475
               688         0.0102326
               689         0.0102177
               690         0.0102029
               691         0.0101881
               692         0.0101734
               693         0.0101587
               694         0.0101441
               695         0.0101295
               696         0.0101149
               697         0.0101004
               698          0.010086
               699         0.0100715
               700         0.0100571
               701         0.0100428
               702         0.0100285
               703         0.0100142
               704              0.01
               705        0.00998582
               706        0.00997167
               707        0.00995757
               708         0.0099435
               709        0.00992948
               710        0.00991549
               711        0.00990155
               712        0.00997191
               713          0.010014
               714          0.010028
               715          0.010014
               716              0.01
               717        0.00998605
               718        0.00997214
               719        0.00995828
               720        0.00994444
               721        0.00993065
               722         0.0099169
               723        0.00990318
               724         0.0098895
               725        0.00987586
               726        0.00986226
               727        0.00984869
               728        0.00983516
               729        0.00982167
               730        0.00980822
               731         0.0097948
               732        0.00978142
               733        0.00976808
               734        0.00975477
               735         0.0097415
               736        0.00972826
               737        0.00971506
               738         0.0097019
               739        0.00968877
               740        0.00967568
               741        0.00966262
               742         0.0096496
               743        0.00963661
               744        0.00962366
               745        0.00961074
               746        0.00959786
               747        0.00958501
               748        0.00957219
               749        0.00955941
               750        0.00954667
               751        0.00953395
               752        0.00952128
               753        0.00950863
               754        0.00949602
               755        0.00948344
               756         0.0094709
               757        0.00945839
               758        0.00944591
               759        0.00943347
               760        0.00942105
               761        0.00940867
               762        0.00939633
               763        0.00938401
               764        0.00937173
               765        0.00935948
               766        0.00937337
               767        0.00938722
               768          0.009375
               769        0.00936281
               770        0.00935065
               771        0.00933852
               772        0.00932642
               773        0.00931436
               774        0.00930233
               775        0.00929032
               776        0.00927835
               777        0.00926641
               778         0.0092545
               779        0.00924262
               780        0.00923077
               781        0.00921895
               782        0.00920716
               783         0.0091954
               784        0.00918367
               785        0.00917197
               786        0.00916031
               787        0.00914867
               788        0.00913706
               789        0.00915082
               790        0.00913924
               791        0.00915297
               792        0.00914141
               793        0.00912989
               794        0.00911839
               795        0.00910692
               796        0.00909548
               797        0.00908407
               798        0.00907268
               799        0.00906133
               800           0.00905
               801         0.0090387
               802        0.00902743
               803        0.00901619
               804        0.00900498
               805        0.00899379
               806        0.00898263
               807         0.0089715
               808         0.0089604
               809        0.00894932
               810        0.00893827
               811        0.00892725
               812        0.00891626
               813        0.00890529
               814        0.00889435
               815        0.00888344
               816        0.00887255
               817        0.00886169
               818        0.00885086
               819        0.00884005
               820        0.00882927
               821        0.00881851
               822        0.00880779
               823        0.00879708
               824        0.00878641
               825        0.00877576
               826        0.00876513
               827        0.00875453
               828        0.00874396
               829        0.00873341
               830        0.00872289
               831        0.00871239
               832        0.00870192
               833        0.00869148
               834        0.00868106
               835        0.00867066
               836        0.00866029
               837        0.00864994
               838        0.00863962
               839        0.00862932
               840        0.00861905
               841         0.0086088
               842        0.00859857
               843        0.00858837
               844         0.0085782
               845        0.00856805
               846        0.00855792
               847        0.00854782
               848        0.00853774
               849        0.00852768
               850        0.00851765
               851        0.00850764
               852        0.00849765
               853        0.00848769
               854        0.00847775
               855        0.00846784
               856        0.00845794
               857        0.00844807
               858        0.00843823
               859        0.00842841
               860         0.0084186
               861        0.00840883
               862        0.00839907
               863        0.00838934
               864        0.00837963
               865        0.00836994
               866        0.00836028
               867        0.00835063
               868        0.00834101
               869        0.00833142
               870        0.00832184
               871        0.00831228
               872        0.00830275
               873        0.00829324
               874        0.00828375
               875        0.00827429
               876        0.00826484
               877        0.00825542
               878        0.00824601
               879        0.00823663
               880        0.00822727
               881        0.00821793
               882        0.00820862
               883        0.00819932
               884        0.00819005
               885        0.00818079
               886        0.00817156
               887        0.00816234
               888        0.00815315
               889        0.00814398
               890        0.00813483
               891         0.0081257
               892        0.00811659
               893         0.0081075
               894        0.00809843
               895        0.00808939
               896        0.00808036
               897        0.00807135
               898        0.00806236
               899        0.00805339
               900        0.00804444
               901        0.00803552
               902        0.00802661
               903        0.00801772
               904        0.00800885
               905             0.008
               906        0.00799117
               907        0.00798236
               908        0.00797357
               909         0.0079648
               910        0.00795604
               911        0.00794731
               912         0.0079386
               913         0.0079299
               914        0.00792123
               915        0.00791257
               916        0.00790393
               917        0.00789531
               918        0.00788671
               919        0.00787813
               920        0.00786957
               921        0.00786102
               922        0.00785249
               923        0.00784399
               924         0.0078355
               925        0.00782703
               926        0.00781857
               927        0.00781014
               928        0.00780172
               929        0.00779333
               930        0.00778495
               931        0.00777658
               932        0.00776824
               933        0.00775991
               934        0.00775161
               935        0.00774332
               936        0.00773504
               937        0.00772679
               938        0.00771855
               939        0.00771033
               940        0.00770213
               941        0.00769394
               942        0.00768577
               943        0.00767762
               944        0.00766949
               945        0.00766138
               946        0.00765328
               947         0.0076452
               948        0.00763713
               949        0.00762908
               950        0.00762105
               951        0.00761304
               952        0.00760504
               953        0.00759706
               954         0.0075891
               955        0.00758115
               956        0.00757322
               957        0.00756531
               958        0.00755741
               959        0.00754953
               960        0.00754167
               961        0.00753382
               962        0.00752599
               963        0.00751817
               964        0.00751037
               965        0.00750259
               966        0.00749482
               967        0.00748707
               968        0.00747934
               969        0.00747162
               970        0.00746392
               971        0.00745623
               972        0.00744856
               973         0.0074409
               974        0.00743326
               975        0.00742564
               976        0.00741803
               977        0.00741044
               978        0.00740286
               979         0.0073953
               980        0.00738776
               981        0.00738022
               982        0.00737271
               983        0.00736521
               984        0.00735772
               985        0.00735025
               986         0.0073428
               987        0.00733536
               988        0.00732794
               989        0.00732053
               990        0.00731313
               991        0.00730575
               992        0.00729839
               993        0.00729104
               994         0.0072837
               995        0.00727638
               996        0.00726908
               997        0.00726179
               998        0.00725451
               999        0.00724725
              1000           0.00724
