#     BLOCK:   ACTUAL_X:     X_AVE:       ERROR:
                 1             23.04             23.04                 0
                 2                36             29.52           4.58205
                 3             27.04           28.6933           3.12838
                 4             12.96             24.76           4.13623
                 5                16            23.008           3.66128
                 6             23.04           23.0133           3.05107
                 7             23.04           23.0171           2.61521
                 8             23.04             23.02           2.28831
                 9             31.36           23.9467           2.21374
                10             27.04            24.256           2.01387
                11             12.96           23.2291           2.07616
                12             12.96           22.3733           2.07202
                13                16           21.8831           1.96978
                14             31.36             22.56           1.94192
                15             23.04            22.592           1.81272
                16                36             23.43           1.88319
                17             27.04           23.6424           1.78434
                18             31.36           24.0711           1.73596
                19             27.04           24.2274           1.65161
                20             31.36            24.584           1.60708
                21             31.36           24.9067            1.5626
                22                36           25.4109           1.57083
                23             31.36           25.6696           1.52368
                24             27.04           25.7267           1.46126
                25             23.04           25.6192           1.40676
                26             31.36             25.84           1.36987
                27             31.36           26.0444            1.3343
                28                36              26.4           1.33318
                29             31.36            26.571           1.29813
                30             40.96           27.0507           1.34054
                31             31.36           27.1897           1.30449
                32                36            27.465           1.29245
                33                36           27.7236            1.2789
                34             46.24           28.2682           1.35228
                35             51.84           28.9417           1.47183
                36                64           29.9156           1.72326
                37             57.76           30.6681           1.83366
                38             70.56           31.7179           2.06415
                39             84.64           33.0749           2.41644
                40               100            34.748           2.87754
                41               100           36.3395           3.21751
                42             92.16           37.6686           3.40436
                43             77.44           38.5935           3.44854
                44             84.64             39.64           3.52538
                45             70.56           40.3271           3.51336
                46             92.16           41.4539           3.61316
                47               100           42.6996           3.74486
                48               100           43.8933           3.85241
                49               100           45.0384           3.94029
                50               100           46.1376           4.01188
                51               100           47.1937           4.06986
                52               100           48.2092           4.11633
                53               100           49.1864           4.15304
                54               100           50.1274           4.18137
                55               100           51.0342           4.20252
                56               100           51.9086           4.21746
                57               100           52.7523           4.22702
                58               100           53.5669           4.23191
                59               100           54.3539           4.23272
                60               100           55.1147           4.22999
                61             84.64           55.5987           4.18825
                62                64           55.7342           4.12289
                63             70.56           55.9695           4.06416
                64             70.56           56.1975           4.00704
                65             51.84           56.1305           3.94596
                66             51.84           56.0655           3.88671
                67             70.56           56.2818           3.83471
                68               100           56.9247           3.83184
                69               100            57.549           3.82682
                70               100           58.1554            3.8199
                71               100           58.7448           3.81129
                72               100           59.3178           3.80118
                73               100           59.8751           3.78974
                74               100           60.4173           3.77712
                75               100           60.9451           3.76345
                76               100           61.4589           3.74885
                77               100           61.9595           3.73343
                78               100           62.4472           3.71729
                79               100           62.9225            3.7005
                80               100            63.386           3.68315
                81               100            63.838           3.66531
                82               100            64.279           3.64705
                83               100           64.7094           3.62841
                84               100           65.1295           3.60946
                85               100           65.5398           3.59023
                86               100           65.9405           3.57078
                87               100            66.332           3.55113
                88               100           66.7145           3.53132
                89               100           67.0885           3.51139
                90               100           67.4542           3.49137
                91               100           67.8119           3.47127
                92               100           68.1617           3.45113
                93               100           68.5041           3.43096
                94               100           68.8391           3.41078
                95               100           69.1672           3.39061
                96               100           69.4883           3.37047
                97               100           69.8029           3.35037
                98               100            70.111           3.33032
                99               100           70.4129           3.31034
               100               100           70.7088           3.29043
               101               100           70.9988           3.27061
               102               100           71.2831           3.25088
               103               100           71.5619           3.23125
               104               100           71.8354           3.21173
               105               100           72.1036           3.19232
               106               100           72.3668           3.17303
               107               100            72.625           3.15387
               108               100           72.8785           3.13484
               109               100           73.1273           3.11594
               110               100           73.3716           3.09717
               111               100           73.6115           3.07855
               112               100           73.8471           3.06006
               113               100           74.0786           3.04172
               114               100            74.306           3.02353
               115               100           74.5294           3.00548
               116               100            74.749           2.98758
               117               100           74.9648           2.96983
               118               100           75.1769           2.95223
               119               100           75.3855           2.93478
               120               100           75.5907           2.91749
               121               100           75.7924           2.90034
               122               100           75.9908           2.88335
               123               100            76.186            2.8665
               124               100           76.3781           2.84981
               125               100            76.567           2.83327
               126               100            76.753           2.81688
               127               100           76.9361           2.80065
               128               100           77.1163           2.78456
               129               100           77.2936           2.76861
               130               100           77.4683           2.75282
               131               100           77.6403           2.73718
               132               100           77.8097           2.72168
               133               100           77.9765           2.70632
               134               100           78.1409           2.69111
               135               100           78.3028           2.67604
               136               100           78.4624           2.66112
               137               100           78.6196           2.64633
               138               100           78.7745           2.63169
               139               100           78.9272           2.61718
               140               100           79.0777           2.60281
               141               100           79.2261           2.58858
               142               100           79.3724           2.57448
               143               100           79.5166           2.56052
               144               100           79.6589           2.54668
               145               100           79.7992           2.53298
               146               100           79.9375           2.51941
               147               100            80.074           2.50596
               148               100           80.2086           2.49264
               149               100           80.3415           2.47945
               150               100           80.4725           2.46638
               151               100           80.6019           2.45344
               152               100           80.7295           2.44061
               153               100           80.8554           2.42791
               154               100           80.9797           2.41532
               155               100           81.1025           2.40286
               156               100           81.2236            2.3905
               157               100           81.3432           2.37827
               158               100           81.4613           2.36615
               159               100           81.5779           2.35413
               160               100            81.693           2.34224
               161               100           81.8067           2.33045
               162               100            81.919           2.31876
               163               100           82.0299           2.30719
               164               100           82.1395           2.29572
               165               100           82.2478           2.28436
               166               100           82.3547            2.2731
               167               100           82.4604           2.26194
               168               100           82.5648           2.25089
               169             84.64            82.577            2.2376
               170             84.64           82.5892           2.22447
               171               100            82.691           2.21379
               172               100           82.7916           2.20321
               173               100           82.8911           2.19272
               174               100           82.9894           2.18232
               175               100           83.0866           2.17201
               176               100           83.1827            2.1618
               177               100           83.2777           2.15167
               178               100           83.3717           2.14163
               179               100           83.4646           2.13168
               180               100           83.5564           2.12182
               181               100           83.6473           2.11204
               182               100           83.7371           2.10234
               183               100            83.826           2.09273
               184               100           83.9139            2.0832
               185               100           84.0009           2.07376
               186               100           84.0869           2.06439
               187               100            84.172           2.05511
               188               100           84.2562            2.0459
               189               100           84.3395           2.03677
               190               100           84.4219           2.02772
               191               100           84.5035           2.01874
               192               100           84.5842           2.00984
               193               100            84.664           2.00101
               194               100           84.7431           1.99226
               195               100           84.8213           1.98358
               196               100           84.8988           1.97497
               197               100           84.9754           1.96643
               198               100           85.0513           1.95796
               199               100           85.1264           1.94956
               200               100           85.2008           1.94123
               201               100           85.2744           1.93297
               202               100           85.3473           1.92478
               203               100           85.4195           1.91665
               204               100            85.491           1.90858
               205               100           85.5618           1.90058
               206               100           85.6318           1.89265
               207               100           85.7013           1.88478
               208               100             85.77           1.87697
               209               100           85.8381           1.86923
               210               100           85.9055           1.86154
               211               100           85.9723           1.85392
               212               100           86.0385           1.84635
               213               100            86.104           1.83885
               214               100            86.169            1.8314
               215               100           86.2333           1.82401
               216               100            86.297           1.81668
               217               100           86.3602           1.80941
               218               100           86.4228           1.80219
               219               100           86.4847           1.79502
               220               100           86.5462           1.78792
               221               100           86.6071           1.78086
               222               100           86.6674           1.77386
               223               100           86.7272           1.76691
               224               100           86.7864           1.76002
               225               100           86.8452           1.75318
               226               100           86.9034           1.74638
               227               100           86.9611           1.73964
               228               100           87.0182           1.73295
               229               100           87.0749           1.72631
               230               100           87.1311           1.71972
               231               100           87.1868           1.71318
               232               100           87.2421           1.70669
               233               100           87.2968           1.70024
               234               100           87.3511           1.69384
               235               100           87.4049           1.68749
               236               100           87.4583           1.68118
               237               100           87.5112           1.67492
               238               100           87.5637            1.6687
               239               100           87.6157           1.66253
               240               100           87.6673           1.65641
               241               100           87.7185           1.65032
               242               100           87.7693           1.64428
               243               100           87.8196           1.63829
               244               100           87.8695           1.63233
               245               100            87.919           1.62642
               246               100           87.9681           1.62055
               247               100           88.0168           1.61472
               248               100           88.0652           1.60893
               249               100           88.1131           1.60319
               250               100           88.1606           1.59748
               251               100           88.2078           1.59181
               252               100           88.2546           1.58618
               253               100            88.301           1.58059
               254               100           88.3471           1.57504
               255               100           88.3928           1.56952
               256               100           88.4381           1.56405
               257               100           88.4831           1.55861
               258               100           88.5278           1.55321
               259               100            88.572           1.54784
               260               100            88.616           1.54251
               261               100           88.6596           1.53722
               262               100           88.7029           1.53196
               263               100           88.7459           1.52674
               264               100           88.7885           1.52155
               265               100           88.8308            1.5164
               266               100           88.8728           1.51128
               267               100           88.9145           1.50619
               268               100           88.9558           1.50114
               269               100           88.9969           1.49612
               270               100           89.0376           1.49113
               271               100           89.0781           1.48618
               272               100           89.1182           1.48126
               273               100           89.1581           1.47637
               274               100           89.1977           1.47151
               275               100           89.2369           1.46668
               276               100           89.2759           1.46189
               277               100           89.3147           1.45712
               278               100           89.3531           1.45239
               279               100           89.3913           1.44768
               280               100           89.4291           1.44301
               281               100           89.4668           1.43836
               282               100           89.5041           1.43375
               283               100           89.5412           1.42916
               284               100            89.578            1.4246
               285               100           89.6146           1.42008
               286               100           89.6509           1.41557
               287               100            89.687            1.4111
               288               100           89.7228           1.40666
               289               100           89.7583           1.40224
               290               100           89.7937           1.39785
               291               100           89.8287           1.39348
               292               100           89.8636           1.38915
               293               100           89.8982           1.38484
               294               100           89.9325           1.38055
               295               100           89.9666           1.37629
               296               100           90.0005           1.37206
               297               100           90.0342           1.36785
               298               100           90.0677           1.36367
               299               100           90.1009           1.35952
               300               100           90.1339           1.35539
               301               100           90.1666           1.35128
               302               100           90.1992            1.3472
               303               100           90.2316           1.34314
               304               100           90.2637           1.33911
               305               100           90.2956            1.3351
               306               100           90.3273           1.33111
               307               100           90.3588           1.32715
               308               100           90.3901           1.32321
               309               100           90.4212           1.31929
               310               100           90.4521            1.3154
               311               100           90.4828           1.31152
               312               100           90.5133           1.30767
               313               100           90.5436           1.30385
               314               100           90.5738           1.30004
               315               100           90.6037           1.29626
               316               100           90.6334            1.2925
               317               100            90.663           1.28876
               318               100           90.6923           1.28504
               319               100           90.7215           1.28134
               320               100           90.7505           1.27767
               321               100           90.7793           1.27401
               322               100            90.808           1.27038
               323               100           90.8364           1.26676
               324               100           90.8647           1.26317
               325               100           90.8928            1.2596
               326               100           90.9207           1.25604
               327               100           90.9485           1.25251
               328               100           90.9761           1.24899
               329               100           91.0035            1.2455
               330               100           91.0308           1.24202
               331               100           91.0579           1.23857
               332               100           91.0848           1.23513
               333               100           91.1116           1.23171
               334               100           91.1382           1.22831
               335               100           91.1647           1.22493
               336               100            91.191           1.22156
               337               100           91.2171           1.21822
               338               100           91.2431           1.21489
               339               100           91.2689           1.21158
               340               100           91.2946           1.20829
               341               100           91.3201           1.20502
               342               100           91.3455           1.20176
               343               100           91.3707           1.19852
               344               100           91.3958            1.1953
               345               100           91.4208            1.1921
               346               100           91.4455           1.18891
               347               100           91.4702           1.18574
               348               100           91.4947           1.18258
               349               100           91.5191           1.17945
               350               100           91.5433           1.17632
               351               100           91.5674           1.17322
               352               100           91.5914           1.17013
               353               100           91.6152           1.16706
               354               100           91.6389             1.164
               355               100           91.6624           1.16096
               356               100           91.6858           1.15794
               357               100           91.7091           1.15493
               358               100           91.7323           1.15193
               359               100           91.7553           1.14896
               360               100           91.7782           1.14599
               361               100            91.801           1.14304
               362               100           91.8236           1.14011
               363               100           91.8462           1.13719
               364               100           91.8686           1.13429
               365               100           91.8908            1.1314
               366               100            91.913           1.12853
               367               100            91.935           1.12567
               368               100            91.957           1.12282
               369               100           91.9788           1.11999
               370               100           92.0004           1.11717
               371               100            92.022           1.11437
               372               100           92.0434           1.11158
               373               100           92.0648            1.1088
               374               100            92.086           1.10604
               375               100           92.1071           1.10329
               376               100           92.1281           1.10056
               377               100            92.149           1.09784
               378               100           92.1697           1.09513
               379               100           92.1904           1.09244
               380               100           92.2109           1.08975
               381               100           92.2314           1.08709
               382               100           92.2517           1.08443
               383               100            92.272           1.08179
               384               100           92.2921           1.07916
               385               100           92.3121           1.07654
               386               100            92.332           1.07394
               387               100           92.3518           1.07134
               388               100           92.3715           1.06876
               389               100           92.3912            1.0662
               390               100           92.4107           1.06364
               391               100           92.4301            1.0611
               392               100           92.4494           1.05857
               393               100           92.4686           1.05605
               394               100           92.4877           1.05354
               395               100           92.5067           1.05104
               396               100           92.5257           1.04856
               397               100           92.5445           1.04609
               398               100           92.5632           1.04363
               399               100           92.5819           1.04118
               400               100           92.6004           1.03874
               401               100           92.6189           1.03631
               402               100           92.6372            1.0339
               403               100           92.6555           1.03149
               404               100           92.6737            1.0291
               405               100           92.6918           1.02672
               406               100           92.7098           1.02435
               407               100           92.7277           1.02199
               408               100           92.7455           1.01964
               409               100           92.7632            1.0173
               410               100           92.7809           1.01497
               411               100           92.7984           1.01265
               412             92.16           92.7969            1.0102
               413               100           92.8143            1.0079
               414               100           92.8317           1.00562
               415               100            92.849           1.00334
               416               100           92.8662           1.00108
               417               100           92.8833          0.998823
               418               100           92.9003          0.996578
               419               100           92.9172          0.994344
               420               100           92.9341          0.992119
               421               100           92.9509          0.989905
               422               100           92.9676            0.9877
               423               100           92.9842          0.985505
               424               100           93.0008           0.98332
               425               100           93.0172          0.981144
               426               100           93.0336          0.978977
               427               100           93.0499          0.976821
               428               100           93.0662          0.974673
               429               100           93.0823          0.972535
               430               100           93.0984          0.970407
               431               100           93.1144          0.968287
               432               100           93.1304          0.966177
               433               100           93.1462          0.964076
               434               100            93.162          0.961984
               435               100           93.1777          0.959901
               436               100           93.1934          0.957827
               437               100            93.209          0.955762
               438               100           93.2245          0.953705
               439               100           93.2399          0.951658
               440               100           93.2553          0.949619
               441               100           93.2706          0.947589
               442               100           93.2858          0.945567
               443               100           93.3009          0.943554
               444               100            93.316           0.94155
               445               100           93.3311          0.939554
               446               100            93.346          0.937566
               447               100           93.3609          0.935587
               448               100           93.3757          0.933616
               449               100           93.3905          0.931653
               450               100           93.4052          0.929698
               451               100           93.4198          0.927752
               452               100           93.4343          0.925814
               453               100           93.4488          0.923883
               454               100           93.4633          0.921961
               455               100           93.4776          0.920047
               456               100           93.4919           0.91814
               457               100           93.5062          0.916242
               458               100           93.5203          0.914351
               459               100           93.5345          0.912468
               460               100           93.5485          0.910592
               461               100           93.5625          0.908725
               462               100           93.5765          0.906864
               463               100           93.5903          0.905012
               464               100           93.6041          0.903167
               465               100           93.6179          0.901329
               466               100           93.6316          0.899499
               467               100           93.6452          0.897676
               468               100           93.6588          0.895861
               469               100           93.6723          0.894053
               470               100           93.6858          0.892252
               471               100           93.6992          0.890458
               472               100           93.7125          0.888672
               473               100           93.7258          0.886892
               474               100           93.7391           0.88512
               475               100           93.7523          0.883355
               476               100           93.7654          0.881597
               477               100           93.7784          0.879845
               478               100           93.7915          0.878101
               479               100           93.8044          0.876363
               480               100           93.8173          0.874633
               481               100           93.8302          0.872909
               482               100            93.843          0.871191
               483               100           93.8557          0.869481
               484               100           93.8684          0.867777
               485               100           93.8811           0.86608
               486               100           93.8937           0.86439
               487               100           93.9062          0.862706
               488               100           93.9187          0.861028
               489               100           93.9311          0.859357
               490               100           93.9435          0.857693
               491               100           93.9558          0.856034
               492               100           93.9681          0.854383
               493               100           93.9804          0.852737
               494               100           93.9926          0.851098
               495               100           94.0047          0.849465
               496               100           94.0168          0.847839
               497               100           94.0288          0.846218
               498               100           94.0408          0.844604
               499               100           94.0527          0.842996
               500               100           94.0646          0.841394
               501               100           94.0765          0.839798
               502               100           94.0883          0.838208
               503               100              94.1          0.836624
               504               100           94.1117          0.835045
               505               100           94.1234          0.833473
               506               100            94.135          0.831907
               507               100           94.1466          0.830347
               508               100           94.1581          0.828792
               509               100           94.1696          0.827243
               510               100            94.181            0.8257
               511               100           94.1924          0.824163
               512               100           94.2038          0.822631
               513               100            94.215          0.821105
               514               100           94.2263          0.819585
               515               100           94.2375           0.81807
               516               100           94.2487          0.816561
               517               100           94.2598          0.815057
               518               100           94.2709          0.813559
               519               100           94.2819          0.812066
               520               100           94.2929          0.810579
               521               100           94.3039          0.809097
               522               100           94.3148          0.807621
               523               100           94.3257           0.80615
               524               100           94.3365          0.804684
               525               100           94.3473          0.803224
               526               100            94.358          0.801769
               527               100           94.3687          0.800319
               528               100           94.3794          0.798874
               529               100             94.39          0.797435
               530               100           94.4006             0.796
               531               100           94.4111          0.794571
               532               100           94.4217          0.793147
               533               100           94.4321          0.791728
               534               100           94.4425          0.790314
               535               100           94.4529          0.788905
               536               100           94.4633          0.787501
               537               100           94.4736          0.786102
               538               100           94.4839          0.784708
               539               100           94.4941          0.783319
               540               100           94.5043          0.781935
               541               100           94.5145          0.780555
               542               100           94.5246          0.779181
               543               100           94.5347          0.777811
               544             84.64           94.5165          0.776594
               545                64           94.4605          0.777185
               546                64           94.4047          0.777761
               547             57.76           94.3377          0.779219
               548             40.96           94.2403          0.783861
               549                64           94.1852          0.784367
               550             40.96           94.0884          0.788888
               551             57.76           94.0225          0.790206
               552             77.44           93.9925          0.789346
               553               100           94.0033          0.787993
               554               100           94.0142          0.786645
               555               100           94.0249          0.785301
               556               100           94.0357          0.783963
               557               100           94.0464          0.782628
               558               100           94.0571          0.781298
               559               100           94.0677          0.779973
               560               100           94.0783          0.778652
               561               100           94.0888          0.777336
               562               100           94.0994          0.776024
               563               100           94.1098          0.774716
               564               100           94.1203          0.773413
               565               100           94.1307          0.772114
               566               100           94.1411           0.77082
               567               100           94.1514          0.769529
               568               100           94.1617          0.768243
               569               100            94.172          0.766962
               570               100           94.1822          0.765684
               571               100           94.1924          0.764411
               572               100           94.2025          0.763142
               573               100           94.2126          0.761877
               574               100           94.2227          0.760617
               575               100           94.2328           0.75936
               576               100           94.2428          0.758108
               577               100           94.2528           0.75686
               578               100           94.2627          0.755616
               579               100           94.2726          0.754376
               580               100           94.2825           0.75314
               581               100           94.2923          0.751908
               582               100           94.3021           0.75068
               583               100           94.3119          0.749456
               584               100           94.3216          0.748236
               585               100           94.3314           0.74702
               586               100            94.341          0.745807
               587               100           94.3507          0.744599
               588               100           94.3603          0.743395
               589               100           94.3698          0.742194
               590               100           94.3794          0.740998
               591               100           94.3889          0.739805
               592               100           94.3984          0.738616
               593               100           94.4078          0.737431
               594               100           94.4172           0.73625
               595               100           94.4266          0.735072
               596               100            94.436          0.733898
               597               100           94.4453          0.732728
               598               100           94.4546          0.731562
               599               100           94.4638          0.730399
               600               100           94.4731           0.72924
               601               100           94.4823          0.728084
               602               100           94.4914          0.726933
               603               100           94.5006          0.725784
               604               100           94.5097           0.72464
               605               100           94.5187          0.723499
               606               100           94.5278          0.722362
               607               100           94.5368          0.721228
               608               100           94.5458          0.720098
               609               100           94.5547          0.718971
               610               100           94.5637          0.717848
               611               100           94.5726          0.716728
               612               100           94.5814          0.715612
               613               100           94.5903          0.714499
               614               100           94.5991          0.713389
               615               100           94.6079          0.712284
               616               100           94.6166          0.711181
               617               100           94.6253          0.710082
               618               100            94.634          0.708986
               619               100           94.6427          0.707894
               620               100           94.6514          0.706805
               621               100             94.66          0.705719
               622               100           94.6686          0.704637
               623               100           94.6771          0.703558
               624               100           94.6856          0.702482
               625               100           94.6941          0.701409
               626               100           94.7026           0.70034
               627               100           94.7111          0.699274
               628               100           94.7195          0.698211
               629               100           94.7279          0.697152
               630               100           94.7363          0.696095
               631               100           94.7446          0.695042
               632               100           94.7529          0.693992
               633               100           94.7612          0.692945
               634               100           94.7695          0.691902
               635               100           94.7777          0.690861
               636               100           94.7859          0.689824
               637               100           94.7941          0.688789
               638               100           94.8023          0.687758
               639               100           94.8104           0.68673
               640               100           94.8185          0.685705
               641               100           94.8266          0.684682
               642               100           94.8346          0.683663
               643               100           94.8427          0.682647
               644               100           94.8507          0.681634
               645               100           94.8587          0.680624
               646               100           94.8666          0.679617
               647               100           94.8746          0.678613
               648               100           94.8825          0.677612
               649               100           94.8904          0.676614
               650               100           94.8982          0.675618
               651               100           94.9061          0.674626
               652               100           94.9139          0.673637
               653               100           94.9217           0.67265
               654               100           94.9294          0.671666
               655               100           94.9372          0.670685
               656               100           94.9449          0.669708
               657               100           94.9526          0.668732
               658               100           94.9602           0.66776
               659               100           94.9679          0.666791
               660               100           94.9755          0.665824
               661             84.64           94.9599             0.665
               662             84.64           94.9443          0.664178
               663               100           94.9519           0.66322
               664               100           94.9595          0.662265
               665               100           94.9671          0.661313
               666               100           94.9747          0.660363
               667               100           94.9822          0.659416
               668               100           94.9897          0.658471
               669               100           94.9972           0.65753
               670               100           95.0047          0.656591
               671               100           95.0121          0.655654
               672               100           95.0195          0.654721
               673               100           95.0269           0.65379
               674               100           95.0343          0.652861
               675               100           95.0417          0.651935
               676               100            95.049          0.651012
               677               100           95.0563          0.650092
               678               100           95.0636          0.649174
               679               100           95.0709          0.648259
               680               100           95.0781          0.647346
               681               100           95.0853          0.646435
               682               100           95.0926          0.645528
               683               100           95.0997          0.644623
               684               100           95.1069           0.64372
               685             92.16           95.1026          0.642795
               686               100           95.1097          0.641897
               687               100           95.1169          0.641002
               688               100            95.124           0.64011
               689               100            95.131           0.63922
               690               100           95.1381          0.638333
               691               100           95.1451          0.637448
               692               100           95.1521          0.636565
               693               100           95.1591          0.635685
               694               100           95.1661          0.634807
               695               100           95.1731          0.633932
               696               100             95.18          0.633059
               697               100           95.1869          0.632189
               698               100           95.1938           0.63132
               699               100           95.2007          0.630455
               700               100           95.2075          0.629591
               701               100           95.2144           0.62873
               702               100           95.2212          0.627872
               703               100            95.228          0.627015
               704               100           95.2348          0.626161
               705               100           95.2415           0.62531
               706               100           95.2483           0.62446
               707               100            95.255          0.623613
               708               100           95.2617          0.622768
               709               100           95.2684          0.621926
               710               100            95.275          0.621086
               711               100           95.2817          0.620248
               712             92.16           95.2773          0.619392
               713             92.16           95.2729          0.618539
               714               100           95.2796          0.617708
               715               100           95.2862          0.616879
               716               100           95.2927          0.616053
               717               100           95.2993          0.615228
               718               100           95.3058          0.614406
               719               100           95.3124          0.613587
               720               100           95.3189          0.612769
               721               100           95.3254          0.611953
               722               100           95.3319           0.61114
               723               100           95.3383          0.610329
               724               100           95.3448           0.60952
               725               100           95.3512          0.608713
               726               100           95.3576          0.607908
               727               100            95.364          0.607106
               728               100           95.3703          0.606305
               729               100           95.3767          0.605507
               730               100            95.383           0.60471
               731               100           95.3893          0.603916
               732               100           95.3956          0.603124
               733               100           95.4019          0.602334
               734               100           95.4082          0.601546
               735               100           95.4144           0.60076
               736               100           95.4207          0.599976
               737               100           95.4269          0.599194
               738               100           95.4331          0.598414
               739               100           95.4392          0.597636
               740               100           95.4454           0.59686
               741               100           95.4516          0.596086
               742               100           95.4577          0.595315
               743               100           95.4638          0.594545
               744               100           95.4699          0.593777
               745               100            95.476          0.593011
               746               100            95.482          0.592247
               747               100           95.4881          0.591485
               748               100           95.4941          0.590725
               749               100           95.5001          0.589967
               750               100           95.5061          0.589211
               751               100           95.5121          0.588457
               752               100           95.5181          0.587705
               753               100            95.524          0.586954
               754               100             95.53          0.586206
               755               100           95.5359          0.585459
               756               100           95.5418          0.584715
               757               100           95.5477          0.583972
               758               100           95.5536          0.583231
               759               100           95.5594          0.582492
               760               100           95.5653          0.581755
               761               100           95.5711           0.58102
               762               100           95.5769          0.580286
               763               100           95.5827          0.579555
               764               100           95.5885          0.578825
               765               100           95.5942          0.578097
               766             92.16           95.5898           0.57736
               767               100           95.5955          0.576636
               768               100           95.6013          0.575913
               769               100            95.607          0.575193
               770               100           95.6127          0.574474
               771               100           95.6184          0.573757
               772               100            95.624          0.573042
               773               100           95.6297          0.572329
               774               100           95.6353          0.571617
               775               100            95.641          0.570907
               776               100           95.6466          0.570199
               777               100           95.6522          0.569493
               778               100           95.6578          0.568788
               779               100           95.6634          0.568085
               780               100           95.6689          0.567384
               781               100           95.6745          0.566685
               782               100             95.68          0.565987
               783               100           95.6855          0.565291
               784               100            95.691          0.564597
               785               100           95.6965          0.563904
               786               100            95.702          0.563214
               787               100           95.7074          0.562524
               788               100           95.7129          0.561837
               789             92.16           95.7084          0.561143
               790             92.16           95.7039          0.560451
               791               100           95.7093          0.559768
               792               100           95.7147          0.559088
               793               100           95.7202          0.558409
               794               100           95.7255          0.557732
               795               100           95.7309          0.557056
               796               100           95.7363          0.556382
               797               100           95.7416           0.55571
               798               100            95.747          0.555039
               799               100           95.7523           0.55437
               800               100           95.7576          0.553702
               801               100           95.7629          0.553036
               802               100           95.7682          0.552372
               803               100           95.7734          0.551709
               804               100           95.7787          0.551048
               805               100            95.784          0.550388
               806               100           95.7892           0.54973
               807               100           95.7944          0.549074
               808               100           95.7996          0.548419
               809               100           95.8048          0.547766
               810               100             95.81          0.547114
               811               100           95.8151          0.546464
               812               100           95.8203          0.545815
               813               100           95.8254          0.545168
               814               100           95.8306          0.544522
               815               100           95.8357          0.543878
               816               100           95.8408          0.543236
               817               100           95.8459          0.542595
               818               100            95.851          0.541955
               819               100            95.856          0.541317
               820               100           95.8611           0.54068
               821               100           95.8661          0.540045
               822               100           95.8711          0.539412
               823               100           95.8762           0.53878
               824               100           95.8812          0.538149
               825               100           95.8862           0.53752
               826               100           95.8911          0.536892
               827               100           95.8961          0.536266
               828               100           95.9011          0.535641
               829               100            95.906          0.535018
               830               100           95.9109          0.534396
               831               100           95.9159          0.533776
               832               100           95.9208          0.533157
               833               100           95.9257          0.532539
               834               100           95.9306          0.531923
               835               100           95.9354          0.531308
               836               100           95.9403          0.530695
               837               100           95.9451          0.530083
               838               100             95.95          0.529473
               839               100           95.9548          0.528864
               840               100           95.9596          0.528256
               841               100           95.9644           0.52765
               842               100           95.9692          0.527045
               843               100            95.974          0.526441
               844               100           95.9788          0.525839
               845               100           95.9835          0.525238
               846               100           95.9883          0.524639
               847               100            95.993          0.524041
               848               100           95.9977          0.523444
               849               100           96.0024          0.522849
               850               100           96.0072          0.522255
               851               100           96.0118          0.521662
               852               100           96.0165          0.521071
               853               100           96.0212          0.520481
               854               100           96.0259          0.519893
               855               100           96.0305          0.519305
               856               100           96.0351          0.518719
               857               100           96.0398          0.518135
               858               100           96.0444          0.517551
               859               100            96.049          0.516969
               860               100           96.0536          0.516389
               861               100           96.0582          0.515809
               862               100           96.0627          0.515231
               863               100           96.0673          0.514654
               864               100           96.0719          0.514079
               865               100           96.0764          0.513504
               866               100           96.0809          0.512931
               867               100           96.0854           0.51236
               868               100             96.09          0.511789
               869               100           96.0945           0.51122
               870               100           96.0989          0.510652
               871               100           96.1034          0.510086
               872               100           96.1079           0.50952
               873               100           96.1123          0.508956
               874               100           96.1168          0.508393
               875               100           96.1212          0.507832
               876               100           96.1257          0.507271
               877               100           96.1301          0.506712
               878               100           96.1345          0.506154
               879               100           96.1389          0.505597
               880               100           96.1433          0.505042
               881               100           96.1477          0.504487
               882               100            96.152          0.503934
               883               100           96.1564          0.503383
               884               100           96.1607          0.502832
               885               100           96.1651          0.502282
               886               100           96.1694          0.501734
               887               100           96.1737          0.501187
               888               100            96.178          0.500641
               889               100           96.1823          0.500097
               890               100           96.1866          0.499553
               891               100           96.1909          0.499011
               892               100           96.1952           0.49847
               893               100           96.1994           0.49793
               894               100           96.2037          0.497391
               895               100           96.2079          0.496853
               896               100           96.2121          0.496317
               897               100           96.2164          0.495781
               898               100           96.2206          0.495247
               899               100           96.2248          0.494714
               900               100            96.229          0.494182
               901               100           96.2332          0.493651
               902               100           96.2373          0.493122
               903               100           96.2415          0.492593
               904               100           96.2457          0.492066
               905               100           96.2498           0.49154
               906               100            96.254          0.491015
               907               100           96.2581          0.490491
               908               100           96.2622          0.489968
               909               100           96.2663          0.489446
               910               100           96.2704          0.488925
               911               100           96.2745          0.488406
               912               100           96.2786          0.487887
               913               100           96.2827           0.48737
               914               100           96.2867          0.486854
               915               100           96.2908          0.486338
               916               100           96.2948          0.485824
               917               100           96.2989          0.485311
               918               100           96.3029          0.484799
               919               100           96.3069          0.484289
               920               100            96.311          0.483779
               921               100            96.315           0.48327
               922               100            96.319          0.482763
               923               100           96.3229          0.482256
               924               100           96.3269           0.48175
               925               100           96.3309          0.481246
               926               100           96.3349          0.480743
               927               100           96.3388           0.48024
               928               100           96.3428          0.479739
               929               100           96.3467          0.479239
               930               100           96.3506           0.47874
               931               100           96.3545          0.478241
               932               100           96.3585          0.477744
               933               100           96.3624          0.477248
               934               100           96.3663          0.476753
               935               100           96.3701          0.476259
               936               100            96.374          0.475766
               937               100           96.3779          0.475274
               938               100           96.3817          0.474783
               939               100           96.3856          0.474293
               940               100           96.3894          0.473804
               941               100           96.3933          0.473316
               942               100           96.3971          0.472829
               943               100           96.4009          0.472343
               944               100           96.4047          0.471858
               945               100           96.4086          0.471374
               946               100           96.4123          0.470891
               947               100           96.4161          0.470409
               948               100           96.4199          0.469928
               949               100           96.4237          0.469448
               950               100           96.4275          0.468969
               951               100           96.4312          0.468491
               952               100            96.435          0.468014
               953               100           96.4387          0.467538
               954               100           96.4424          0.467062
               955               100           96.4462          0.466588
               956               100           96.4499          0.466115
               957               100           96.4536          0.465643
               958               100           96.4573          0.465171
               959               100            96.461          0.464701
               960               100           96.4647          0.464231
               961               100           96.4683          0.463763
               962               100            96.472          0.463295
               963               100           96.4757          0.462829
               964               100           96.4793          0.462363
               965               100            96.483          0.461898
               966               100           96.4866          0.461435
               967               100           96.4903          0.460972
               968               100           96.4939           0.46051
               969               100           96.4975          0.460049
               970               100           96.5011          0.459589
               971               100           96.5047          0.459129
               972               100           96.5083          0.458671
               973               100           96.5119          0.458214
               974               100           96.5155          0.457757
               975               100           96.5191          0.457302
               976               100           96.5226          0.456847
               977               100           96.5262          0.456393
               978               100           96.5297          0.455941
               979               100           96.5333          0.455489
               980               100           96.5368          0.455038
               981               100           96.5403          0.454587
               982               100           96.5439          0.454138
               983               100           96.5474           0.45369
               984               100           96.5509          0.453242
               985               100           96.5544          0.452796
               986               100           96.5579           0.45235
               987               100           96.5614          0.451905
               988               100           96.5649          0.451461
               989               100           96.5683          0.451018
               990               100           96.5718          0.450576
               991               100           96.5753          0.450134
               992               100           96.5787          0.449694
               993               100           96.5822          0.449254
               994               100           96.5856          0.448815
               995               100            96.589          0.448377
               996               100           96.5924           0.44794
               997               100           96.5959          0.447504
               998               100           96.5993          0.447069
               999               100           96.6027          0.446634
              1000               100           96.6061            0.4462
