       0              0              0
-0.10458      -0.585426      -0.803953
0.302691      -0.510191       0.106251
0.454777       -1.38228      -0.358855
0.301885      -0.812135       -1.16604
0.296285      -0.539261       -0.20401
-0.121362       -1.18813      -0.840048
0.622186       -1.50973      -0.253785
-0.242828       -1.02392      -0.379235
-0.897034       -1.76682      -0.521052
0.0880979       -1.93604      -0.491395
0.805238       -2.30663      0.0988385
0.840217       -2.37995        1.09553
 1.02699       -3.02912        1.83289
0.313321       -2.33185        1.89999
-0.418844       -1.91299         2.4371
-0.949799       -2.21201        3.22998
-1.89207        -2.1445        3.55794
-2.74121       -2.15467        3.02987
-2.08392        -1.4394        2.79246
-1.37601      -0.826632        3.14369
-1.36249       -1.82552        3.09847
-1.68879       -2.77074        3.10733
-1.23047       -1.95232        2.76073
-1.83312       -2.74073        2.63731
-2.61639       -2.19887        2.33255
-2.30859       -3.14875         2.3873
-1.74822       -3.00508        1.57162
-1.32691       -3.45469        2.35924
-2.31941       -3.55157         2.4338
-2.33138       -2.76273        3.04827
-2.33452       -2.00614        3.70216
-1.68574       -1.89781        4.45539
-1.89295       -1.72141        5.41765
-2.26389       -2.25082        4.65468
-1.90017       -1.98449        3.76206
-2.27531        -2.5924        3.06227
-2.09949       -2.58281         2.0779
-1.82811       -2.13211        1.22747
-0.876048       -2.37852        1.40872
-1.56647       -2.38724       0.685365
 -1.5264       -1.82306        1.51004
 -1.0754       -2.44344        2.15171
-1.39795       -3.26226        2.62657
-2.33205       -2.99134        2.85905
-1.80667       -2.90671        3.70569
-1.00004       -3.05604        4.27758
-0.232922       -2.41658        4.32878
-0.906491       -3.08349        4.01013
-0.550755       -3.67512        3.28664
-1.52005       -3.85647        3.12057
-2.39207       -3.46149        3.40963
-2.85173       -3.01025        2.64471
-2.63714       -2.47373        1.82856
-1.70642       -2.69522        1.53754
-2.66336       -2.41041        1.59358
-2.00977       -2.34869        2.34791
-2.40451        -3.0811        2.90267
-2.38781       -4.05019        3.14882
-2.11322       -4.13091        2.19065
-2.39581       -3.92361        3.12722
-1.94017       -3.35965         2.4385
-1.43837       -3.53283        1.59102
-1.32554       -3.13792       0.679261
-0.782345        -3.2236      -0.155965
 0.19471       -3.42773      -0.216767
0.984463       -2.83031     -0.0775343
 1.30575       -3.65079       0.395315
 1.50814       -3.49806        1.36264
 1.76728       -3.40122       0.401666
 2.43949       -3.41444       -0.33858
 2.91741       -2.60866      0.0111379
 2.52897       -1.69184       0.103587
 2.58809      -0.696563      0.0266083
  1.8582       -1.17147       0.518272
 1.93993        -1.5515        1.43963
 2.39143      -0.659518        1.41703
 3.01154      -0.276634       0.732288
  3.2163       0.638472       0.384937
 2.57439        1.13119      -0.202582
 2.95153       0.253342      0.0926142
 2.42031       -0.54972       0.362614
 2.05855       -1.15783        1.06925
  1.6845      -0.401738        1.60629
  2.1005       -1.26398        1.89524
 2.54778       -1.92053         2.5026
 3.29794       -1.65512        3.10825
 3.72233       -1.78467        4.00442
 3.71379      -0.814852        3.76073
 4.54774      -0.648915        3.23444
 3.72228       -1.21269        3.26235
 3.44024       -0.33363        2.87803
 3.40522      -0.899574        3.70173
 2.40816      -0.934593        3.76985
 2.51522       0.017151        3.48224
 1.90147      -0.569673        4.01038
 1.68456      -0.335074         3.0628
 2.12785       -1.22131        3.19725
 2.96543      -0.904276        2.75233
 3.50337       -1.68203        3.07746
 3.66945       -1.95949        4.02374
 3.20097       -2.68951        3.52615
 3.39226       -3.64561        3.74817
 3.91899       -2.87183        4.10006
 3.86988       -3.68331        4.68237
 4.83891       -3.77226        4.45199
 5.18864       -3.20916        5.20073
 4.78052        -3.1848        4.28813
 4.54341        -2.7404          5.152
 4.01753        -2.7085        4.30204
 3.89744       -1.81661        4.73805
  4.8795       -1.92968        4.58711
 5.40813       -2.22011        5.38473
 6.31232       -2.21204        4.95769
 6.29854       -2.94173        4.27405
 5.96386       -2.00678        4.15629
 5.40832       -1.71069         3.3793
 4.83712       -1.28154        2.67962
 4.80146       -2.11216        3.23532
 5.23254        -2.6269        3.97641
 5.50693        -3.4899        3.55223
 6.27407        -3.5527        4.19063
 6.44773       -2.63979        4.55999
 6.09871       -1.74002         4.2981
 6.33887      -0.883128        3.84195
 5.95916       -1.41891        4.59611
 5.21976      -0.857424        4.96764
 4.27701      -0.621667        5.20351
 3.41893       -1.11999        5.07956
  3.8086      -0.213805         5.2438
 3.64928       -1.16674        4.98585
 4.07005       -1.77179        5.66177
 4.99154       -2.13677        5.79461
 5.30843       -1.20011        5.94376
 4.40914        -1.5967        6.12813
  3.9404      -0.858461        6.61319
 3.58756      0.0594832        6.43186
 3.48804      -0.462739        5.58487
  4.1854      -0.791395        4.94795
 4.58822      -0.126124        4.31934
  4.2261       0.164228        3.43358
 4.40791       0.680759        2.59684
 5.33137       0.838696        2.94654
 5.26985         1.0157        1.96426
 5.00219        1.92131        2.29325
 5.95165        1.63253        2.41628
 5.98117        2.53483        1.98619
 6.48916         2.2191         2.7876
 5.97153        2.57341         2.0088
 5.19804        3.07527        1.62169
 5.67253        3.93997         1.4569
 4.92088        3.28578        1.37285
  4.0532        3.39134        1.85864
  3.7612        4.28267        2.20542
 3.53652         3.3428        2.46264
 3.73045        2.87033         1.6029
 3.25537        3.75017        1.58982
 4.08071         3.9178        1.05065
 4.57752         4.2088        0.23303
 5.42301        4.40127        0.73113
 6.37932        4.46763       0.446409
 6.68858        4.07844      -0.421284
 5.86891         4.5936      -0.671793
 6.19869        5.52202      -0.500634
 5.20538        5.40888      -0.524004
  6.0599          5.864      -0.774351
 6.89042        6.35501      -0.511429
 7.18339        6.97837       -1.23641
 7.41452        7.03474      -0.265117
 7.09912        6.35552       0.397595
  6.5932        5.86767      -0.313769
 6.09101         5.1476       0.165084
 5.38515        5.04553       0.866046
  6.0755        4.54619       0.342522
 5.94554        3.57945       0.562791
 6.58131        4.34939       0.508141
 7.33827         5.0015       0.550125
 7.68672        5.22701        1.45992
 6.80152         4.7626        1.48722
 5.85749        4.65324        1.17602
 6.12642        5.10371        2.02735
 7.02046        4.95989        2.45163
  7.6229        4.16184        2.43885
 8.06025        3.76079        1.63394
 8.44605        4.05029       0.757954
 8.92035        3.18069        0.89516
 9.78494        3.45904        1.31352
 9.62004        3.55757       0.332139
 10.1513          4.243       0.830103
 9.89605        4.19722         1.7959
 9.61968        3.62214         2.5659
 9.36678        3.87922        1.63319
 10.3242         4.0918        1.43783
 9.52834        4.44592       0.946683
 9.16592        4.17324        1.83791
 8.37864        3.71046        2.24538
 7.73318        4.46646        2.13659
 8.09929        4.83296        2.99196
 7.64518        4.78349        3.88153
 8.49509        4.37471        3.54903
 8.75937        3.50066        3.14135
 8.45582        2.83512        2.45951
 8.54701        1.88373        2.16533
 8.59887        2.74164        1.65415
 7.86791        2.28457        2.16089
 8.20393        1.34303        2.18537
 8.88937        1.96974        2.55606
 8.86914        1.72895        3.52643
 9.29741        1.99609        2.66316
 8.56413        2.20751        2.01694
 9.00975        2.01547        2.89132
 8.56461         1.4242        3.56382
 8.47355        1.22278        4.53909
 9.04634       0.667944         3.9357
 9.35485        1.55987        3.60512
 10.1503        1.89251        3.09852
 9.24948        1.55923        3.37687
 9.51527        1.26309        4.29428
 9.23479        2.22202        4.33663
 9.62799        3.05057        3.93802
 10.5134        3.00536        3.47542
 11.1842        2.92217        4.21235
 11.5658        3.84382        4.14207
 12.2395        4.27096         4.7452
 11.2441        4.20355        4.81387
 11.3806        4.21463        3.82329
 10.7681        4.09744        3.04158
  11.369        4.36971        2.29012
 12.0503        5.02027        1.95441
 11.1582        5.08393        1.50702
 11.1484        4.54195       0.666685
 11.8486        3.86254       0.886166
 12.0977        4.21635        1.78771
 12.3832        5.15411        1.98533
 11.7437        4.42515        2.22941
 12.1004        4.58609        3.14966
 11.9198        3.73026        3.63439
 12.6985        3.10556        3.69357
 13.5792        3.48603        3.41161
 12.9393        3.83601        4.09569
 12.7058        2.86922        3.99171
 13.4337        2.89344        4.67697
 12.6558        2.27382        4.57246
 12.7917        1.38172        5.00337
 12.0913        1.65564        5.66246
 12.1902        2.62405        5.89135
 11.3236        2.59599        5.39305
 11.1764        3.41275        5.95094
 10.3356        3.84322        5.62268
 11.3194        3.68973        5.71611
 11.0551        4.51188        6.22031
  11.317        3.86358        6.93521
 11.5286        3.14172        6.27632
 11.7777         4.1081        6.21251
 11.1004        3.40755        6.43727
 11.1137         2.9442        5.55119
 11.0838        2.00528        5.20835
 10.3678         2.4641        4.68214
  10.374        2.59407        5.67364
 9.99775        2.24549        4.81518
 10.4822        2.13535        5.68305
  11.427        2.38132        5.89955
 11.8354        2.78153        5.07918
 12.4055        3.19616        4.36992
 12.2628        2.20898        4.44135
 12.6192        2.15733        3.50845
 12.3471        1.21707        3.71307
 12.8926        1.47191        4.51152
 12.6141        1.97418        5.33015
 12.4021        1.24757        5.98367
 12.1211       0.296548        5.85482
 11.9432      -0.679168        5.72695
  12.892      -0.826595        5.44734
 12.0826       -1.31694        5.77061
 12.3256       -2.11328        5.21673
 11.6636       -2.86267        5.22581
 12.1879       -3.71009        5.30905
 11.9364       -4.03735        6.21989
 10.9433       -3.95733        6.13384
 11.4427       -4.51993        6.79273
  12.282        -4.0385        6.54024
 11.8207       -3.20406        6.23869
 12.6057       -3.81752        6.32568
 12.2224       -3.16132        5.67569
 12.7503       -3.78107        6.25636
  11.967       -4.01361        5.67982
 12.7348       -4.50093         5.2638
 12.7965       -5.29703        4.66179
   13.66       -5.45113        5.14203
 14.1017       -5.95113        5.88694
 14.3274        -5.4678        5.04111
 14.6677       -4.63338        5.47466
 14.6643       -5.31508        4.74302
 14.5544        -4.6461        4.00792
  14.399       -5.44184        3.42256
 14.0797       -6.35987        3.65767
 14.9085       -6.08546        3.17006
 15.7885       -5.61054        3.17928
 15.2649       -5.94626        3.96234
 14.4647        -5.4151        3.68378
 14.1115       -6.34694        3.76667
 13.3799       -6.99706        3.97204
 14.2627       -6.58653        4.20032
 15.1514        -6.6351        4.65621
 14.3549       -7.21717        4.81954
 13.8346        -6.8007        4.07395
 14.6955       -7.07956        4.49952
 15.6069       -6.88906         4.1347
 16.3034       -6.33226        4.58738
 16.4307         -6.504        5.56427
 16.3065       -5.51176        5.55783
 15.8209       -5.01365        4.83945
 15.5272       -4.17267         5.2939
 14.6977       -4.46102        4.81566
 13.8976       -4.98305        4.52016
 13.7358       -4.02304        4.74868
 14.2124       -3.14421        4.77214
 14.5966       -3.66757        5.53271
 14.6681       -3.23643        6.43215
 14.4123       -4.05462        5.91724
 13.9284       -3.21791        5.66078
 13.8462       -2.32979        5.20859
 13.8528       -1.73623        6.01335
 13.7993      -0.787694        5.70124
 13.4242       -1.68394        5.93807
 13.1996       -2.65442         5.8503
 13.4228       -2.50803        4.88658
 12.5354        -2.7228        4.47859
 12.9989       -2.99845        3.63647
  12.003       -3.07132        3.68863
 11.0466       -3.06655        3.98066
 10.7485       -2.83651        4.90706
 11.6079       -3.15122         5.3099
 11.3439       -3.36081        6.25136
 11.4894       -2.37429         6.3261
 10.6737       -2.49277        5.75994
 10.7031       -2.74793        6.72639
 11.5189       -3.15396        7.13821
 10.9258       -3.44581        6.38781
 11.4437       -2.77975        6.92467
 11.3901       -3.19731        7.83173
 12.0806       -3.87969        7.59172
 12.7002       -4.29371        6.92493
 13.2431       -4.10149        7.74245
  13.084       -3.90763         6.7744
 13.6976       -3.70197        6.01205
 13.8786       -4.61072        5.63598
 13.4178       -3.98603        5.00555
 13.7273       -3.48338        4.19835
 14.6651       -3.21103        4.41346
  15.483       -3.64668         4.0376
 15.6428        -2.6626        4.11542
 15.1091       -1.99303        3.59879
 15.5515       -2.62978        2.96725
  14.841       -2.00854        2.63677
 14.8704       -2.02901        1.63741
 14.3301       -2.05787       0.796442
 14.6212       -3.01148       0.719941
 13.9637       -3.19859    -0.00986132
 13.0043       -3.24846       0.267896
 13.1614       -2.29316      0.0174631
 12.9882       -1.71664       0.815985
 13.4033      -0.891825        1.19989
 14.1147       -1.17338       0.555959
 13.5657       -1.91519       0.170818
 12.6929       -2.16148       0.592044
  13.498       -2.66115       0.272636
 13.9786       -1.80226      0.0956584
 13.7344       -1.45506      -0.809774
 12.7591       -1.24084      -0.755712
 11.8355       -1.58089      -0.932597
 11.3782       -0.72526       -1.17494
 10.8383    -0.00210905      -0.744084
 10.4425       -0.84928       -1.09848
 10.0818       -0.53584      -0.220045
 10.5128       -1.04596      -0.964371
 10.0908       -1.48135      -0.169125
  10.638       -2.17685      -0.634835
 10.1165       -1.91343       -1.44638
  9.6245       -2.48569      -0.790284
 10.6057       -2.29477      -0.762143
 11.2582       -1.57454      -0.997748
 12.0293       -2.09299      -0.628149
 11.9282       -2.03197       0.364851
 12.3313       -2.20772      -0.533242
 11.6853       -1.83716       -1.20052
 11.1109       -2.53684       -1.62539
 10.6045       -1.73487       -1.30844
 10.9683        -1.3444      -0.462758
 10.7172      -0.449174     -0.0946721
 11.4205       -1.11218      -0.350912
 11.4094      -0.137416      -0.573874
 11.1198        0.24486       -1.45139
 11.4228       0.362653       -2.39709
 11.0147       0.915402        -3.1237
 10.0767        1.12663       -3.39858
 10.5123       0.333933       -2.97206
 11.4647      0.0317537       -2.93124
 10.9838      -0.749352       -2.53299
 10.2086      -0.552995       -1.93256
 9.75203      -0.997111       -1.16163
 10.7311      -0.853116        -1.0176
 11.5895      -0.864181      -0.504843
 10.6936      -0.420747       -0.53139
 10.8834       0.196521       0.232135
 10.5152        1.06743         0.5577
 10.9016        1.56701        1.33304
 11.8269        1.20922        1.20724
 11.6882       0.843868        2.12771
 12.6272       0.600259        2.37039
  12.573        1.48651        1.91037
 12.5169        2.28541        1.31152
 11.6304        2.19965       0.856758
 11.5702        1.76935     -0.0439132
 10.7075        1.72121       0.459639
 10.2552        1.06421        1.06277
 10.3893       0.654409        1.96503
 11.3096        1.03608        2.05027
 11.2881       0.648032        2.97166
  11.951       0.604956        3.71916
 12.3862      -0.293569        3.66171
 12.6488       0.440465        3.03544
 12.1623      -0.417211        2.86915
   11.52     -0.0372752        2.20343
 12.3802     -0.0500147        1.69362
 13.0359       0.550505        2.15133
 12.6613      -0.375832        2.11157
 12.1493       0.377158        1.69817
 11.3361       0.299758        2.27495
 11.1386        1.11998        2.81184
 10.2075        1.39458        2.57202
 10.3363        2.32028        2.21641
 9.48655        2.19647        2.72878
 9.85268         1.3066        2.45661
 8.87189        1.15251        2.57625
  8.0349       0.700755        2.88507
 8.98496       0.739368        3.19475
 8.06073       0.361103        3.24674
   8.616       0.644779        2.46495
 7.91619     -0.0662731        2.39664
 8.52161        -0.2673        1.62653
  9.0018       0.428213        1.09205
 8.25133       0.487362       0.433807
 7.89704       0.291386        1.34818
 8.20851        1.09712       0.844421
 8.89476        1.46352        1.47276
 9.38745        1.01817        2.22037
 10.3481        1.02222        2.49811
 9.56802       0.972784        3.12183
 9.08459         1.5381         3.7902
   9.571        2.39818        3.94405
 10.0262        2.49728        4.82892
 10.6621        1.80472        5.16954
 11.0074        2.12965        6.04996
  11.173        2.13031        5.06376
 10.4058        2.75515        5.20882
 9.45831        2.58408        4.93876
   10.35        3.02367        5.04693
 10.4441        3.85473        4.49877
 10.8691        3.17842        3.89712
 11.0228        2.19031        3.89317
 10.8694        1.33255        4.38378
 11.3391       0.557911        3.96034
  11.153       -0.36966        3.63634
 10.8294      0.0742248        2.80072
 11.0234       0.775253        2.11449
 11.4174        1.12024        2.96642
 10.4385       0.984783        3.11989
  10.185        1.16297        2.16912
 10.9923        1.74298        2.06031
 11.9263        1.94113        2.35753
 12.7744        1.55109        2.71609
 12.5112       0.586631        2.69311
 11.8664        1.29226        2.39924
 12.7253         1.1764        1.90027
 13.3744        0.41881        1.96863
 13.3593       0.661179        0.99856
 12.6414       0.196859        0.47984
 13.1087      -0.228811        1.25474
  14.049      0.0629502        1.07957
  14.236     -0.0409398        2.05642
 14.9671       0.510959        2.45744
 14.8255      -0.450299        2.69394
 13.8506      -0.263238        2.81391
 13.7932       -1.17183        2.40018
 14.0141      -0.279777        2.79446
 14.0328       -1.25888        2.99697
 13.2651       -1.59182         3.5445
 13.6844       -2.20682         4.2123
 14.4471       -2.82344        4.40743
 14.3478       -2.68922        5.39339
 13.4436       -2.80658        4.98274
 13.4217       -2.55071         5.9492
 12.5979       -2.00945         5.7807
 12.3647       -2.11085        4.81359
 12.4927       -1.52396         4.0141
 12.8432       -1.50623         4.9505
  13.097      -0.572159        5.20164
 12.2659      -0.102479         5.4992
 11.4531       0.479654        5.47782
  12.017      -0.214341        5.92537
 12.1531     -0.0536756        6.90296
 12.4726      -0.480505        7.74897
 11.6177      -0.741241        8.19752
 11.8387        -1.4842        8.82931
 11.7661       -1.48684        9.82667
 12.2087       -1.58161        10.7184
 11.2365       -1.39047        10.5835
 11.7402       -2.17946        10.9353
 12.2919       -2.83684        11.4486
 11.3616       -2.52433        11.2563
 11.0613       -1.57291        11.1886
 11.5794      -0.736483        11.3673
 10.6119      -0.664361        11.1249
 9.88694       -1.34183        11.2493
 9.74388       -1.58862        12.2078
  9.7855       -2.54431        12.4992
 8.84739       -2.77478        12.2406
 8.29936       -1.94566        12.3513
 9.21519       -1.60575        12.5651
 9.11891       -2.37127        11.9289
 8.33994       -2.36835         12.556
 8.57694       -1.74682        11.8093
 8.78016      -0.994097        12.4355
 8.72338      -0.300408        11.7175
 8.67147       0.638094        12.0588
 8.62501      0.0237568        12.8465
 9.10637       0.776685        13.2952
 9.00276     -0.0431467        12.7321
 8.63164       0.219138        11.8413
 7.83491      -0.236605        12.2382
 8.30952     0.00438056        11.3916
 9.10143       0.493469        11.7573
 8.54008       0.184121        12.5248
  9.1031      -0.589971        12.8143
  8.6548       0.182382        12.3643
 8.16849      -0.624932          12.03
 8.22181      -0.864125        11.0605
 8.23483      -0.479567        10.1375
 8.16756      -0.494585        9.13988
 8.22055       -1.28078        8.52417
 8.56349      -0.393652        8.83303
 7.58753      -0.359661        9.04829
 8.48738      -0.165953        8.65747
 9.08332        0.45257        8.14534
 9.67661      -0.313571        8.39239
 10.3178      -0.238414        7.62867
  9.4852       0.201113        7.96577
 9.46005        1.04005        8.50941
 10.0292        1.02883        9.33155
  10.836       0.982163         9.9205
 11.5702       0.816917        9.26188
 11.2908     -0.0572219        9.65917
 11.7871      -0.620917        10.3195
 11.2178        -1.1605        10.9398
 10.4154      -0.568958        11.0192
 10.5835       0.328205        11.4277
 10.6649       0.861746        10.5858
 9.76279        1.28745        10.6559
 9.84414       0.343037        10.9745
 9.59156        1.00215        11.6829
 9.29395        1.14564         10.739
  8.5665       0.786602        10.1543
 9.13756       0.479812        10.9157
 9.37415       0.427652        11.8859
 8.89039      -0.396857        12.1794
 9.34985       -1.12489        11.6707
 8.96237      -0.235504        11.4281
 9.70776      -0.305006        10.7651
 8.84878      -0.730935        11.0492
 9.50933       -1.48102        11.0813
  10.028      -0.748043        11.5215
 10.5029       -1.41588        10.9483
 9.79501       -2.09746        11.1338
 9.54355       -1.13599        11.2449
 9.21517       -1.84204        11.8723
  8.3091       -1.50838        11.6121
 8.83641       -1.97729        10.9035
 9.08028       -1.69351        11.8309
 8.09308       -1.84133        11.7711
 8.08827       -1.11148        11.0875
 7.85424       -2.01288        11.4518
 7.63797       -1.98468        12.4277
 8.04516        -1.6369        13.2722
 7.39424      -0.893066        13.4239
 6.64916       -1.36425        12.9519
 6.21601       -2.19417        13.3035
 6.44067       -1.50612        13.9935
 6.63784       -2.24525        14.6375
 7.26539       -1.94897        13.9175
 7.55922       -2.50469        14.6952
 8.17916       -1.78652        15.0113
 8.47464        -2.3943        14.2742
 9.37604       -2.75609        14.5121
 9.77734       -2.77118        15.4279
 10.2681       -2.12385        14.8447
 11.1429       -2.45249        14.4887
 11.7883       -1.81287        14.9063
  11.273       -2.42338        15.5077
  11.692       -1.60695        15.1104
 11.7646       -2.45543        14.5862
 11.6269       -3.43398        14.7393
 11.3753       -3.00358        15.6062
 11.6178       -2.92522        16.5732
 11.4444       -3.89275        16.3893
 10.5033       -3.61828         16.587
 10.3234         -3.367        17.5381
 10.2134        -3.6135        18.5009
 10.6611       -3.76183        19.3827
 10.2638       -2.85019        19.4879
  10.352       -3.10928        20.4497
 10.6056       -3.94686        19.9658
 10.2406       -4.25329         20.845
 11.0876       -4.67604        20.5227
 10.3754       -4.24581         19.968
 10.1527       -3.38325        19.5138
 10.0219       -2.39689        19.6137
 11.0192       -2.42368        19.6826
 10.4657       -2.43169        20.5154
 10.5097       -3.25611        19.9511
 10.0046       -2.78164        19.2302
 9.77173       -3.06257        18.2992
 10.3084       -3.68106        18.8731
 11.0069        -4.1904        18.3704
 11.3198       -4.54023        17.4874
 11.8157       -4.33241        16.6442
 10.9915       -3.83357        16.3763
 10.1474       -4.36367        16.4573
 10.5816        -4.4595         17.353
 10.7681       -4.81869        16.4386
 11.6444       -4.34653         16.343
 11.6623       -3.68157        17.0897
 12.5439       -4.06925        17.3589
 11.6367       -3.65578        17.4365
 11.2991       -2.82994        16.9848
 11.4644       -3.78811        16.7513
 12.2595        -3.3446        16.3376
 12.0844       -2.37022        16.4787
 12.4321       -3.29867        16.6094
 12.8743       -3.77008        15.8463
 12.4868       -4.53917        16.3546
  12.936       -3.85434        16.9283
 12.7693       -3.88347        17.9139
  12.481       -4.39948        17.1073
  12.264       -5.35334        17.3148
  11.547        -4.9856        16.7227
 12.3042       -5.08125        16.0766
 13.2345       -5.08013        16.4436
 13.1909       -4.66818        15.5334
 13.0131       -5.41264        14.8898
  13.283       -5.95857         15.683
 13.5896       -5.09599        15.2806
 14.0034       -4.21886        15.0369
 13.6018       -4.73719        15.7919
 13.5009       -4.60386        16.7778
 13.1845       -3.74813        17.1872
 13.0031       -2.78012        17.0139
 12.7886        -2.5474        16.0653
  12.927       -2.23666        17.0056
 13.9044        -2.0633        16.8847
 14.4259       -2.50567        16.1551
 15.2512       -2.88434        15.7361
 14.3137       -2.98265        15.4024
  15.256       -2.92395        15.0729
 14.2779        -2.7209        15.1195
 13.3549       -2.92097         14.791
 13.6776       -3.78944        14.4147
 12.9296       -3.12594        14.3981
 11.9379       -3.11894         14.527
 11.0427        -3.0806        14.0831
 10.7237        -2.3334        14.6662
 10.2812        -1.4507        14.8241
   9.912      -0.744469          14.22
 9.50258      -0.461391        13.3527
 9.54349      -0.437285        14.3515
 9.64662       0.157174         15.149
 9.06686       -0.38687        14.5425
   8.473    -0.00897879        13.8322
 8.68763       0.770121        14.4212
 8.41961     -0.0660041        13.9426
  7.9707       0.569086        14.5712
 8.06868       -0.37062        14.8988
 8.64042       -1.04187        14.4271
 9.59966      -0.819168        14.2531
 9.38883       -1.78201        14.0844
 10.3012       -2.18691        14.0243
 9.69166       -2.80043        14.5263
  10.336       -3.56449        14.5585
 9.72002       -2.93759        14.0814
 9.40415       -2.32667        13.3555
 9.48607       -3.30923        13.1885
 9.88672       -3.33832        14.1043
 9.36672       -2.91256        13.3638
 8.42375        -3.1615        13.1428
 8.52633       -3.31719        14.1253
 9.31609       -2.82566        14.4923
 10.3003       -2.99053         14.557
 9.56069       -2.33396        14.4089
 10.2653       -3.04123        14.3513
 9.70697       -3.47188        13.6422
 9.58389        -3.9788        14.4954
 9.22627       -3.39867        15.2272
 8.55252       -3.00227        14.6036
 8.55567       -3.27373         15.566
 8.52941       -2.27483        15.6047
 8.57069        -1.3403        15.2512
 8.07447       -1.59824        16.0802
 8.09514       -2.58399        16.2471
 8.05991        -2.9101        15.3024
 8.43301       -3.12802        16.2042
 8.27678       -4.11219        16.1205
 7.60153       -4.33088        16.8249
 8.15505       -4.28193        15.9935
 8.60876       -3.49165        16.4054
 8.94271       -4.42625        16.5278
 9.55856       -3.66629        16.7357
 10.0667       -4.12024        17.4676
 9.96829       -3.13025        17.5688
 9.57821       -3.76224        18.2385
  8.6847       -3.41174        17.9578
 8.51419       -3.68478        18.9046
 8.38759       -2.74902        18.5755
 7.94828       -2.86665        19.4661
  8.8956       -2.56001        19.5586
  8.1223       -1.96208        19.7695
 8.64604        -2.7142        20.1695
  9.5719       -2.76616        19.7952
 9.49647       -3.76279        19.8273
 9.82097       -4.66223        20.1201
 9.93629       -4.43818        21.0878
  10.253       -5.15555        20.4673
 9.43393       -5.33677         19.923
 8.59286       -4.81815        19.7692
 7.98909       -4.45597        20.4794
 7.32168        -4.1722        19.7909
 7.01176       -3.76005        20.6477
 7.92226       -4.13076        20.8308
  8.0265       -4.82466        20.1183
 8.82344       -4.78712        20.7212
 9.22595       -5.57279         21.191
 9.87783       -5.69632        21.9392
 9.65249       -6.47928        21.3594
 10.5866       -6.33649        21.6867
 10.0252       -7.11329         21.972
 10.5988       -6.56413        21.3642
 11.1407       -6.57827        20.5239
 11.0818       -7.52106        20.1958
 11.5547       -6.94651        19.5277
 10.8224       -6.91811        18.8473
 9.98397       -7.45462        18.9433
 9.90578       -8.03954         18.136
 10.7364       -8.57839        18.2762
 11.4911       -8.13556        18.7603
 12.1702       -8.86851        18.7205
 12.6964       -8.05429         18.475
 12.1156       -8.86476        18.3983
 13.0792       -8.98436        18.6376
 13.2727       -9.92931        18.9015
 13.6994       -10.0697        19.7949
 14.2344       -10.8786        19.5512
 13.7128       -11.7086        19.7488
 13.8555       -12.6958        19.6774
  14.434       -13.2911        20.2351
   14.61       -13.6769        21.1407
 13.7482       -13.8754         20.674
 13.5183       -14.8046        20.9634
 14.1069       -15.4549        20.4833
 14.4307       -14.6792        19.9417
 15.1847       -14.8424        19.3054
 15.3543       -14.0494        18.7202
 14.7379       -13.2933          18.94
 15.1444       -14.0443        19.4603
 14.3131       -13.6329        19.8342
 13.8671        -14.447        20.2061
 14.0312        -13.674        19.5933
 14.2633       -14.5075        19.0919
 14.3326       -13.6426        19.5891
 14.8217       -13.6605        20.4611
 15.4815       -13.1055        20.9677
 14.8817        -12.389        21.3239
 14.6452       -11.7734        20.5722
 14.9652       -12.4481        21.2374
 13.9688       -12.5279        21.2667
 14.0118       -11.9028        20.4874
 13.9747       -12.8816        20.6887
  14.864        -12.438        20.8003
 14.4008       -11.5746        21.0003
 13.6511       -11.0138        21.3518
 13.8023       -11.4944        20.4879
 14.1955       -10.7528        21.0315
 14.0971       -9.91984         20.487
 13.2675        -9.4049         20.703
 12.9488       -10.1915        21.2319
 13.8131        -9.8153        21.5658
 13.0818       -9.44131        22.1363
  12.643       -8.59263        22.4315
 13.3427       -8.32538         21.769
  14.009       -7.58021        21.7976
 14.0099       -7.23673        20.8584
 14.9396       -6.95483        21.0957
 14.0416       -7.00298        21.5332
 13.4557       -7.60094        20.9862
 13.9917       -6.77526        20.8102
 14.9605       -6.54646        20.9052
 14.1816       -6.75582        21.4963
 14.0908       -7.54265        20.8858
  13.863       -6.76234        21.4683
 13.5849         -7.651        21.1036
  12.731       -7.60813        20.5851
 12.1637       -8.39918        20.8141
 11.6798       -9.17022        21.2281
 11.6021       -8.17597        21.3018
 11.1852       -8.42399        20.4274
 11.9665       -7.80305        20.3638
 11.9952       -8.67442        20.8536
 12.2635       -8.37311        19.9386
 12.5952       -8.03358        20.8188
 11.7986       -8.57181        20.5436
 12.3277       -7.73018         20.652
 12.9402       -8.39067        20.2178
 13.8989       -8.44071        20.4979
 13.1483       -7.78022        20.5175
 14.0262       -7.34588        20.7192
 13.1806       -7.73572         21.084
 14.0176       -7.19862        21.1884
 14.2522       -8.08539        20.7901
 13.9856       -8.74331        21.4944
 13.7879       -8.42531        20.5671
 13.6466        -7.6871        19.9075
 12.9918       -7.78872        19.1585
 12.1751       -8.10856        18.6782
 12.3043       -8.36766        19.6354
 11.9931       -7.42489         19.755
 12.7528       -6.81601        19.5267
 12.1005       -7.04473         18.804
 12.6142       -6.22366        19.0529
 12.6989       -7.19413        19.2788
 12.7135       -6.93076        20.2434
 13.4505        -7.5196        19.9117
 13.6091       -8.47864        20.1465
 14.3602       -8.80924        19.5751
 14.4597       -9.19127        20.4938
 15.1741       -9.87696        20.3544
 15.0387       -9.72661        21.3337
 15.7326       -9.08559        21.0057
 14.9874       -9.74868        20.9353
 14.4195       -9.26551        20.2689
 15.0441       -8.48454        20.2661
  15.555       -9.34253        20.3191
  16.126       -10.0548        20.7274
 17.0192       -10.1447        21.1678
 17.8912       -10.5988        20.9849
 17.1945       -11.1549        20.5318
  16.455       -11.0641        19.8649
 15.5527       -11.4857        19.9547
 16.0127       -11.3339        19.0798
  16.155       -10.4307        18.6747
 16.4716       -10.7221         17.772
 16.9398       -11.0016        16.9338
 16.9827       -10.7046        15.9799
 16.7426       -10.9385         16.922
  17.105       -10.0077        16.9701
 17.7713       -9.57178        17.5751
 17.4323       -9.24593        16.6926
  18.057       -8.66193         17.211
  17.167       -8.79316        16.7743
 17.7466       -9.30764        17.4063
 17.0957       -8.88824        18.0391
 16.9491       -9.60553        18.7203
 17.6646       -10.2744        18.9219
 16.7002       -10.5383        18.9386
 16.1999       -9.71749        19.2141
 15.7495        -9.3073        20.0071
 15.3877       -9.88229        19.2733
 16.3121       -10.1969        19.4886
 15.9653       -11.0728        19.8243
 16.1441       -12.0496        19.7065
 16.4689       -12.9935        19.7655
  16.966       -12.1359        19.6334
 16.8343        -11.432        18.9354
 16.9441       -11.6819        17.9734
 16.4142       -11.5744        17.1322
 16.1115       -12.1045        16.3401
 15.1404       -12.1471        16.5748
 14.5177       -12.2018        15.7943
 15.1453       -12.9424        16.0346
 15.2573          -12.9        17.0274
 15.5705       -11.9536        17.1072
 15.8057       -11.0323        17.4167
 15.6061        -10.387        16.6793
 16.1466       -10.0814        17.4631
 15.9402       -10.3178        18.4125
 16.6803       -10.7425         18.934
 17.5498       -11.1467        19.2177
 17.9341         -11.69         19.964
 18.7086       -12.1849        20.3581
 18.7832       -13.1262        20.0287
  18.554       -14.0594        19.7519
 18.5806       -14.9768        19.3549
 19.5305       -14.7297        19.1637
 20.0522       -15.2794        18.5113
 20.8891       -14.9381        18.0834
 20.6427       -14.8367        19.0472
 20.0027       -14.1615         19.414
  20.186       -15.0927        19.0988
 19.6835       -15.1565         19.961
 19.7628       -14.9355        20.9331
 19.3186       -15.7986        21.1732
 18.3921       -16.1268        21.3573
 18.7414       -15.2623        20.9961
 19.0872       -16.1995        21.0402
 19.5619       -15.5879        20.4072
 19.7557        -15.471        21.3812
  20.063       -14.8723        22.1209
  19.226       -14.5571        22.5682
 19.9654       -14.7575         23.211
  20.148       -15.1568        24.1094
 19.2626       -14.7114         23.976
 18.4355       -14.3791        23.5228
 17.9104       -14.2267        22.6855
 18.8944       -14.0501        22.6662
 18.2396       -13.3387        22.4109
 19.0292       -12.7687        22.1836
 19.5518       -11.9162        22.1933
 19.8933       -10.9812        22.2889
 19.0361       -11.3025        21.8867
 18.4127       -10.9388        22.5789
 18.8606       -11.8293        22.6599
 18.4826       -11.8913        21.7362
 18.7071       -11.2433        22.4639
 17.9158       -11.8533        22.5052
  17.182       -11.4787         23.072
 16.8583       -12.4248        23.0852
 17.2105       -13.0799        23.7537
  17.018       -13.5831        22.9112
 17.1546       -14.5719        22.8517
 17.6625       -14.4028         22.007
 17.5221        -15.374        22.1995
 18.4975       -15.1554        22.1715
 17.9687       -15.6484        22.8623
 18.6385       -15.2101        23.4617
 18.1192       -15.8042        22.8474
 17.4534       -16.4046        22.4044
 16.6336       -16.6376        22.9276
 17.6008       -16.8474        22.7839
 17.4355       -16.5483         21.844
 17.5777       -15.5773        22.0358
 17.9444       -16.4281        22.4122
 18.0964       -17.2225        21.8242
 18.3275       -16.2504        21.7841
 18.4628       -15.2596        21.7826
 18.0029       -14.6535        21.1337
 18.6192       -14.0074        20.6834
 18.0287       -14.6205        21.2084
 17.2181       -14.6223        20.6228
 16.3886        -14.843        21.1357
 16.5802       -14.8699        22.1168
 17.3897       -15.2901        22.5269
 16.7594       -14.5212        22.6341
  17.457       -13.9786        22.1662
 17.8518       -13.0902        22.4005
 17.1359       -12.5893        21.9141
 17.3036       -13.3759        21.3198
 16.5068       -13.9298        21.5612
 15.9567       -13.1409        21.8351
 15.9457       -12.8533        22.7928
 16.2939       -12.6102        23.6982
 16.9983       -12.1719          23.14
 16.1913       -11.8886        22.6218
 15.8757       -11.2869        21.8881
 15.1963       -10.9053        22.5148
 14.4892       -11.5215        22.1679
 14.4279        -12.515        22.0721
 15.1519       -11.8294        21.9958
 14.4972       -12.5829        21.9366
 14.4032       -12.6561        20.9437
 14.6717       -13.4318        21.5148
 15.2319       -14.1299        21.0688
 14.4508       -13.8452        20.5131
 15.1648       -13.1519        20.6116
 15.2922       -12.1986        20.3378
 14.8077       -12.3825        19.4825
 15.7333       -12.0078        19.5357
 16.6627       -11.9115        19.8921
  16.361       -11.9728        20.8435
 16.9259       -11.1491        20.8914
 16.5446       -11.6097        21.6929
  16.196       -10.9153        21.0634
 16.9925       -10.5151        21.5168
 16.0424       -10.2124        21.4413
 16.4941       -9.88471        20.6114
 16.8776       -9.05142        20.2133
  15.917       -8.83728        20.3905
 15.4094       -8.26446         19.747
 15.8757       -7.81828        18.9831
 15.4907        -6.8958        19.0112
 15.8461       -7.82881        18.9545
 15.3196       -7.11666        18.4901
   14.66       -6.53665        18.0121
 14.7506       -7.40991        17.5334
