#BEST_LENGTH_HISTORY
14.619
14.1375
13.8248
12.6374
12.496
12.0338
11.727
11.4006
10.6408
10.1878
10.111
9.30287
9.07408
9.07408
8.99522
8.99522
8.9667
8.94523
8.34337
8.14824
8.14824
8.14824
8.04327
7.97039
7.92808
7.92808
7.92808
7.92808
7.92808
7.92808
7.86357
7.86357
7.79934
7.79934
7.79934
7.79934
7.79934
7.77923
7.77923
7.77923
7.75653
7.7186
7.7186
7.71654
7.71654
7.71654
7.49887
7.49887
7.49887
7.49887
7.49887
7.33865
7.33865
7.33865
7.33643
7.33643
7.33643
7.31544
7.31544
7.31544
7.31544
7.01471
7.01471
6.87586
6.84416
6.8362
6.8362
6.8362
6.8362
6.75686
6.75686
6.74415
6.5292
6.5292
6.5292
6.5292
6.50077
6.50077
6.50077
6.50077
6.50077
6.50077
6.50077
6.50077
6.50077
6.50077
6.50077
6.47478
6.46107
6.46107
6.46107
6.46107
6.46107
6.46107
6.36893
6.36893
6.31685
6.31685
6.07629
6.07629
6.07629
5.85735
5.85735
5.70029
5.70029
5.70029
5.67491
5.67491
5.65334
5.65334
5.6115
5.59979
5.59979
5.59979
5.58397
5.58397
5.58397
5.58397
5.56711
5.56711
5.56711
5.56711
5.56711
5.53761
5.51985
5.51985
5.51985
5.51985
5.51985
5.51985
5.51985
5.51985
5.51985
5.51985
5.46549
5.46549
5.46549
5.46549
5.44483
5.44483
5.44483
5.44483
5.42247
5.35354
5.2632
5.2632
5.2632
5.2632
5.0961
5.0961
5.0961
5.0961
5.0961
5.0961
5.0961
5.0961
5.0961
5.0961
5.0961
5.07283
5.07283
5.07283
5.07283
5.07283
5.07283
5.07283
5.07283
5.07283
5.07283
5.07283
5.07283
5.07283
5.07283
5.07283
5.07283
5.07283
5.07283
5.07283
5.07283
5.07283
5.07283
5.07283
5.07283
5.07283
5.07283
5.07283
5.07283
5.07283
5.07283
5.07283
5.07283
5.07283
5.07283
5.07283
5.07283
5.07283
5.07283
5.07283
5.07283
5.07283
