#HALF_LENGTH_HISTORY
17.9429
17.3944
16.8936
16.6584
16.2094
15.9699
15.7046
15.5198
15.1932
14.9431
14.6616
14.4182
14.2124
14.0561
13.9434
13.9439
13.7307
13.7466
13.6976
13.5258
13.2383
13.2497
13.1418
12.9968
13.0115
12.974
12.8309
13.0133
13.1028
13.0831
12.972
12.7556
12.9617
12.9625
13.017
13.0637
12.9429
12.9421
13.055
12.9821
12.763
12.7472
12.7046
12.7787
12.6889
12.6058
12.6681
12.7189
12.5738
12.4988
12.5743
12.6878
12.5592
12.602
12.6575
12.6154
12.4181
12.3023
12.3321
12.6097
12.3015
12.2278
12.3563
12.2877
12.1889
12.2488
12.0946
12.2264
12.3081
12.1292
12.2163
12.1228
12.2485
12.3844
12.365
12.2913
12.2226
12.2994
12.1273
11.9165
11.8227
12.0724
12.0132
11.8611
12.2571
11.8523
11.6717
11.7677
11.8287
11.7092
11.7294
11.5517
11.7207
11.7391
12.0103
11.883
12.0908
12.0771
12.0103
11.9958
11.9794
11.6824
11.8095
11.6055
11.5556
11.7103
11.6416
11.3321
11.6251
11.4771
11.4505
11.301
11.3212
11.3086
11.5257
11.4924
11.5101
11.5412
11.4209
11.4674
11.2753
11.2148
11.3461
11.2845
11.2553
11.2475
11.313
11.2671
11.5466
11.6632
11.4287
11.6763
11.7589
11.4953
11.4497
11.3585
11.2339
11.307
11.3391
11.2431
11.4142
11.4225
11.4132
11.252
10.9547
11.0821
11.1012
11.0572
11.0355
11.1013
11.2448
11.1383
11.1815
11.329
11.2173
11.197
11.2055
11.0788
10.9925
11.3318
11.0306
10.9403
11.2185
11.38
11.0483
11.0663
11.2421
11.0912
11.2103
11.0632
11.196
11.3217
11.3174
11.3575
11.4118
11.1431
10.9965
10.9165
10.8723
10.9448
10.8094
10.921
11.0038
10.9948
10.9536
10.9611
11.1073
11.1599
11.3362
10.9696
10.9495
11.0425
10.9473
11.1161
11.0525
11.0372
11.351
11.1748
11.2614
11.0731
