                 0                 0                 0                 0
         0.0256496                 0                 0                 0
         0.0512993                 0                 0                 0
         0.0769489                 0                 0                 0
          0.102599                 0                 0                 0
          0.128248                 0                 0                 0
          0.153898                 0                 0                 0
          0.179547                 0                 0                 0
          0.205197                 0                 0                 0
          0.230847                 0                 0                 0
          0.256496                 0                 0                 0
          0.282146                 0                 0                 0
          0.307796                 0                 0                 0
          0.333445                 0                 0                 0
          0.359095                 0                 0                 0
          0.384745                 0                 0                 0
          0.410394                 0                 0                 0
          0.436044                 0                 0                 0
          0.461694                 0                 0                 0
          0.487343                 0                 0                 0
          0.512993                 0                 0                 0
          0.538642                 0                 0                 0
          0.564292                 0                 0                 0
          0.589942                 0                 0                 0
          0.615591                 0                 0                 0
          0.641241                 0                 0                 0
          0.666891                 0                 0                 0
           0.69254                 0                 0                 0
           0.71819                 0                 0                 0
           0.74384                 0                 0                 0
          0.769489                 0                 0                 0
          0.795139                 0                 0                 0
          0.820788                 0                 0                 0
          0.846438                 0            0.0002       0.000198997
          0.872088              0.02             0.029        0.00395348
          0.897737              0.48             0.572         0.0180975
          0.923387               3.7            4.0148         0.0685627
          0.949037             15.24           14.4192          0.132043
          0.974686             32.82           32.5042          0.201939
           1.00034             54.28            53.565          0.244355
           1.02599             70.54           69.8756          0.227559
           1.05164                77           80.3206          0.194946
           1.07728             85.52           84.1216          0.218105
           1.10293             82.88           83.1068          0.207686
           1.12858             77.62           79.7076          0.253695
           1.15423             73.54           74.7804          0.256235
           1.17988             70.66           69.5468          0.267564
           1.20553              63.2            64.539          0.242214
           1.23118              62.9           60.2478          0.252022
           1.25683              56.5           55.9656           0.19188
           1.28248             52.96           52.4578          0.196108
           1.30813             50.12             49.87          0.195429
           1.33378             47.42           47.8968          0.173809
           1.35943              46.8           45.9396          0.197961
           1.38508             44.34           44.5202          0.186366
           1.41073             43.98           44.2274          0.182221
           1.43638             44.86           43.5094          0.205444
           1.46203              40.6            43.294          0.195923
           1.48768             41.38           43.6376          0.197065
           1.51333             44.78           44.2796          0.185496
           1.53898             45.94           45.1784          0.230677
           1.56463             44.84           46.6844          0.226961
           1.59028             48.44           48.3874          0.233873
           1.61593             53.02           50.7012          0.250095
           1.64158             53.44           53.3628           0.25616
           1.66723             55.26           56.7306          0.233573
           1.69288             59.54           60.4706          0.268701
           1.71853             65.24           64.8348          0.254613
           1.74418             69.38           69.6492          0.252896
           1.76983             72.46             74.87          0.268883
           1.79547             80.02           80.8964          0.275182
           1.82112              86.5           87.2032          0.307437
           1.84677             98.34           93.2686          0.322654
           1.87242            106.38           100.281          0.275034
           1.89807            106.78           107.183          0.308223
           1.92372             115.3           113.876          0.297392
           1.94937            125.28           120.821           0.30812
           1.97502             127.2           127.313          0.261009
           2.00067            135.36           133.349          0.322376
           2.02632            140.82           139.154          0.330014
           2.05197            138.88           144.442          0.340426
           2.07762            148.04           148.187          0.314738
           2.10327            146.64           151.083          0.350114
           2.12892             153.6           152.992          0.326236
           2.15457            152.54           153.913          0.355462
           2.18022             152.5           154.365          0.384409
           2.20587            148.72            154.63          0.437582
           2.23152            150.46           154.273          0.411905
           2.25717            154.04           153.456          0.409534
           2.28282            151.76           153.397          0.388871
           2.30847             152.4           152.696          0.403293
           2.33412            147.16           152.952          0.454794
           2.35977            152.12           152.888          0.388634
           2.38542            154.42           152.531          0.347941
           2.41107            152.54           153.124           0.36539
           2.43672             153.5           153.846          0.374249
           2.46237             154.2           155.426          0.395208
           2.48802            154.46           156.052          0.393449
           2.51366            159.02           157.374          0.392904
           2.53931            158.82           161.002          0.419288
